[0.3506109]
[0.33678684]
[0.33678684]
[0.33678684]
[0.33678684]
[0.33678684]
[0.33678684]
[0.33678684]
[0.33678684]
[0.33678684]
[0.33678684]
[0.33678684]
[0.33678684]
[0.33678684]
[0.33678684]
[0.33678684]
[0.33678684]
[0.33678684]
[0.33678684]
[0.33678684]
[0.33678684]
[0.33678684]
[0.33678684]
[0.33678684]
[0.33678684]
[0.33678684]
[0.33678684]
[0.33678684]
[0.33678684]
[0.33678684]
[0.33678684]
[0.33678684]
[0.33678684]
[0.33678684]
[0.33678684]
[0.33678684]
[0.33678684]
[0.33678684]
[0.33678684]
[0.33678684]
[0.33678684]
[0.33678684]
[0.33678684]
[0.33678684]
[0.33678684]
[0.37295663]
[0.33678684]
[0.33678684]
[0.33678684]
[0.33678684]
[0.33678684]
[0.33678684]
[0.33678684]
[0.33678684]
[0.33678684]
[0.33678684]
[0.33678684]
[0.33678684]
[0.33678684]
[0.33678684]
[0.33678684]
[0.33678684]
[0.33678684]
[0.33678684]
[0.33678684]
[0.33678684]
[0.33678684]
[0.33678684]
[0.33678684]
[0.33678684]
[0.33678684]
[0.33678684]
[0.33678684]
[0.33678684]
[0.33678684]
[0.33678684]
[0.33678684]
[0.33678684]
[0.33678684]
[0.33678684]
[0.33678684]
[0.33678684]
[0.33678684]
[0.33678684]
[0.33678684]
[0.33678684]
[0.33678684]
[0.33678684]
[0.33678684]
[0.33678684]
[0.33678684]
[0.33678684]
[0.33678684]
[0.33678684]
[0.33678684]
[0.33678684]
[0.33678684]
[0.33678684]
[0.33678684]
[0.33678684]
[0.33678684]
[0.33678684]
[0.33678684]
[0.33678684]
[0.33678684]
[0.33678684]
[0.33678684]
[0.33678684]
[0.33678684]
[0.33678684]
[0.33678684]
[0.33678684]
[0.33678684]
[0.33678684]
[0.33678684]
[0.33678684]
[0.33678684]
[0.33678684]
[0.33678684]
[0.33678684]
[0.33678684]
[0.33678684]
[0.33678684]
[0.33678684]
[0.33678684]
[0.33678684]
[0.33678684]
[0.33678684]
[0.33678684]
[0.33678684]
[0.33678684]
[0.33678684]
[0.33678684]
[0.33678684]
[0.33678684]
[0.33678684]
[0.3938468]
[0.33678684]
[0.33678684]
[0.33678684]
[0.33678684]
[0.33678684]
[0.33678684]
[0.33678684]
[0.33678684]
[0.33678684]
[0.33678684]
[0.33678684]
[0.33678684]
[0.33678684]
[0.33678684]
[0.33678684]
[0.33678684]
[0.33678684]
[0.33678684]
[0.33678684]
[0.33678684]
[0.33678684]
[0.33678684]
[0.33678684]
[0.33678684]
[0.33678684]
[0.33678684]
[0.33678684]
[0.33678684]
[0.33678684]
[0.33678684]
[0.37544277]
[0.33678684]
[0.33678684]
[0.33678684]
[0.4446023]
[0.33678684]
[0.33678684]
[0.33678684]
[0.33678684]
[0.33678684]
[0.33678684]
[0.33678684]
[0.33678684]
[0.33678684]
[0.33678684]
[0.33678684]
[0.33678684]
[0.33678684]
[0.33678684]
[0.33678684]
[0.33678684]
[0.33678684]
[0.33678684]
[0.33678684]
[0.33678684]
[0.33678684]
[0.33678684]
[0.33678684]
[0.33678684]
[0.33678684]
[0.33678684]
[0.39200604]
[0.33678684]
[0.33678684]
[0.33678684]
[0.33678684]
[0.34430045]
[0.33678684]
[0.33678684]
[0.33678684]
[0.33678684]
[0.33678684]
[0.33678684]
[0.33678684]
[0.33678684]
[0.33678684]
[0.33678684]
[0.33678684]
[0.33678684]
[0.33678684]
[0.33678684]
[0.33678684]
[0.33678684]
[0.33678684]
[0.33678684]
[0.33678684]
[0.33678684]
[0.33678684]
[0.33678684]
[0.33678684]
[0.33678684]
[0.33678684]
[0.33678684]
[0.33678684]
[0.34024894]
[0.33678684]
[0.33678684]
[0.33678684]
[0.33678684]
[0.39949852]
[0.33678684]
[0.33678684]
[0.33678684]
[0.33678684]
[0.33678684]
[0.33678684]
[0.33678684]
[0.33678684]
[0.33678684]
[0.33678684]
[0.33678684]
[0.33678684]
[0.33678684]
[0.33678684]
[0.33678684]
[0.33678684]
[0.33678684]
[0.33678684]
[0.33678684]
[0.33678684]
[0.33678684]
[0.33678684]
[0.33678684]
[0.33678684]
[0.33678684]
[0.33678684]
[0.33678684]
[0.33678684]
[0.33678684]
[0.33678684]
[0.33678684]
[0.33678684]
[0.33678684]
[0.33678684]
[0.33678684]
[0.33678684]
[0.33678684]
[0.33678684]
[0.33678684]
[0.33678684]
[0.33678684]
[0.33678684]
[0.33678684]
[0.33678684]
[0.33678684]
[0.33678684]
[0.33678684]
[0.33678684]
[0.33678684]
[0.33678684]
[0.33678684]
[0.33785424]
[0.33678684]
[0.33678684]
[0.33678684]
[0.33678684]
[0.33678684]
[0.33678684]
[0.33678684]
[0.33678684]
[0.33678684]
[0.33678684]
[0.33678684]
[0.33678684]
[0.33678684]
[0.33678684]
[0.33678684]
[0.33678684]
[0.33678684]
[0.33678684]
[0.33678684]
[0.33678684]
[0.33678684]
[0.33678684]
[0.33678684]
[0.33678684]
[0.33678684]
[0.33678684]
[0.33678684]
[0.33678684]
[0.33678684]
[0.33678684]
[0.33678684]
[0.33678684]
[0.33678684]
[0.33678684]
[0.33678684]
[0.33678684]
[0.33678684]
[0.33678684]
[0.33678684]
[0.33678684]
[0.33678684]
[0.33678684]
[0.33678684]
[0.33678684]
[0.33678684]
[0.33678684]
[0.33678684]
[0.33678684]
[0.33678684]
[0.33678684]
[-0.09918978]
[0.33678684]
[0.33678684]
[0.33678684]
[0.33678684]
[0.33678684]
[0.33678684]
[0.33678684]
[0.33678684]
[0.33678684]
[0.33678684]
[0.33678684]
[0.33678684]
[0.33678684]
[0.33678684]
[0.33678684]
[0.33678684]
[0.33678684]
[0.33678684]
[0.33678684]
[0.33678684]
[0.33678684]
[0.33678684]
[0.33678684]
[0.33678684]
[0.33678684]
[0.33678684]
[0.33678684]
[0.33678684]
[0.33678684]
[0.33678684]
[0.33678684]
[0.33678684]
[0.33678684]
[0.33678684]
[0.33678684]
[0.33678684]
[0.33678684]
[0.33678684]
[0.33678684]
[0.33678684]
[0.33678684]
[0.33678684]
[0.33678684]
[0.33678684]
[0.33678684]
[0.33678684]
[0.33678684]
[0.33678684]
[0.33678684]
[0.33678684]
[0.33678684]
[0.33678684]
[0.33678684]
[0.33678684]
[0.33678684]
[0.33678684]
[0.33678684]
[0.33678684]
[0.33678684]
[0.33678684]
[0.33678684]
[0.33678684]
[0.33678684]
[0.33678684]
[0.33678684]
[0.33678684]
[0.33678684]
[0.33678684]
[0.33678684]
[0.33678684]
[0.33678684]
[0.33678684]
[0.33678684]
[0.33678684]
[0.33678684]
[0.33678684]
[0.33678684]
[0.33678684]
[0.33678684]
[0.33678684]
[0.33678684]
[0.33678684]
[0.33678684]
[0.33678684]
[0.33678684]
[0.33678684]
[0.33678684]
[0.33678684]
[0.33678684]
[0.33678684]
[0.33678684]
[0.33678684]
[0.33678684]
[0.33678684]
[0.33678684]
[0.33678684]
[0.33678684]
[0.33678684]
[0.33678684]
[0.33678684]
[0.33678684]
[0.33678684]
[0.33678684]
[0.33678684]
[0.33678684]
[0.33678684]
[0.33678684]
[0.33678684]
[0.33678684]
[0.33678684]
[0.33678684]
[0.33678684]
[0.32200965]
[0.33678684]
[0.33678684]
[0.33678684]
[0.33678684]
[0.33678684]
[0.33678684]
[0.33678684]
[0.33678684]
[0.36514857]
[0.33678684]
[0.33678684]
[0.33678684]
[0.33678684]
[0.33678684]
[0.33678684]
[0.33678684]
[0.33678684]
[0.33678684]
[0.33678684]
[0.33678684]
[0.33678684]
[0.33678684]
[0.33678684]
[0.33678684]
[0.33678684]
[0.33678684]
[0.33678684]
[0.33678684]
[0.33678684]
[0.33678684]
[0.33678684]
[0.33678684]
[0.33678684]
[0.33678684]
[0.33678684]
[0.33678684]
[0.33678684]
[0.33678684]
[0.33678684]
[0.33678684]
[0.33678684]
[0.33678684]
[0.33678684]
[0.33678684]
[0.33678684]
[0.33678684]
[0.33678684]
[0.33678684]
[0.33678684]
[0.33678684]
[0.33678684]
[0.33678684]
[0.33678684]
[0.33678684]
[0.33678684]
[0.33678684]
[0.33678684]
[0.33678684]
[0.33678684]
[0.33678684]
[0.33678684]
[0.33678684]
[0.33678684]
[0.33678684]
[0.33678684]
[0.33678684]
[0.33011466]
[0.33678684]
[0.33678684]
[0.33678684]
[0.33678684]
[0.33678684]
[0.33678684]
[0.33678684]
[0.33678684]
[0.33678684]
[0.33678684]
[0.33678684]
[0.33678684]
[0.33678684]
[0.33678684]
[0.33678684]
[0.33678684]
[0.33678684]
[0.33678684]
[0.33678684]
[0.33678684]
[0.33678684]
[0.33678684]
[0.3530957]
[0.33678684]
[0.33678684]
[0.33678684]
[0.33678684]
[0.33678684]
[0.33678684]
[0.33678684]
[0.33678684]
[0.33678684]
[0.33678684]
[0.33678684]
[0.33678684]
[0.33678684]
[0.33678684]
[0.33678684]
[0.33678684]
[0.33678684]
[0.33678684]
[0.33678684]
[0.33678684]
[0.33678684]
[0.33678684]
[0.33678684]
[0.33678684]
[0.33678684]
[0.33678684]
[0.33678684]
[0.33678684]
[0.33678684]
[0.33678684]
[0.33678684]
[0.33678684]
[0.33678684]
[0.33678684]
[0.36526132]
[0.33678684]
[0.33678684]
[0.33678684]
[0.33678684]
[0.33678684]
[0.33678684]
[0.33678684]
[0.33678684]
[0.33678684]
[0.33678684]
[0.33678684]
[0.33678684]
[0.33678684]
[0.33678684]
[0.33678684]
[0.33678684]
[0.3919776]
[0.33678684]
[0.33678684]
[0.33678684]
[0.33678684]
[0.33678684]
[0.33678684]
[0.33678684]
[0.33678684]
[0.33678684]
[0.33678684]
[0.33678684]
[0.33678684]
[0.33678684]
[0.33678684]
[0.33678684]
[0.33678684]
[0.33678684]
[0.33678684]
[0.33678684]
[0.33678684]
[0.33678684]
[0.33678684]
[0.33678684]
[0.33678684]
[0.33678684]
[0.33678684]
[0.33678684]
[0.33678684]
[0.33678684]
[0.33678684]
[0.33678684]
[0.33678684]
[0.33678684]
[0.33678684]
[0.33678684]
[0.33678684]
[0.33678684]
[0.33678684]
[0.33678684]
[0.33678684]
[0.33678684]
[0.33678684]
[0.33678684]
[0.33678684]
[0.33678684]
[0.33678684]
[0.33678684]
[0.33678684]
[0.33678684]
[0.33678684]
[0.33678684]
[0.33678684]
[0.33678684]
[0.33678684]
[0.33678684]
[0.33678684]
[0.35956767]
[0.33678684]
[0.33678684]
[0.33678684]
[0.33678684]
[0.33678684]
[0.33678684]
[0.33678684]
[0.33678684]
[0.33678684]
[0.33678684]
[0.33678684]
[0.33678684]
[0.33678684]
[0.33678684]
[0.33678684]
[0.33678684]
[0.33678684]
[0.33678684]
[0.33678684]
[0.33678684]
[0.33678684]
[0.33678684]
[0.33678684]
[0.33678684]
[0.33678684]
[0.33678684]
[0.33678684]
[0.33678684]
[0.38810158]
[0.33678684]
[0.33678684]
[0.33678684]
[0.33678684]
[0.35597506]
[0.33678684]
[0.33678684]
[0.33678684]
[0.33678684]
[0.33678684]
[0.33678684]
[0.33678684]
[0.33678684]
[0.33678684]
[0.33678684]
[0.33678684]
[0.33678684]
[0.33678684]
[0.33678684]
[0.33678684]
[0.33678684]
[0.33678684]
[0.33678684]
[0.33678684]
[0.33678684]
[0.33678684]
[0.33678684]
[0.33678684]
[0.33678684]
[0.33678684]
[0.33678684]
[0.33678684]
[0.33678684]
[0.33678684]
[0.33678684]
[0.33678684]
[0.40028745]
[0.33678684]
[0.33678684]
[0.33678684]
[0.33678684]
[0.33678684]
[0.33678684]
[0.33678684]
[0.33678684]
[0.33678684]
[0.33678684]
[0.33678684]
[0.33678684]
[0.33678684]
[0.33678684]
[0.33678684]
[0.33678684]
[0.33678684]
[0.425604]
[0.33678684]
[0.33678684]
[0.33678684]
[0.33678684]
[0.33678684]
[0.33678684]
[0.33678684]
[0.33678684]
[0.33678684]
[0.33678684]
[0.33678684]
[0.33678684]
[0.33678684]
[0.33678684]
[0.33678684]
[0.33678684]
[0.33678684]
[0.33678684]
[0.33678684]
[0.33678684]
[0.33678684]
[0.33678684]
[0.33678684]
[0.33678684]
[0.33678684]
[0.33678684]
[0.33678684]
[0.33678684]
[0.33678684]
[0.33678684]
[0.33678684]
[0.33678684]
[0.33678684]
[0.33678684]
[0.33678684]
[0.33678684]
[0.33678684]
[0.33678684]
[0.33678684]
[0.33678684]
[0.33678684]
[0.33678684]
[0.33678684]
[0.33678684]
[0.33678684]
[0.33678684]
[0.33678684]
[0.33678684]
[0.33678684]
[0.33678684]
[0.33678684]
[0.33678684]
[0.33678684]
[0.33678684]
[0.33678684]
[0.33678684]
[0.33678684]
[0.33678684]
[0.33678684]
[0.33678684]
[0.3764408]
[0.33678684]
[0.33678684]
[0.33678684]
[0.33678684]
[0.33678684]
[0.33678684]
[0.33678684]
[0.33678684]
[0.33678684]
[0.33678684]
[0.33678684]
[0.33678684]
[0.33678684]
[0.33678684]
[0.33678684]
[0.33678684]
[0.33678684]
[0.33678684]
[0.33678684]
[0.33678684]
[0.33678684]
[0.33678684]
[0.33678684]
[0.33678684]
[0.33678684]
[0.33678684]
[0.33678684]
[0.33678684]
[0.33678684]
[0.37975818]
[0.33678684]
[0.33678684]
[0.33678684]
[0.33678684]
[0.33678684]
[0.33678684]
[0.33678684]
[0.33678684]
[0.33678684]
[0.33678684]
[0.33678684]
[0.33678684]
[0.33678684]
[0.33678684]
[0.33678684]
[0.33678684]
[0.33678684]
[0.33678684]
[0.33678684]
[0.33678684]
[0.33678684]
[0.33678684]
[0.33678684]
[0.33678684]
[0.33678684]
[0.33678684]
[0.33678684]
[0.33678684]
[0.33678684]
[0.33678684]
[0.33678684]
[0.33678684]
[0.33678684]
[0.33678684]
[0.33678684]
[0.33678684]
[0.33678684]
[0.33678684]
[0.33678684]
[0.33678684]
[0.33678684]
[0.33678684]
[0.33678684]
[0.33678684]
[0.33678684]
[0.33678684]
[0.33678684]
[0.33678684]
[0.33678684]
[0.33678684]
[0.33678684]
[0.33678684]
[0.33678684]
[0.33678684]
[0.33678684]
[0.33678684]
[0.33678684]
[0.33678684]
[0.33678684]
[0.29826546]
[0.33678684]
[0.33678684]
[0.33678684]
[0.33678684]
[0.33678684]
[0.33678684]
[0.33678684]
[0.33678684]
[0.33678684]
[0.33678684]
[0.33678684]
[0.33678684]
[0.33678684]
[0.33678684]
[0.33678684]
[0.38392618]
[0.33678684]
[0.33678684]
[0.33678684]
[0.33678684]
[0.33678684]
[0.33678684]
[0.33678684]
[0.33678684]
[0.33678684]
[0.33678684]
[0.33678684]
[0.33678684]
[0.33678684]
[0.33678684]
[0.33678684]
[0.33678684]
[0.33678684]
[0.33678684]
[0.33678684]
[0.33678684]
[0.33678684]
[0.33678684]
[0.33678684]
[0.33678684]
[0.33678684]
[0.33678684]
[0.33678684]
[0.33678684]
[0.33678684]
[0.33678684]
[0.33678684]
[0.37551966]
[0.33678684]
[0.33678684]
[0.33678684]
[0.33678684]
[0.33678684]
[0.37793297]
[0.33678684]
[0.33678684]
[0.33678684]
[0.33678684]
[0.33678684]
[0.33678684]
[0.33678684]
[0.33678684]
[0.33678684]
[0.33678684]
[0.33678684]
[0.33678684]
[0.33678684]
[0.33678684]
[0.33678684]
[0.33678684]
[0.33678684]
[0.33678684]
[0.33678684]
[0.33678684]
[0.33678684]
[0.33678684]
[0.33678684]
[0.33678684]
[0.33678684]
[0.33678684]
[0.33678684]
[0.33678684]
[0.33678684]
[0.33678684]
[0.33678684]
[0.33678684]
[0.33678684]
[0.33678684]
[0.33678684]
[0.33678684]
[0.33678684]
[0.33678684]
[0.33678684]
[0.33678684]
[0.33678684]
[0.33678684]
[0.33678684]
[0.33678684]
[0.33678684]
[0.33678684]
[0.33678684]
[0.33678684]
[0.33678684]
[0.33678684]
[0.33678684]
[0.33678684]
[0.33678684]
[0.33678684]
[0.33678684]
[0.33678684]
[0.33678684]
[0.33678684]
[0.33678684]
[0.34656888]
[0.34656888]
[0.34656888]
[0.34656888]
[0.34656888]
[0.34656888]
[0.34656888]
[0.34656888]
[0.34656888]
[0.34656888]
[0.34656888]
[0.34656888]
[0.40510345]
[0.34656888]
[0.34656888]
[0.34656888]
[0.34656888]
[0.34656888]
[0.34656888]
[0.34656888]
[0.34656888]
[0.34656888]
[0.34656888]
[0.34656888]
[0.34656888]
[0.34656888]
[0.34656888]
[0.34656888]
[0.34656888]
[0.34656888]
[0.34656888]
[0.39580148]
[0.34656888]
[0.36739475]
[0.34656888]
[0.34656888]
[0.34656888]
[0.34656888]
[0.34656888]
[0.34656888]
[0.34656888]
[0.34656888]
[0.34656888]
[0.34656888]
[0.34656888]
[0.34656888]
[0.34656888]
[0.34656888]
[0.34656888]
[0.34656888]
[0.34656888]
[0.34656888]
[0.34656888]
[0.34656888]
[0.34656888]
[0.34656888]
[0.34656888]
[0.34656888]
[0.34656888]
[0.34656888]
[0.34656888]
[0.34656888]
[0.34656888]
[0.34656888]
[0.36972606]
[0.34656888]
[0.34656888]
[0.34656888]
[0.34656888]
[0.34656888]
[0.34656888]
[0.34656888]
[0.34656888]
[0.34656888]
[0.34656888]
[0.34656888]
[0.34656888]
[0.34656888]
[0.34656888]
[0.34656888]
[0.34656888]
[0.34656888]
[0.34656888]
[0.34656888]
[0.34656888]
[0.34656888]
[0.34656888]
[0.34656888]
[0.34656888]
[0.34656888]
[0.34656888]
[0.34656888]
[0.34656888]
[0.34656888]
[0.34656888]
[0.34656888]
[0.34656888]
[0.34656888]
[0.34656888]
[0.34656888]
[0.34344354]
[0.34656888]
[0.34656888]
[0.34656888]
[0.34656888]
[0.34656888]
[0.34656888]
[0.34656888]
[0.34656888]
[0.34656888]
[0.34656888]
[0.34656888]
[0.34656888]
[0.34656888]
[0.34656888]
[0.34656888]
[0.34656888]
[0.34656888]
[0.34656888]
[0.42447212]
[0.34656888]
[0.34656888]
[0.34656888]
[0.34656888]
[0.34656888]
[0.34656888]
[0.34656888]
[0.34656888]
[0.34656888]
[0.34656888]
[0.34656888]
[0.34656888]
[0.34656888]
[0.34656888]
[0.34656888]
[0.34656888]
[0.34656888]
[0.34656888]
[0.34656888]
[0.34656888]
[0.34656888]
[0.34656888]
[0.34656888]
[0.34656888]
[0.34656888]
[0.34656888]
[0.34656888]
[0.34656888]
[0.34656888]
[0.34656888]
[0.34656888]
[0.34656888]
[0.34656888]
[0.34656888]
[0.34656888]
[0.34656888]
[0.34656888]
[0.34656888]
[0.34656888]
[0.34656888]
[0.34656888]
[0.34656888]
[0.34656888]
[0.34656888]
[0.34656888]
[0.34656888]
[0.34656888]
[0.34656888]
[0.34656888]
[0.34656888]
[0.34656888]
[0.34656888]
[0.34656888]
[0.34656888]
[0.34656888]
[0.34656888]
[0.34656888]
[0.34656888]
[0.34656888]
[0.34656888]
[0.34656888]
[0.34656888]
[0.34656888]
[0.34656888]
[0.34656888]
[0.34656888]
[0.34656888]
[0.34656888]
[0.41795886]
[0.34656888]
[0.34656888]
[0.34656888]
[0.34656888]
[0.34656888]
[0.34656888]
[0.34656888]
[0.34656888]
[0.34656888]
[0.34656888]
[0.34656888]
[0.34656888]
[0.34656888]
[0.34656888]
[0.34656888]
[0.34656888]
[0.34656888]
[0.34656888]
[0.34656888]
[0.34656888]
[0.3711248]
[0.34656888]
[0.34656888]
[0.34656888]
[0.34656888]
[0.34656888]
[0.34656888]
[0.34656888]
[0.34656888]
[0.34656888]
[0.34656888]
[0.34656888]
[0.34656888]
[0.34656888]
[0.34656888]
[0.34656888]
[0.34656888]
[0.34656888]
[0.34656888]
[0.34656888]
[0.34656888]
[0.34656888]
[0.34656888]
[0.34656888]
[0.34656888]
[0.34656888]
[0.34656888]
[0.34656888]
[0.34656888]
[0.34656888]
[0.34656888]
[0.34656888]
[0.34656888]
[0.34656888]
[0.34656888]
[0.34656888]
[0.3771726]
[0.34656888]
[0.34656888]
[0.34656888]
[0.34656888]
[0.34656888]
[0.34656888]
[0.34656888]
[0.34656888]
[0.34656888]
[0.34656888]
[0.34656888]
[0.34656888]
[0.34656888]
[0.34656888]
[0.34656888]
[0.34656888]
[0.34656888]
[0.34656888]
[0.34656888]
[0.34656888]
[0.34656888]
[0.34656888]
[0.34656888]
[0.34656888]
[0.34656888]
[0.34656888]
[0.34656888]
[0.34656888]
[0.34656888]
[0.34656888]
[0.34656888]
[0.34656888]
[0.34656888]
[0.34656888]
[0.34656888]
[0.34656888]
[0.34656888]
[0.34656888]
[0.34656888]
[0.34656888]
[0.34656888]
[0.34656888]
[0.34656888]
[0.34656888]
[0.34656888]
[0.34656888]
[0.34656888]
[0.34656888]
[0.34656888]
[0.34656888]
[0.34656888]
[0.34656888]
[0.34656888]
[0.34656888]
[0.34656888]
[0.34656888]
[0.34656888]
[0.34656888]
[0.34656888]
[0.34656888]
[0.34656888]
[0.34656888]
[0.34656888]
[0.34656888]
[0.34656888]
[0.34656888]
[0.34656888]
[0.34656888]
[0.34656888]
[0.34656888]
[0.34656888]
[0.34656888]
[0.34656888]
[0.34656888]
[0.34656888]
[0.34656888]
[0.34656888]
[0.34656888]
[0.34656888]
[0.34656888]
[0.34656888]
[0.34656888]
[0.34656888]
[0.34656888]
[0.34656888]
[0.34656888]
[0.34656888]
[0.34656888]
[0.34656888]
[0.34656888]
[0.34656888]
[0.34656888]
[0.34656888]
[0.34656888]
[0.34656888]
[0.34656888]
[0.34656888]
[0.34656888]
[0.34656888]
[0.34656888]
[0.34656888]
[0.34656888]
[0.34656888]
[0.34656888]
[0.34656888]
[0.34656888]
[0.34656888]
[0.34656888]
[0.34656888]
[0.34656888]
[0.34656888]
[0.34656888]
[0.34656888]
[0.34656888]
[0.34656888]
[0.34656888]
[0.34656888]
[0.34656888]
[0.34656888]
[0.34656888]
[0.34656888]
[0.34656888]
[0.34656888]
[0.34656888]
[0.34656888]
[0.34656888]
[0.34656888]
[0.34656888]
[0.34656888]
[0.34656888]
[0.34656888]
[0.34656888]
[0.34656888]
[0.34656888]
[0.34656888]
[0.34656888]
[0.31993777]
[0.34656888]
[0.34656888]
[0.34656888]
[0.34656888]
[0.34656888]
[0.34656888]
[0.34656888]
[0.34656888]
[0.34656888]
[0.34656888]
[0.34656888]
[0.34656888]
[0.34656888]
[0.34656888]
[0.34656888]
[0.34656888]
[0.34656888]
[0.34656888]
[0.34656888]
[0.34656888]
[0.34656888]
[0.34656888]
[0.366803]
[0.34656888]
[0.34656888]
[0.34656888]
[0.34656888]
[0.34656888]
[0.34656888]
[0.34656888]
[0.34656888]
[0.34656888]
[0.34656888]
[0.34656888]
[0.34656888]
[0.34656888]
[0.34656888]
[0.34656888]
[0.34656888]
[0.34656888]
[0.34656888]
[0.34656888]
[0.34656888]
[0.34656888]
[0.34656888]
[0.34656888]
[0.34656888]
[0.34656888]
[0.34656888]
[0.34656888]
[0.34656888]
[0.34656888]
[0.34656888]
[0.34656888]
[0.34656888]
[0.34656888]
[0.34656888]
[0.34656888]
[0.34656888]
[0.34656888]
[0.34656888]
[0.34656888]
[0.34656888]
[0.34656888]
[0.34656888]
[0.34656888]
[0.34656888]
[0.34656888]
[0.34656888]
[0.34656888]
[0.34656888]
[0.34656888]
[0.34656888]
[0.34656888]
[0.34656888]
[0.34656888]
[0.34656888]
[0.34656888]
[0.34656888]
[0.34656888]
[0.34656888]
[0.34656888]
[0.34656888]
[0.34656888]
[0.34656888]
[0.34656888]
[0.34656888]
[0.34656888]
[0.34656888]
[0.34656888]
[0.34656888]
[0.34656888]
[0.34656888]
[0.34656888]
[0.34656888]
[0.34656888]
[0.34656888]
[0.34656888]
[0.34656888]
[0.34656888]
[0.34656888]
[0.34656888]
[0.34656888]
[0.34656888]
[0.34656888]
[0.34656888]
[0.34656888]
[0.34656888]
[0.34656888]
[0.34656888]
[0.34656888]
[0.34656888]
[0.34656888]
[0.34656888]
[0.34656888]
[0.34656888]
[0.34656888]
[0.34656888]
[0.34656888]
[0.34656888]
[0.35005683]
[0.34656888]
[0.34656888]
[0.34656888]
[0.34656888]
[0.34656888]
[0.34656888]
[0.34656888]
[0.38741565]
[0.34656888]
[0.34656888]
[0.34656888]
[0.34656888]
[0.34656888]
[0.34656888]
[0.34656888]
[0.34656888]
[0.34656888]
[0.34656888]
[0.34656888]
[0.34656888]
[0.34656888]
[0.36045897]
[0.34656888]
[0.34656888]
[0.34656888]
[0.34656888]
[0.34656888]
[0.34656888]
[0.34656888]
[0.34656888]
[0.34656888]
[0.34656888]
[0.34656888]
[0.34656888]
[0.34656888]
[0.34656888]
[0.34656888]
[0.34656888]
[0.34656888]
[0.34656888]
[0.39886022]
[0.34656888]
[0.34656888]
[0.34656888]
[0.34656888]
[0.34656888]
[0.34656888]
[0.34656888]
[0.34656888]
[0.34656888]
[0.34656888]
[0.34656888]
[0.34656888]
[0.34656888]
[0.34656888]
[0.34656888]
[0.34656888]
[0.34656888]
[0.3647166]
[0.34656888]
[0.34656888]
[0.34656888]
[0.34656888]
[0.34656888]
[0.34656888]
[0.34656888]
[0.34656888]
[0.34656888]
[0.34656888]
[0.34656888]
[0.34656888]
[0.34656888]
[0.34656888]
[0.34656888]
[0.34656888]
[0.34656888]
[0.34656888]
[0.34656888]
[0.34656888]
[0.34656888]
[0.34656888]
[0.34656888]
[0.34656888]
[0.34656888]
[0.34656888]
[0.34656888]
[0.34656888]
[0.34656888]
[0.34656888]
[0.34656888]
[0.34656888]
[0.34656888]
[0.34656888]
[0.34656888]
[0.34656888]
[0.34656888]
[0.34656888]
[0.34656888]
[0.34656888]
[0.34656888]
[0.34656888]
[0.34656888]
[0.34656888]
[0.34656888]
[0.46334267]
[0.34656888]
[0.34656888]
[0.34656888]
[0.34656888]
[0.34656888]
[0.34656888]
[0.34656888]
[0.34656888]
[0.34656888]
[0.34656888]
[0.34656888]
[0.34656888]
[0.38679355]
[0.34656888]
[0.34656888]
[0.34656888]
[0.34656888]
[0.34656888]
[0.34656888]
[0.34656888]
[0.34656888]
[0.34656888]
[0.34656888]
[0.34656888]
[0.34656888]
[0.34656888]
[0.34656888]
[0.34656888]
[0.34656888]
[0.34656888]
[0.34656888]
[0.34656888]
[0.34656888]
[0.34656888]
[0.34656888]
[0.34656888]
[0.34656888]
[0.37325686]
[0.34656888]
[0.34656888]
[0.34656888]
[0.34656888]
[0.34656888]
[0.34656888]
[0.34656888]
[0.34656888]
[0.34656888]
[0.34656888]
[0.34656888]
[0.34656888]
[0.34656888]
[0.34656888]
[0.34656888]
[0.34656888]
[0.34656888]
[0.34656888]
[0.34656888]
[0.34656888]
[0.34656888]
[0.34656888]
[0.34656888]
[0.34656888]
[0.34656888]
[0.34656888]
[0.34656888]
[0.34656888]
[0.34656888]
[0.34656888]
[0.34656888]
[0.34656888]
[0.34656888]
[0.34656888]
[0.34656888]
[0.34656888]
[0.34656888]
[0.34656888]
[0.34656888]
[0.39449018]
[0.34656888]
[0.34656888]
[0.34656888]
[0.34656888]
[0.34656888]
[0.34656888]
[0.34656888]
[0.34656888]
[0.34656888]
[0.34656888]
[0.34656888]
[0.34656888]
[0.34656888]
[0.34656888]
[0.34656888]
[0.34656888]
[0.34656888]
[0.34656888]
[0.34656888]
[0.34656888]
[0.34656888]
[0.34656888]
[0.34656888]
[0.34656888]
[0.34656888]
[0.34656888]
[0.34656888]
[0.34656888]
[0.34656888]
[0.34656888]
[0.36575836]
[0.34656888]
[0.34656888]
[0.34656888]
[0.34656888]
[0.34656888]
[0.34656888]
[0.34656888]
[0.34656888]
[0.34656888]
[0.34656888]
[0.34656888]
[0.34656888]
[0.34656888]
[0.34656888]
[0.34656888]
[0.34656888]
[0.34656888]
[0.34656888]
[0.34656888]
[0.34656888]
[0.34656888]
[0.34656888]
[0.34656888]
[0.34656888]
[0.34656888]
[0.34656888]
[0.3674854]
[0.34656888]
[0.34656888]
[0.34656888]
[0.34656888]
[0.34656888]
[0.34656888]
[0.34656888]
[0.34656888]
[0.34656888]
[0.34656888]
[0.33919066]
[0.34656888]
[0.34656888]
[0.34656888]
[0.34656888]
[0.34656888]
[0.34656888]
[0.34656888]
[0.34656888]
[0.34656888]
[0.34656888]
[0.34656888]
[0.34656888]
[0.34656888]
[0.34656888]
[0.34656888]
[0.34656888]
[0.34656888]
[0.34656888]
[0.34656888]
[0.34656888]
[0.34656888]
[0.34656888]
[0.34656888]
[0.34656888]
[0.3582316]
[0.34656888]
[0.34656888]
[0.34656888]
[0.34656888]
[0.34656888]
[0.34656888]
[0.34656888]
[0.34656888]
[0.34656888]
[0.34656888]
[0.34656888]
[0.34656888]
[0.34656888]
[0.34656888]
[0.34656888]
[0.34656888]
[0.34656888]
[0.34656888]
[0.34656888]
[0.34656888]
[0.34656888]
[0.34656888]
[0.34656888]
[0.34656888]
[0.34656888]
[0.34656888]
[0.38791516]
[0.34656888]
[0.34656888]
[0.34656888]
[0.34656888]
[0.34656888]
[0.34656888]
[0.34656888]
[0.34656888]
[0.34656888]
[0.34656888]
[0.34656888]
[0.34656888]
[0.34656888]
[0.34656888]
[0.34656888]
[0.34656888]
[0.34656888]
[0.34656888]
[0.34656888]
[0.34656888]
[0.34656888]
[0.34656888]
[0.34656888]
[0.34656888]
[0.34656888]
[0.34656888]
[0.34656888]
[0.34656888]
[0.34656888]
[0.34656888]
[0.34656888]
[0.34656888]
[0.34656888]
[0.34656888]
[0.34656888]
[0.34656888]
[0.34656888]
[0.34656888]
[0.34656888]
[0.34656888]
[0.34656888]
[0.34656888]
[0.38412893]
[0.34656888]
[0.34656888]
[0.34656888]
[0.34656888]
[0.34656888]
[0.34656888]
[0.34656888]
[0.34656888]
[0.34656888]
[0.34656888]
[0.34656888]
[0.34656888]
[0.34656888]
[0.34656888]
[0.34656888]
[0.34656888]
[0.34656888]
[0.34656888]
[0.34656888]
[0.34656888]
[0.34656888]
[0.34656888]
[0.34656888]
[0.34656888]
[0.34656888]
[0.34656888]
[0.34656888]
[0.34656888]
[0.34656888]
[0.34656888]
[0.34656888]
[0.34656888]
[0.34656888]
[0.34656888]
[0.34656888]
[0.34656888]
[0.34656888]
[0.34656888]
[0.34656888]
[0.34656888]
[0.34656888]
[0.34656888]
[0.34656888]
[0.34656888]
[0.34656888]
[0.34656888]
[0.34656888]
[0.34656888]
[0.34656888]
[0.34656888]
[0.34656888]
[0.34656888]
[0.34656888]
[0.34656888]
[0.34656888]
[0.34656888]
[0.34656888]
[0.34656888]
[0.34656888]
[0.34656888]
[0.34656888]
[0.34656888]
[0.34656888]
[0.34656888]
[0.38745815]
[0.34656888]
[0.34656888]
[0.34656888]
[0.34656888]
[0.34656888]
[0.34656888]
[0.34656888]
[0.34656888]
[0.34656888]
[0.34656888]
[0.34656888]
[0.34656888]
[0.34656888]
[0.34656888]
[0.34656888]
[0.34656888]
[0.34656888]
[0.34656888]
[0.34656888]
[0.34656888]
[0.34656888]
[0.34656888]
[0.34656888]
[0.34656888]
[0.34656888]
[0.34656888]
[0.34656888]
[0.34656888]
[0.34656888]
[0.34656888]
[0.34656888]
[0.34656888]
[0.34656888]
[0.34656888]
[0.34656888]
[0.34656888]
[0.34656888]
[0.34656888]
[0.34656888]
[0.34656888]
[0.34656888]
[0.34656888]
[0.34656888]
[0.34656888]
[0.34656888]
[0.34656888]
[0.34656888]
[0.34656888]
[0.34656888]
[0.34656888]
[0.34656888]
[0.34656888]
[0.37193784]
[0.34656888]
[0.34656888]
[0.28327346]
[0.34656888]
[0.34656888]
[0.34656888]
[0.34656888]
[0.39525926]
[0.34656888]
[0.34656888]
[0.40941685]
[0.34656888]
[0.34656888]
[0.34656888]
[0.34656888]
[0.34656888]
[0.34656888]
[0.34656888]
[0.34656888]
[0.34656888]
[0.34656888]
[0.34656888]
[0.34656888]
[0.34656888]
[0.34656888]
[0.34656888]
[0.34656888]
[0.34656888]
[0.34656888]
[0.34656888]
[0.34656888]
[0.34656888]
[0.34656888]
[0.34656888]
[0.34656888]
[0.34656888]
[0.34656888]
[0.34656888]
[0.34656888]
[0.34656888]
[0.34656888]
[0.34656888]
[0.34656888]
[0.34656888]
[0.34656888]
[0.34656888]
[0.34656888]
[0.34656888]
[0.34656888]
[0.34656888]
[0.34656888]
[0.34656888]
[0.34656888]
[0.34656888]
[0.34656888]
[0.34656888]
[0.34656888]
[0.34656888]
[0.34656888]
[0.34656888]
[0.3847409]
[0.34656888]
[0.34656888]
[0.34656888]
[0.34656888]
[0.34656888]
[0.34656888]
[0.34656888]
[0.34656888]
[0.34656888]
[0.34656888]
[0.34656888]
[0.34656888]
[0.34656888]
[0.34656888]
[0.34656888]
[0.34656888]
[0.34656888]
[0.34656888]
[0.34656888]
[0.34656888]
[0.34656888]
[0.34656888]
[0.34656888]
[0.34656888]
[0.34656888]
[0.34656888]
[0.34656888]
[0.34656888]
[0.34656888]
[0.34656888]
[0.34656888]
[0.34656888]
[0.34656888]
[0.34656888]
[0.34656888]
[0.34656888]
[0.34656888]
[0.34656888]
[0.34656888]
[0.34656888]
[0.34656888]
[0.34656888]
[0.34656888]
[0.34656888]
[0.34656888]
[0.34656888]
[0.34656888]
[0.34656888]
[0.34656888]
[0.34656888]
[0.34656888]
[0.34656888]
[0.34656888]
[0.34656888]
[0.34656888]
[0.34656888]
[0.34656888]
[0.34656888]
[0.34656888]
[0.34656888]
[0.34656888]
[0.34656888]
[0.34656888]
[0.34656888]
[0.34656888]
[0.34656888]
[0.34656888]
[0.34656888]
[0.3755682]
[0.34656888]
[0.34656888]
[0.34656888]
[0.34656888]
[0.34656888]
[0.34656888]
[0.34656888]
[0.34656888]
[0.34656888]
[0.34656888]
[0.34656888]
[0.34656888]
[0.34656888]
[0.34656888]
[0.34656888]
[0.34656888]
[0.2643661]
[0.34656888]
[0.38947773]
[0.34656888]
[0.34656888]
[0.34656888]
[0.34656888]
[0.34656888]
[0.34656888]
[0.34656888]
[0.34656888]
[0.34656888]
[0.34656888]
[0.34656888]
[0.34656888]
[0.34656888]
[0.34656888]
[0.34656888]
[0.34656888]
[0.34656888]
[0.34656888]
[0.34656888]
[0.34656888]
[0.34656888]
[0.34656888]
[0.34656888]
[0.34656888]
[0.34656888]
[0.34656888]
[0.34656888]
[0.34656888]
[0.34656888]
[0.34656888]
[0.34656888]
[0.34656888]
[0.34656888]
[0.34656888]
[0.34656888]
[0.34656888]
[0.34656888]
[0.34656888]
[0.34656888]
[0.39138836]
[0.34656888]
[0.34656888]
[0.34656888]
[0.34656888]
[0.34656888]
[0.34656888]
[0.34656888]
[0.34656888]
[0.34656888]
[0.34656888]
[0.34656888]
[0.34656888]
[0.34656888]
[0.34656888]
[0.34656888]
[0.34656888]
[0.34656888]
[0.34656888]
[0.34656888]
[0.34656888]
[0.34656888]
[0.34656888]
[0.36691558]
[0.34656888]
[0.34656888]
[0.34656888]
[0.34656888]
[0.34656888]
[0.34656888]
[0.34656888]
[0.34656888]
[0.34656888]
[0.34656888]
[0.34656888]
[0.34656888]
[0.34656888]
[0.34656888]
[0.34656888]
[0.34656888]
[0.34656888]
[0.34656888]
[0.34656888]
[0.34656888]
[0.34656888]
[0.34656888]
[0.34656888]
[0.34656888]
[0.34656888]
[0.34656888]
[0.34656888]
[0.34656888]
[0.34656888]
[0.34656888]
[0.34656888]
[0.34656888]
[0.34656888]
[0.34656888]
[0.34656888]
[0.34656888]
[0.34656888]
[0.34656888]
[0.34656888]
[0.34656888]
[0.34656888]
[0.34656888]
[0.34656888]
[0.34656888]
[0.34656888]
[0.34656888]
[0.34656888]
[0.34656888]
[0.34656888]
[0.34656888]
[0.34656888]
[0.34656888]
[0.34656888]
[0.34656888]
[0.34656888]
[0.34656888]
[0.38243428]
[0.34656888]
[0.34656888]
[0.34656888]
[0.34656888]
[0.34656888]
[0.34656888]
[0.34656888]
[0.34656888]
[0.34656888]
[0.34656888]
[0.34656888]
[0.34656888]
[0.34656888]
[0.34656888]
[0.34656888]
[0.34656888]
[0.34656888]
[0.34656888]
[0.34656888]
[0.34656888]
[0.34656888]
[0.34656888]
[0.34656888]
[0.34656888]
[0.34656888]
[0.34656888]
[0.34656888]
[0.34656888]
[0.34656888]
[0.34656888]
[0.34656888]
[0.34656888]
[0.34656888]
[0.34656888]
[0.34656888]
[0.34656888]
[0.34656888]
[0.34656888]
[0.34656888]
[0.34656888]
[0.34656888]
[0.34656888]
[0.34656888]
[0.3649192]
[0.34656888]
[0.34656888]
[0.34656888]
[0.34656888]
[0.34656888]
[0.34656888]
[0.34656888]
[0.34656888]
[0.34656888]
[0.34656888]
[0.34656888]
[0.34656888]
[0.34656888]
[0.34656888]
[0.34656888]
[0.34656888]
[0.34656888]
[0.34656888]
[0.34656888]
[0.34656888]
[0.34656888]
[0.34656888]
[0.34656888]
[0.34656888]
[0.34656888]
[0.34656888]
[0.34656888]
[0.34656888]
[0.34656888]
[0.34656888]
[0.34656888]
[0.34656888]
[0.34656888]
[0.34656888]
[0.34656888]
[0.34656888]
[0.34656888]
[0.37274677]
[0.34656888]
[0.34656888]
[0.34656888]
[0.42075166]
[0.34656888]
[0.34656888]
[0.34656888]
[0.34656888]
[0.34656888]
[0.34656888]
[0.34656888]
[0.34656888]
[0.34656888]
[0.34656888]
[0.34656888]
[0.34656888]
[0.34656888]
[0.34656888]
[0.34656888]
[0.34656888]
[0.34656888]
[0.34656888]
[0.34656888]
[0.34656888]
[0.34656888]
[0.34656888]
[0.34656888]
[0.34656888]
[0.34656888]
[0.34656888]
[0.34656888]
[0.34656888]
[0.34656888]
[0.34656888]
[0.34656888]
[0.34656888]
[0.34656888]
[0.34656888]
[0.34656888]
[0.34656888]
[0.34656888]
[0.34656888]
[0.34656888]
[0.34656888]
[0.34656888]
[0.34656888]
[0.34656888]
[0.34656888]
[0.34656888]
[0.34656888]
[0.34656888]
[0.34656888]
[0.34656888]
[0.34656888]
[0.34656888]
[0.34656888]
[0.34656888]
[0.34656888]
[0.34656888]
[0.34656888]
[0.34656888]
[0.34656888]
[0.34656888]
[0.34656888]
[0.34656888]
[0.34656888]
[0.34656888]
[0.34656888]
[0.34656888]
[0.36963907]
[0.34656888]
[0.34656888]
[0.34656888]
[0.34656888]
[0.34656888]
[0.34656888]
[0.34656888]
[0.34656888]
[0.34656888]
[0.34656888]
[0.34656888]
[0.34656888]
[0.34656888]
[0.34656888]
[0.34656888]
[0.34656888]
[0.34656888]
[0.34656888]
[0.34656888]
[0.34656888]
[0.34656888]
[0.34656888]
[0.34656888]
[0.34656888]
[0.34656888]
[0.37975633]
[0.34656888]
[0.34656888]
[0.34656888]
[0.34656888]
[0.34656888]
[0.34656888]
[0.34656888]
[0.34656888]
[0.34656888]
[0.34656888]
[0.34656888]
[0.34656888]
[0.34656888]
[0.34656888]
[0.34656888]
[0.34656888]
[0.34656888]
[0.34656888]
[0.34656888]
[0.34656888]
[0.34656888]
[0.34656888]
[0.34656888]
[0.34656888]
[0.34656888]
[0.34656888]
[0.34656888]
[0.34656888]
[0.34376615]
[0.34656888]
[0.34656888]
[0.34656888]
[0.34656888]
[0.34656888]
[0.38965678]
[0.34656888]
[0.3735243]
[0.34656888]
[0.34656888]
[0.34656888]
[0.34656888]
[0.34656888]
[0.34656888]
[0.34656888]
[0.34656888]
[0.34656888]
[0.34656888]
[0.34656888]
[0.34656888]
[0.34656888]
[0.34656888]
[0.34656888]
[0.34656888]
[0.34656888]
[0.34656888]
[0.34656888]
[0.34656888]
[0.34656888]
[0.34656888]
[0.34656888]
[0.34656888]
[0.34656888]
[0.34656888]
[0.34656888]
[0.34656888]
[0.34656888]
[0.34656888]
[0.34656888]
[0.34656888]
[0.34656888]
[0.34656888]
[0.34656888]
[0.34656888]
[0.34656888]
[0.34656888]
[0.34656888]
[0.34656888]
[0.34656888]
[0.34656888]
[0.34656888]
[0.34656888]
[0.34656888]
[0.34656888]
[0.34656888]
[0.34656888]
[0.34656888]
[0.34656888]
[0.34656888]
[0.34656888]
[0.34656888]
[0.38113683]
[0.34656888]
[0.34656888]
[0.34656888]
[0.34656888]
[0.34656888]
[0.34656888]
[0.34656888]
[0.34656888]
[0.34656888]
[0.34656888]
[0.34656888]
[0.34656888]
[0.34656888]
[0.34656888]
[0.3808164]
[0.34656888]
[0.34656888]
[0.34656888]
[0.34656888]
[0.34656888]
[0.34656888]
[0.34656888]
[0.34656888]
[0.34656888]
[0.34656888]
[0.34656888]
[0.34656888]
[0.34656888]
[0.34656888]
[0.34656888]
[0.34656888]
[0.34656888]
[0.34656888]
[0.34656888]
[0.34656888]
[0.34656888]
[0.34656888]
[0.34656888]
[0.34656888]
[0.34656888]
[0.34656888]
[0.34656888]
[0.34656888]
[0.34656888]
[0.34656888]
[0.34656888]
[0.34656888]
[0.34656888]
[0.34656888]
[0.34656888]
[0.34656888]
[0.34656888]
[0.34656888]
[0.34656888]
[0.34656888]
[0.34656888]
[0.34656888]
[0.34656888]
[0.34656888]
[0.34656888]
[0.34656888]
[0.34656888]
[0.34656888]
[0.34656888]
[0.34656888]
[0.34656888]
[0.34656888]
[0.34656888]
[0.34656888]
[0.34656888]
[0.34656888]
[0.34656888]
[0.34656888]
[0.34656888]
[0.34656888]
[0.34656888]
[0.34656888]
[0.34656888]
[0.34656888]
[0.34656888]
[0.34656888]
[0.34656888]
[0.34656888]
[0.34656888]
[0.34656888]
[0.34656888]
[0.34656888]
[0.34656888]
[0.34656888]
[0.34656888]
[0.34656888]
[0.34656888]
[0.34656888]
[0.34656888]
[0.34656888]
[0.34656888]
[0.34656888]
[0.34656888]
[0.34656888]
[0.34656888]
[0.34656888]
[0.34656888]
[0.34656888]
[0.34656888]
[0.34656888]
[0.34656888]
[0.34656888]
[0.34656888]
[0.34656888]
[0.34656888]
[0.37431145]
[0.34656888]
[0.34656888]
[0.34656888]
[0.34656888]
[0.34656888]
[0.34656888]
[0.34656888]
[0.34656888]
[0.34656888]
[0.34656888]
[0.34656888]
[0.34656888]
[0.34656888]
[0.34656888]
[0.34656888]
[0.34656888]
[0.34656888]
[0.34656888]
[0.34656888]
[0.34656888]
[0.34656888]
[0.34656888]
[0.34656888]
[0.34656888]
[0.34656888]
[0.34656888]
[0.3920071]
[0.34656888]
[0.34656888]
[0.34656888]
[0.34656888]
[0.34656888]
[0.34656888]
[0.34656888]
[0.34656888]
[0.34656888]
[0.34656888]
[0.36240533]
[0.40896994]
[0.34656888]
[0.34656888]
[0.34656888]
[0.34656888]
[0.34656888]
[0.34656888]
[0.34656888]
[0.34656888]
[0.34656888]
[0.34656888]
[0.34656888]
[0.34656888]
[0.34656888]
[0.34656888]
[0.34656888]
[0.34656888]
[0.34656888]
[0.34656888]
[0.34656888]
[0.34656888]
[0.34656888]
[0.34656888]
[0.34656888]
[0.34656888]
[0.34656888]
[0.34656888]
[0.34656888]
[0.34656888]
[0.34656888]
[0.34656888]
[0.34656888]
[0.34656888]
[0.34656888]
[0.34656888]
[0.34656888]
[0.34656888]
[0.34656888]
[0.34656888]
[0.34656888]
[0.34656888]
[0.34656888]
[0.34656888]
[0.34265938]
[0.34656888]
[0.34656888]
[0.34656888]
[0.34656888]
[0.34656888]
[0.34656888]
[0.34656888]
[0.34656888]
[0.34656888]
[0.34656888]
[0.34656888]
[0.34656888]
[0.34656888]
[0.34656888]
[0.34656888]
[0.34656888]
[0.34656888]
[0.34656888]
[0.34656888]
[0.34656888]
[0.34656888]
[0.34656888]
[0.34656888]
[0.34656888]
[0.34656888]
[0.34656888]
[0.34656888]
[0.34656888]
[0.34656888]
[0.34656888]
[0.34656888]
[0.34656888]
[0.34656888]
[0.34656888]
[0.34656888]
[0.34656888]
[0.34656888]
[0.34656888]
[0.34656888]
[0.34656888]
[0.34656888]
[0.34656888]
[0.34656888]
[0.34656888]
[0.34656888]
[0.34656888]
[0.34656888]
[0.34656888]
[0.34656888]
[0.34656888]
[0.34656888]
[0.34656888]
[0.34656888]
[0.34656888]
[0.34656888]
[0.34656888]
[0.34656888]
[0.34656888]
[0.34656888]
[0.34656888]
[0.34656888]
[0.34656888]
[0.34656888]
[0.34656888]
[0.34656888]
[0.34656888]
[0.34656888]
[0.34656888]
[0.34656888]
[0.34656888]
[0.34656888]
[0.34656888]
[0.34656888]
[0.34656888]
[0.34656888]
[0.34656888]
[0.34656888]
[0.34656888]
[0.34656888]
[0.34656888]
[0.34656888]
[0.34656888]
[0.34656888]
[0.34656888]
[0.34656888]
[0.34656888]
[0.34656888]
[0.34656888]
[0.34656888]
[0.34656888]
[0.34656888]
[0.34656888]
[0.34656888]
[0.34656888]
[0.34656888]
[0.34656888]
[0.34656888]
[0.34656888]
[0.34656888]
[0.34656888]
[0.34656888]
[0.34656888]
[0.34656888]
[0.34656888]
[0.34656888]
[0.34656888]
[0.34656888]
[0.34656888]
[0.34656888]
[0.34656888]
[0.34656888]
[0.34656888]
[0.34656888]
[0.34656888]
[0.34656888]
[0.34656888]
[0.34656888]
[0.37557122]
[0.34656888]
[0.34656888]
[0.34656888]
[0.34656888]
[0.34656888]
[0.34656888]
[0.34656888]
[0.34656888]
[0.34656888]
[0.34656888]
[0.34656888]
[0.34656888]
[0.34656888]
[0.34656888]
[0.34656888]
[0.34656888]
[0.34656888]
[0.34656888]
[0.34656888]
[0.34656888]
[0.34656888]
[0.34656888]
[0.34656888]
[0.34656888]
[0.34656888]
[0.34656888]
[0.34656888]
[0.34656888]
[0.34656888]
[0.34656888]
[0.34656888]
[0.34656888]
[0.34656888]
[0.34656888]
[0.34656888]
[0.34656888]
[0.34656888]
[0.34656888]
[0.34656888]
[0.34656888]
[0.34656888]
[0.34656888]
[0.34656888]
[0.34656888]
[0.34656888]
[0.34656888]
[0.34656888]
[0.34656888]
[0.34656888]
[0.34656888]
[0.34656888]
[0.34656888]
[0.34656888]
[0.34656888]
[0.34656888]
[0.34656888]
[0.34656888]
[0.34656888]
[0.34656888]
[0.34656888]
[0.34656888]
[0.34656888]
[0.34656888]
[0.34656888]
[0.34656888]
[0.34656888]
[0.34656888]
[0.34656888]
[0.34656888]
[0.34656888]
[0.34656888]
[0.34656888]
[0.34656888]
[0.34656888]
[0.34656888]
[0.34656888]
[0.34656888]
[0.34656888]
[0.34656888]
[0.34656888]
[0.34656888]
[0.34656888]
[0.34656888]
[0.34656888]
[0.34656888]
[0.34656888]
[0.34656888]
[0.34656888]
[0.34656888]
[0.34656888]
[0.34656888]
[0.34656888]
[0.34656888]
[0.34656888]
[0.34656888]
[0.34656888]
[0.34656888]
[0.34656888]
[0.34656888]
[0.34656888]
[0.34656888]
[0.34656888]
[0.34656888]
[0.34656888]
[0.34656888]
[0.34656888]
[0.34656888]
[0.34656888]
[0.34656888]
[0.34656888]
[0.34656888]
[0.34656888]
[0.34656888]
[0.34656888]
[0.34656888]
[0.34656888]
[0.34656888]
[0.34656888]
[0.34656888]
[0.34656888]
[0.34656888]
[0.34656888]
[0.34656888]
[0.34656888]
[0.34656888]
[0.34656888]
[0.34656888]
[0.34656888]
[0.34656888]
[0.34656888]
[0.34656888]
[0.34656888]
[0.34656888]
[0.34656888]
[0.34656888]
[0.34656888]
[0.34656888]
[0.34656888]
[0.34656888]
[0.34656888]
[0.34656888]
[0.34656888]
[0.34656888]
[0.34656888]
[0.34656888]
[0.34656888]
[0.34656888]
[0.34656888]
[0.34656888]
[0.34656888]
[0.34656888]
[0.34656888]
[0.34656888]
[0.34656888]
[0.34656888]
[0.34656888]
[0.34656888]
[0.34656888]
[0.34656888]
[0.34656888]
[0.34656888]
[0.34656888]
[0.34656888]
[0.34656888]
[0.34656888]
[0.34656888]
[0.34656888]
[0.34656888]
[0.34656888]
[0.34656888]
[0.34656888]
[0.34656888]
[0.34656888]
[0.34656888]
[0.34656888]
[0.34656888]
[0.34656888]
[0.34656888]
[0.34656888]
[0.34656888]
[0.34656888]
[0.34656888]
[0.32701138]
[0.32701138]
[0.32701138]
[0.32701138]
[0.32701138]
[0.32701138]
[0.32701138]
[0.32701138]
[0.32701138]
[0.32701138]
[0.32701138]
[0.32701138]
[0.32701138]
[0.32701138]
[0.32701138]
[0.32701138]
[0.32701138]
[0.32701138]
[0.32701138]
[0.32701138]
[0.32701138]
[0.32701138]
[0.32701138]
[0.32701138]
[0.32701138]
[0.32701138]
[0.32701138]
[0.32701138]
[0.32701138]
[0.32701138]
[0.32701138]
[0.32701138]
[0.32701138]
[0.32701138]
[0.32701138]
[0.32701138]
[0.32701138]
[0.32701138]
[0.32701138]
[0.32701138]
[0.32701138]
[0.32701138]
[0.32701138]
[0.32701138]
[0.32701138]
[0.32701138]
[0.32701138]
[0.32701138]
[0.32701138]
[0.32701138]
[0.32701138]
[0.32701138]
[0.32701138]
[0.32701138]
[0.32701138]
[0.32701138]
[0.32701138]
[0.32701138]
[0.32701138]
[0.32701138]
[0.32701138]
[0.32701138]
[0.32701138]
[0.32701138]
[0.32701138]
[0.32701138]
[0.32701138]
[0.32701138]
[0.32701138]
[0.32701138]
[0.32701138]
[0.32701138]
[0.3805532]
[0.32701138]
[0.32701138]
[0.32701138]
[0.32701138]
[0.32701138]
[0.32701138]
[0.32701138]
[0.32701138]
[0.32701138]
[0.32701138]
[0.32701138]
[0.32701138]
[0.32701138]
[0.32701138]
[0.32701138]
[0.32701138]
[0.33004725]
[0.32701138]
[0.32701138]
[0.32701138]
[0.32701138]
[0.32701138]
[0.32701138]
[0.32701138]
[0.32701138]
[0.32701138]
[0.32701138]
[0.32701138]
[0.32701138]
[0.32701138]
[0.32701138]
[0.39460915]
[0.32701138]
[0.32701138]
[0.32701138]
[0.32701138]
[0.32701138]
[0.38958454]
[0.32701138]
[0.32701138]
[0.32701138]
[0.32701138]
[0.32701138]
[0.32701138]
[0.32701138]
[0.32701138]
[0.32701138]
[0.32701138]
[0.32701138]
[0.32701138]
[0.32701138]
[0.32701138]
[0.38337898]
[0.32701138]
[0.32701138]
[0.32701138]
[0.32701138]
[0.32701138]
[0.32701138]
[0.32701138]
[0.32701138]
[0.32701138]
[0.32701138]
[0.32701138]
[0.32701138]
[0.32701138]
[0.32701138]
[0.32701138]
[0.32701138]
[0.32701138]
[0.32701138]
[0.32701138]
[0.32701138]
[0.32701138]
[0.3780576]
[0.32701138]
[0.32701138]
[0.32701138]
[0.32701138]
[0.32701138]
[0.32701138]
[0.32701138]
[0.32701138]
[0.32701138]
[0.32701138]
[0.32701138]
[0.32701138]
[0.32701138]
[0.32701138]
[0.32701138]
[0.32701138]
[0.32701138]
[0.32701138]
[0.32701138]
[0.32701138]
[0.32701138]
[0.32701138]
[0.32701138]
[0.32701138]
[0.32701138]
[0.32701138]
[0.32701138]
[0.32701138]
[0.32701138]
[0.32701138]
[0.32701138]
[0.32701138]
[0.32701138]
[0.32701138]
[0.38165182]
[0.32701138]
[0.32701138]
[0.32701138]
[0.32701138]
[0.32701138]
[0.32701138]
[0.32701138]
[0.32701138]
[0.32701138]
[0.32701138]
[0.32701138]
[0.32701138]
[0.32701138]
[0.32701138]
[0.32701138]
[0.32701138]
[0.32701138]
[0.32701138]
[0.32701138]
[0.32701138]
[0.32701138]
[0.32701138]
[0.32701138]
[0.32701138]
[0.32701138]
[0.32701138]
[0.32701138]
[0.32701138]
[0.32701138]
[0.32701138]
[0.32701138]
[0.32701138]
[0.32701138]
[0.32701138]
[0.32701138]
[0.32701138]
[0.32701138]
[0.32701138]
[0.32701138]
[0.32701138]
[0.32701138]
[0.32701138]
[0.32701138]
[0.32701138]
[0.32701138]
[0.32701138]
[0.32701138]
[0.32701138]
[0.32701138]
[0.32701138]
[0.32701138]
[0.32701138]
[0.32701138]
[0.32701138]
[0.32701138]
[0.32701138]
[0.32701138]
[0.32701138]
[0.32701138]
[0.32701138]
[0.32701138]
[0.32701138]
[0.32701138]
[0.32701138]
[0.32701138]
[0.32701138]
[0.32701138]
[0.32701138]
[0.32701138]
[0.32701138]
[0.32701138]
[0.32701138]
[0.32701138]
[0.32701138]
[0.32701138]
[0.32701138]
[0.32701138]
[0.32701138]
[0.32701138]
[0.32701138]
[0.32701138]
[0.32701138]
[0.32701138]
[0.32701138]
[0.32701138]
[0.32701138]
[0.32701138]
[0.32701138]
[0.32701138]
[0.32701138]
[0.32701138]
[0.32701138]
[0.32701138]
[0.32701138]
[0.32701138]
[0.32701138]
[0.32701138]
[0.32701138]
[0.32701138]
[0.32701138]
[0.32701138]
[0.32701138]
[0.32701138]
[0.3609739]
[0.32701138]
[0.32701138]
[0.32701138]
[0.32701138]
[0.37472188]
[0.32701138]
[0.32701138]
[0.32701138]
[0.32701138]
[0.32701138]
[0.32701138]
[0.32701138]
[0.32701138]
[0.32701138]
[0.32701138]
[0.32701138]
[0.32701138]
[0.32701138]
[0.32701138]
[0.32701138]
[0.32701138]
[0.32701138]
[0.32701138]
[0.32701138]
[0.32701138]
[0.32701138]
[0.32701138]
[0.32701138]
[0.32701138]
[0.32701138]
[0.32701138]
[0.32701138]
[0.32701138]
[0.32701138]
[0.32701138]
[0.32701138]
[0.32701138]
[0.32701138]
[0.32701138]
[0.32701138]
[0.32701138]
[0.32701138]
[0.32701138]
[0.32701138]
[0.32701138]
[0.32701138]
[0.32701138]
[0.32701138]
[0.32701138]
[0.32701138]
[0.32701138]
[0.32701138]
[0.32701138]
[0.32701138]
[0.32701138]
[0.32701138]
[0.32701138]
[0.32701138]
[0.32701138]
[0.32701138]
[0.32701138]
[0.32701138]
[0.32701138]
[0.32701138]
[0.32701138]
[0.32701138]
[0.32701138]
[0.32701138]
[0.32701138]
[0.32701138]
[0.32701138]
[0.32701138]
[0.32701138]
[0.32701138]
[0.32701138]
[0.32701138]
[0.32701138]
[0.32701138]
[0.32701138]
[0.32701138]
[0.32701138]
[0.32701138]
[0.32701138]
[0.32701138]
[0.32701138]
[0.32701138]
[0.32701138]
[0.32701138]
[0.32701138]
[0.32701138]
[0.32701138]
[0.32701138]
[0.32701138]
[0.32701138]
[0.32701138]
[0.32701138]
[0.32701138]
[0.32701138]
[0.32701138]
[0.32701138]
[0.32701138]
[0.32701138]
[0.32701138]
[0.32701138]
[0.32701138]
[0.32701138]
[0.32701138]
[0.32701138]
[0.32701138]
[0.32701138]
[0.32701138]
[0.32701138]
[0.32701138]
[0.32701138]
[0.32701138]
[0.32701138]
[0.32701138]
[0.32701138]
[0.32701138]
[0.32701138]
[0.32701138]
[0.3875178]
[0.32701138]
[0.32701138]
[0.32701138]
[0.32701138]
[0.32701138]
[0.32701138]
[0.32701138]
[0.32701138]
[0.32701138]
[0.32701138]
[0.32701138]
[0.32701138]
[0.32701138]
[0.32701138]
[0.32701138]
[0.3270114]
[0.3270114]
