0.013734718
0.0
0.0
0.005285727
0.011946585
0.0063907714
0.014590586
0.009492579
0.011859002
0.0064373566
-0.0030092883
0.0031380972
0.0022764388
-0.001677657
0.0022764388
0.0022764388
0.0058845086
0.013100648
-0.0007328496
0.0
0.0063907714
0.0022764388
0.010700263
0.0049397014
0.0022764388
-0.0075621656
0.0049397014
0.0063907714
0.0
0.0041143326
0.0022764388
-0.003447833
0.023387667
0.0063907714
0.0013316313
-0.00016845779
-0.0009448074
0.0045528775
-0.0039540958
0.0045528775
0.00866721
-0.0045528775
0.0063907714
0.0058845086
-0.0039540958
-0.0039540958
0.011483254
-0.0003460257
0.0022764388
0.0
0.00721614
0.008423824
0.0068293163
0.0068293163
-0.0062305345
0.008160948
-0.0030092883
-0.001677657
0.010151623
0.0063907714
0.009492579
0.00360807
0.0022764388
0.012847893
-0.0075621656
0.010151623
-0.005285727
-0.005285727
0.0
0.0030092883
0.009492579
0.0
0.0068293163
-0.005285727
0.0
0.00360807
-0.0039540958
-0.0075621656
0.0045528775
0.011581297
0.005285727
0.0022764388
0.012031894
-0.0075621656
0.0058845086
0.012912928
0.009105755
0.00360807
0.013857736
0.0068293163
0.010297611
0.010437386
0.0063907714
0.0
0.0058845086
-0.0007328496
-0.005285727
-0.0007328496
-0.0022764388
-0.003447833
-0.005285727
-0.0039540958
0.005285727
-0.003447833
-0.0075621656
0.0066173584
-0.0039540958
0.0049397014
-0.0075621656
0.0045528775
-0.0062305345
0.0045528775
0.013335335
0.0022764388
-0.0003460257
0.0045528775
0.00866721
0.0022764388
-0.0075621656
0.0022764388
0.008160948
0.0063907714
-0.0075621656
0.010437386
0.008423824
-0.0075621656
0.0068293163
-0.0022764388
0.011382193
-0.0039540958
-0.0007328496
-0.0039540958
0.0022764388
0.0045528775
0.008893797
0.013554363
-0.0075621656
-0.0022764388
0.00360807
-0.005285727
0.0068293163
0.0063907714
-0.0011713943
0.011058896
0.0068293163
-0.0007328496
-0.0026224644
0.008893797
-0.0075621656
0.009838604
0.0066173584
0.011769017
0.0
0.018013207
0.0
0.0058845086
-0.005285727
0.005285727
0.0045528775
-0.0045528775
-0.005285727
0.0077224025
0.0068293163
0.0022764388
0.0045528775
0.0
0.00360807
0.010437386
0.011058896
0.0055987453
-0.0026224644
-0.0039540958
0.0
0.0011050444
0.0022764388
0.005285727
-0.0014147802
0.017561007
0.0022764388
-0.0030092883
-0.0039540958
0.011382193
0.0013316313
0.009838604
0.012501867
0.01413544
0.0
-0.0039540958
0.011676499
-0.00016845779
0.0049397014
-0.0022764388
-0.0030092883
0.0
0.015057981
0.0
0.009304859
0.0
-0.0062305345
-0.0007328496
0.010700263
0.00721614
0.008547771
0.0075621656
0.0077224025
0.0013316313
0.005285727
0.010151623
0.0045528775
-0.0039540958
0.0
-0.003447833
0.0
0.009105755
-0.0005337458
0.009670147
0.0041143326
0.0022764388
-0.005285727
0.010943648
-0.0039540958
0.0
0.0045528775
0.010700263
0.0
0.005285727
-0.0007328496
0.008160948
0.0022764388
-0.0075621656
0.0045528775
0.0022764388
0.010437386
0.0
0.0063907714
0.011277924
0.01082421
-0.0030092883
0.007875184
0.011382193
-0.0007328496
-0.0030092883
0.0041143326
0.009304859
-0.0009448074
0.010297611
-0.0003460257
0.011769017
-0.0039540958
-0.0030092883
-0.0039540958
0.008160948
0.008160948
-0.0026224644
-0.005285727
0.0063907714
0.0058845086
0.005285727
0.0030092883
0.011859002
0.0022764388
-0.0045528775
0.009998841
-0.0014147802
-0.001677657
-0.0030092883
-0.001677657
0.0045528775
0.00360807
0.009105755
0.0022764388
-0.0022764388
0.0068293163
0.0041143326
0.0022764388
0.005285727
0.011676499
0.00360807
0.02181958
0.013278216
0.008893797
-0.0003460257
0.0068293163
-0.0062305345
0.008423824
0.008160948
-0.003447833
0.010571454
0.015554655
-0.0030092883
0.0022764388
-0.0075621656
0.009582562
0.0075621656
-0.0022764388
0.0058845086
0.0022764388
0.0022764388
-0.0019634203
-0.0011713943
0.010700263
-0.0009448074
-0.001677657
0.0055987453
0.011676499
0.0058845086
0.009001485
0.0030092883
-0.003447833
0.0055987453
0.00721614
0.0049397014
0.018944358
-0.0075621656
0.010943648
0.0
0.0045528775
0.008423824
-0.0075621656
0.011058896
0.010151623
-0.0030092883
0.012428061
-0.0030092883
0.005285727
-0.0039540958
0.0045528775
-0.0022764388
0.008423824
0.0063907714
0.0013316313
-0.005285727
0.007393708
0.0075621656
-0.001677657
-0.005285727
-0.0075621656
-0.0022764388
-0.0075621656
0.008160948
0.01082421
0.008295015
0.018093972
0.009304859
-0.0003460257
0.0022764388
0.012115043
-0.0039540958
0.010437386
0.005285727
0.00866721
0.0013316313
-0.0045528775
0.0068293163
0.00360807
0.005285727
0.0063907714
0.0049397014
0.005285727
-0.0009448074
0.0058845086
-0.0030092883
-0.001677657
-0.0075621656
-0.0030092883
0.00721614
-0.00016845779
0.0
0.0075621656
0.0030092883
0.007875184
0.0022764388
0.0063907714
0.009304859
0.0041143326
0.0045528775
0.0
-0.005285727
0.00866721
0.011382193
0.0013316313
-0.0003460257
-0.0039540958
0.0022764388
-0.0022764388
-0.0003460257
0.0030092883
0.0045528775
-0.0019634203
0.010943648
0.0075621656
0.0
-0.001677657
0.0055987453
0.009998841
0.0022764388
0.00360807
0.0041143326
0.011382193
0.0022764388
0.0063907714
-0.0022764388
-0.0039540958
0.008893797
0.0045528775
-0.0007328496
0.0075621656
0.01961086
-0.0062305345
0.011277924
-0.0045528775
-0.0075621656
0.009670147
0.0022764388
0.009206816
0.0
0.0066173584
0.005285727
0.0022764388
0.0
0.008893797
0.0022764388
-0.0075621656
0.0068293163
0.0022764388
0.0045528775
0.00360807
0.00866721
0.00702842
-0.0003460257
0.007875184
0.005285727
0.0045528775
0.00721614
-0.0022764388
-0.0030092883
0.015315698
0.0063907714
0.0022764388
0.0022764388
-0.0019634203
0.012574051
0.0049397014
0.012912928
-0.003447833
-0.0007328496
-0.0039540958
0.0013316313
0.010437386
-0.0039540958
0.0022764388
0.008423824
0.0022764388
0.0055987453
0.016667921
0.008160948
-0.0009448074
0.0063907714
-0.0007328496
0.009105755
0.008893797
0.009492579
0.0077224025
-0.0039540958
0.00360807
-0.001677657
-0.0007328496
0.012781543
0.01741715
-0.0075621656
0.009304859
0.012644681
-0.0011713943
0.0045528775
0.0063907714
0.0061473856
0.005285727
-0.0003460257
-0.005285727
-0.0011713943
-0.0011713943
-0.0075621656
0.010151623
0.0030092883
0.0030092883
0.0022764388
0.0013316313
0.0063907714
0.00866721
-0.0030092883
0.012679434
0.0030092883
-0.0011713943
0.005285727
0.0045528775
0.0045528775
0.00360807
-0.0045528775
0.013160911
-0.0030092883
0.007875184
0.011769017
0.0030092883
-0.0003460257
0.005285727
0.013554363
0.007393708
-0.0022764388
0.0058845086
0.0075621656
0.0022764388
-0.0062305345
0.007875184
0.011676499
0.005285727
0.0022764388
0.008160948
-0.0030092883
0.014512386
-0.0039540958
-0.0039540958
-0.005285727
-0.0009448074
0.005285727
0.0005987817
0.008793763
-0.001677657
0.007875184
0.0045528775
0.0
-0.0022764388
-0.0075621656
0.00360807
0.011769017
-0.0005337458
-0.0075621656
-0.0030092883
-0.0014147802
0.0064141466
0.0061473856
0.01227528
0.012115043
0.00702842
-0.0075621656
0.0022764388
0.0063907714
0.00360807
-0.003447833
0.01303926
0.0
-0.001677657
0.00360807
0.00360807
0.0058845086
-0.0022764388
0.0066173584
0.0
0.0022764388
-0.0039540958
0.0
0.0058845086
0.0022764388
-0.005285727
-0.005285727
-0.0030092883
0.011859002
0.0022764388
0.00360807
0.0013316313
0.008893797
-0.0019634203
-0.005285727
0.015639964
-0.0026224644
0.00721614
0.008021173
-0.00016845779
-0.0007328496
0.00360807
0.005285727
0.0022764388
0.010571454
0.009670147
-0.0039540958
0.008160948
0.0045528775
0.007875184
0.0045528775
0.00360807
0.0075621656
-0.0075621656
0.0
-0.005285727
-0.0011713943
0.0022764388
0.0030092883
0.0022764388
0.010943648
0.0022764388
0.0066173584
0.0045528775
0.0063907714
0.01063649
0.009105755
-0.00016845779
0.0022764388
0.0063907714
0.0099197
-0.0075621656
-0.0030092883
0.0022764388
0.00721614
-0.001677657
0.011769017
-0.0026224644
0.009492579
0.010700263
0.0068293163
0.0049397014
0.010700263
0.0022764388
-0.0075621656
-0.0011713943
0.0045528775
0.0022764388
0.011769017
0.0030092883
0.00721614
0.009492579
0.004633973
0.009998841
-0.001677657
-0.0062305345
0.0022764388
-0.0045528775
0.00360807
-0.0030092883
0.0022764388
-0.0003460257
-0.0075621656
0.0045528775
-0.0075621656
-0.0019634203
0.0058845086
-0.0075621656
0.0
0.012115043
0.0022764388
0.0068293163
0.0055987453
0.005285727
-0.0039540958
-0.001677657
0.0075621656
-0.0014147802
0.0045528775
-0.005285727
-0.005285727
0.0028752205
-0.0075621656
-0.0022764388
0.0022764388
-0.0005337458
0.008160948
0.008782458
0.008160948
0.0
0.024311181
0.0
-0.0022764388
0.0022764388
0.0
-0.0062305345
0.0022764388
0.00360807
0.016060919
0.016943404
0.007393708
-0.0009448074
0.008021173
0.0013316313
-0.0026224644
0.010437386
0.0041143326
0.017622976
0.008160948
0.007393708
0.007875184
0.00360807
0.0045528775
0.007875184
-0.0022764388
0.0058845086
0.0058845086
0.0066173584
-0.0039540958
0.0022764388
-0.0030092883
-0.0022764388
0.0022764388
0.011859002
0.0
-0.005285727
0.0
0.010297611
0.008423824
0.0
-0.0030092883
-0.0045528775
0.0022764388
0.017513752
-0.003447833
-0.0075621656
-0.0022764388
0.0
-0.0030092883
0.009105755
0.0030092883
-0.005285727
0.010151623
-0.0026224644
0.011859002
-0.0030092883
-0.005285727
0.008160948
0.010943648
0.008893797
0.0013316313
0.0063907714
-0.0045528775
0.009206816
-0.0039540958
0.0021932898
-0.005285727
0.0022764388
-0.0039540958
0.0063907714
-0.0075621656
0.0022764388
0.00866721
0.00360807
0.00360807
0.007875184
0.0045528775
0.00702842
-0.0062305345
-0.0075621656
0.0
0.012976701
0.011170235
0.0
0.010437386
0.016158234
-0.005285727
-0.0075621656
0.0058845086
0.013160911
0.00866721
0.0
0.0
0.009755456
-0.0014147802
-0.0039540958
-0.005285727
-0.00016845779
-0.00016845779
0.0
0.009492579
0.009492579
-0.0007328496
0.009105755
0.011277924
0.00360807
0.0013316313
-0.0045528775
-0.001677657
-0.0022764388
0.003768307
0.0055987453
-0.0011713943
0.005285727
-0.0019634203
0.0061473856
0.0045528775
0.005285727
0.0049397014
0.009838604
0.0045528775
0.01082421
-0.0045528775
0.009105755
0.0045528775
-0.005285727
-0.005285727
0.011277924
-0.001677657
0.0
-0.0007328496
-0.003447833
0.00360807
0.010437386
0.010700263
0.00360807
0.0022764388
0.0022764388
0.00360807
0.009304859
0.00360807
0.01380908
0.0022764388
0.00721614
0.0063907714
-0.0030092883
0.0075621656
-0.005285727
0.0041143326
-0.0009448074
-0.0003460257
0.0022764388
0.0022764388
0.007875184
0.009304859
0.00866721
0.010297611
0.008782458
-0.0005337458
0.0022764388
0.0022764388
0.0022764388
0.016905436
0.00360807
0.012428061
-0.0005337458
0.0022764388
0.0013316313
-0.001677657
0.010571454
-0.005285727
0.00360807
0.0
0.00360807
0.008423824
-0.0075621656
0.010297611
-0.0011713943
-0.0007328496
0.005285727
-0.0003460257
0.0058845086
0.0
0.0
0.0022764388
0.0
-0.0007328496
-0.005285727
-0.0011713943
-0.0014147802
0.0013316313
-0.0062305345
0.015667915
-0.0011713943
0.0058845086
-0.001677657
-0.0039540958
0.0
-0.0003460257
0.0
0.012976701
-0.0075621656
0.0013316313
0.0022764388
0.0022764388
0.0
-0.0075621656
0.00360807
-0.0026224644
-0.0011713943
0.0
-0.0030092883
-0.0030092883
-0.005285727
-0.005285727
0.012428061
0.0022764388
-0.005285727
0.012574051
0.0013316313
0.009838604
0.010700263
0.0068293163
0.01886121
-0.0011713943
0.015496526
-0.0030092883
0.0
0.0022764388
0.0045528775
-0.0045528775
0.0045528775
0.007875184
-0.0030092883
0.0063907714
0.0058845086
0.0022764388
0.0013316313
-0.0026224644
0.009998841
0.0022764388
0.0041143326
0.011989517
0.0022764388
0.00702842
0.0
-0.0075621656
0.0022764388
0.010437386
-0.0003460257
0.009492579
0.014391482
-0.0019634203
0.0008616585
0.010151623
0.00721614
-0.0062305345
0.013554363
-0.0030092883
0.0
0.0068293163
0.010297611
0.0030092883
-0.0039540958
0.0022764388
0.0022764388
0.0075621656
-0.001677657
0.0
0.009492579
0.008160948
0.00360807
0.0011050444
0.0
0.0068293163
0.008160948
0.014265955
0.0
-0.0039540958
-0.0003460257
0.0
-0.0030092883
0.010151623
-0.00016845779
0.00360807
0.0068293163
-0.0039540958
0.018654862
0.009998841
0.0022764388
0.0045528775
0.008160948
0.005285727
0.0022764388
0.014814596
0.005285727
0.0075621656
0.0022764388
0.011277924
0.01303926
0.0
0.0068293163
-0.0030092883
0.010762821
0.009755456
0.0022764388
-0.0075621656
0.0
0.009492579
0.01424456
-0.0026224644
-0.0075621656
-0.00016845779
0.012428061
0.010700263
0.0
0.007875184
0.0
0.0
-0.005285727
0.0075621656
0.010700263
-0.0022764388
0.019551683
0.0
0.0
-0.0009448074
0.0030092883
0.0045528775
0.011769017
0.0049397014
-0.0075621656
0.008423824
0.005285727
0.00360807
0.00866721
0.0022764388
0.007393708
-0.0026224644
0.0075621656
0.008423824
-0.0075621656
0.0
0.0022764388
0.013446675
0.0063907714
0.009998841
0.009998841
0.009001485
0.010297611
-0.0022764388
-0.0007328496
-0.0039540958
-0.005285727
0.0055987453
0.007875184
0.0022764388
0.0
0.025107495
0.0022764388
0.011170235
0.005285727
0.012574051
0.0055987453
0.0121961385
0.009304859
-0.0039540958
0.014666966
-0.0062305345
0.008893797
0.0022764388
-0.0075621656
-0.001677657
0.010437386
0.0022764388
0.0
0.0022764388
-0.0030092883
0.005285727
-0.0011713943
0.009670147
-0.0039540958
0.0063907714
-0.0022764388
0.0022764388
-0.0014147802
-0.0019634203
0.01082421
0.009670147
-0.0007328496
0.009492579
0.0022764388
0.0049397014
0.0022764388
-0.005285727
0.0009856055
0.01082421
0.008547771
0.0068293163
-0.0026224644
0.00721614
0.0063907714
-0.005285727
-0.005285727
0.008893797
0.0022764388
0.010571454
0.009670147
0.007875184
-0.0075621656
-0.0011713943
-0.00016845779
-0.001677657
-0.0062305345
0.0
-0.00016845779
0.0041143326
-0.001677657
0.0022764388
-0.0062305345
0.005285727
0.0055987453
-0.001677657
0.0022764388
-0.001677657
-0.0007328496
0.011277924
0.00866721
-0.005285727
0.0077224025
0.0045528775
-0.0022764388
0.0075621656
-0.003447833
0.0030092883
0.012781543
0.013220088
0.010943648
0.008160948
0.00360807
0.012976701
0.010943648
0.014590586
0.010297611
-0.0011713943
0.0022764388
0.00360807
0.016943404
-0.0022764388
0.0022764388
0.0063907714
0.012031894
-0.005285727
0.0075621656
0.0022764388
0.008160948
-0.0026224644
0.008893797
0.0
-0.0011713943
-0.005285727
-0.0075621656
0.018913424
0.011676499
0.009492579
-0.005285727
0.011277924
0.005285727
0.00721614
0.0058845086
-0.0026224644
0.0022764388
-0.0039540958
0.0
0.0022764388
-0.005285727
0.0009856055
-0.0007328496
0.00360807
-0.0011713943
-0.0039540958
0.005285727
-0.0039540958
-0.0003460257
0.00721614
0.0058845086
0.015253141
0.0061473856
0.015554655
0.0045528775
0.00360807
-0.0030092883
0.008423824
0.009001485
0.00016023699
0.014045456
0.0030092883
0.00721614
0.009998841
-0.0019634203
-0.00016845779
0.010700263
0.0
0.0045528775
0.0
-0.0062305345
0.0030092883
-0.0062305345
-0.0003460257
0.011382193
0.007875184
-0.0014147802
0.0022764388
0.0022764388
-0.0075621656
0.0022764388
0.00721614
-0.0039540958
-0.0019634203
-0.001677657
0.00360807
0.0055987453
0.00360807
-0.0030092883
0.0045528775
0.0068293163
0.009492579
0.009492579
0.011769017
0.008860789
0.005285727
-0.0075621656
-0.0011713943
0.0066173584
0.00721614
0.009304859
-0.0011713943
0.008160948
0.0063907714
0.010571454
0.00866721
-0.0075621656
0.0022764388
-0.005285727
0.010943648
-0.0075621656
0.008423824
-0.001677657
0.0121961385
0.00360807
-0.0007328496
0.009492579
0.0075621656
0.00866721
-0.0039540958
-0.0022764388
0.010571454
0.00360807
0.0
0.0075621656
0.013833499
0.0058845086
-0.001677657
-0.0026224644
-0.0030092883
-0.0075621656
-0.0022764388
0.0063907714
0.015189367
0.0
0.0
0.0068293163
0.01368419
0.0045528775
0.011483254
-0.0075621656
0.0
-0.0039540958
0.0063907714
0.0075621656
0.009998841
-0.0007328496
0.0
0.011058896
0.0068293163
-0.0030092883
-0.0005337458
0.0063907714
0.010151623
-0.003447833
0.0063907714
0.009105755
-0.00016845779
0.008160948
0.011483254
0.008423824
-0.0039540958
-0.0039540958
0.00721614
0.010437386
-0.0030092883
0.016229376
-0.001677657
0.011946585
-0.0011713943
-0.0075621656
0.0
-0.0007328496
0.009492579
-0.005285727
0.010700263
0.0063907714
0.005285727
-0.0003460257
0.0055987453
0.007875184
-0.0009448074
-0.0039540958
0.005285727
-0.0039540958
-0.0030092883
0.0
0.008021173
-0.0011713943
0.010571454
-0.0075621656
-0.0045528775
0.0063907714
0.014955874
-0.0019634203
0.0058845086
0.0099197
0.00045900713
0.006969946
-0.005285727
0.0013316313
0.0121961385
-0.0075621656
0.0013316313
0.0013316313
0.0
0.0
0.0
0.0066173584
0.011382193
0.012501867
0.011170235
0.007875184
0.0030092883
-0.0009448074
0.0049397014
0.0
-0.0019634203
0.009304859
0.0075621656
0.011483254
0.00360807
0.00721614
0.00360807
0.00360807
0.0121961385
-0.0039540958
0.005285727
0.007875184
0.008423824
0.0
-0.0007328496
0.005285727
0.0055987453
-0.0011713943
-0.0030092883
0.009304859
0.0049397014
0.0022764388
0.0022764388
-0.0007328496
-0.0022764388
0.008423824
-0.0039540958
-0.005285727
0.008423824
0.013759693
-0.0075621656
0.008160948
0.0068293163
0.0041143326
-0.005285727
0.007875184
-0.0003460257
0.0077224025
-0.005285727
-0.0011713943
-0.0022764388
0.0030092883
-0.005285727
0.0147045
0.0045528775
0.0066173584
0.007875184
0.0049397014
-0.001677657
-0.0011713943
-0.0022764388
0.0
0.01082421
-0.00016845779
-0.0022764388
0.010151623
-0.0062305345
0.0100761205
-0.0003460257
0.0005987817
0.0030092883
0.013554363
0.010437386
0.017232312
-0.0022764388
0.015315698
0.0063907714
0.007875184
0.0
-0.001677657
-0.0005337458
-0.001677657
0.0011050444
0.007875184
-0.0007328496
0.0022764388
0.0058845086
-0.0026224644
0.008160948
0.008160948
-0.0039540958
-0.0062305345
0.0022764388
0.0022764388
0.0022764388
-0.005285727
-0.0014147802
-0.0030092883
0.008893797
0.0
0.009304859
0.0055987453
0.01082421
0.0075621656
0.009105755
-0.0003460257
0.0045528775
0.0022764388
-0.0003460257
0.0055987453
-0.0011713943
0.011676499
0.0063907714
0.0100761205
0.023298934
-0.0039540958
0.0058845086
0.00360807
0.011581297
0.0058845086
0.0068293163
0.0075621656
0.018721435
0.009492579
0.0058845086
0.0061473856
0.011058896
0.007875184
0.0
0.0063907714
0.012352559
0.0068293163
0.0013316313
-0.0075621656
0.00360807
-0.0009448074
0.011859002
0.0045528775
0.009838604
0.0058845086
0.0022764388
0.0
0.0068293163
-0.0005337458
0.011859002
0.012501867
0.007875184
-0.001677657
-0.005285727
0.022764387
-0.0062305345
0.00360807
-0.0022764388
0.0094000595
0.005285727
0.014850489
-0.0003460257
-0.001677657
0.009838604
0.00721614
0.00866721
-0.0030092883
0.0
0.014045456
0.016275961
-0.0045528775
0.010700263
0.00866721
0.010151623
0.0
0.0058845086
0.0075621656
-0.0022764388
0.010297611
0.008423824
0.00721614
-0.001677657
0.008160948
-0.005285727
-0.0030092883
0.0022764388
0.005285727
-0.0075621656
0.0068293163
0.0075621656
0.0
-0.005285727
0.0041143326
0.00360807
0.010943648
0.0022764388
0.009670147
0.018540815
-0.0030092883
0.0
-0.001677657
0.0045528775
-0.001677657
0.008423824
-0.0039540958
0.0022764388
0.0045528775
0.00360807
0.012115043
-0.0009448074
0.0022764388
0.011058896
0.005285727
0.0022764388
0.010297611
0.008423824
0.005285727
0.0
0.0
0.013446675
0.009001485
0.0022764388
0.0
0.00360807
0.0013316313
0.01082421
-0.0039540958
0.007393708
0.0
0.00360807
0.00866721
-0.0019634203
0.00866721
0.0022764388
0.005285727
-0.0003460257
0.0045528775
0.008423824
0.010884472
-0.005285727
0.009304859
0.0
0.0022764388
0.007875184
0.00721614
0.0055987453
0.0041143326
0.0063907714
0.014955874
0.0022764388
-0.0039540958
0.0058845086
-0.005285727
0.0045528775
0.0058845086
0.016158234
0.00721614
0.0068293163
0.008423824
0.0075621656
-0.0062305345
0.0045528775
0.0030092883
0.01082421
0.009304859
0.010571454
0.009582562
-0.0045528775
0.017162433
0.00360807
0.0045528775
0.0022764388
0.0147045
0.0
-0.0007328496
0.0041143326
0.0030092883
0.010297611
0.010943648
-0.005285727
0.010700263
-0.0039540958
0.012115043
0.0045528775
0.012031894
0.010437386
-0.0030092883
0.0
0.008160948
-0.0075621656
0.0
0.016433995
0.00360807
-0.0030092883
0.0061473856
0.011769017
0.011170235
0.01380908
0.009105755
0.022630185
-0.0030092883
-0.005285727
-0.0011713943
0.0
0.013220088
0.00702842
0.0022764388
-0.0003460257
-0.0019634203
-0.0045528775
-0.0039540958
-0.0011713943
-0.0075621656
0.0022764388
-0.0011713943
0.0099197
0.010151623
0.0022764388
0.0075621656
0.021301894
-0.0039540958
0.0049397014
0.012031894
-0.0022764388
0.0075621656
-0.0019634203
0.00031301833
-0.005285727
0.010571454
-0.0039540958
-0.0062305345
-0.001677657
0.005285727
0.0058845086
0.013335335
-0.0011713943
-0.0022764388
-0.0030092883
-0.0075621656
0.015467071
0.0030092883
-0.005285727
-0.0022764388
0.00866721
0.0022764388
0.009582562
-0.0022764388
0.007875184
-0.0026224644
0.00360807
0.0045528775
-0.0039540958
-0.0019634203
-0.0005337458
0.0022764388
0.0058845086
0.0
-0.0003460257
0.00360807
-0.0062305345
0.009998841
0.0013316313
-0.0030092883
0.0075621656
-0.0039540958
0.011382193
0.014179524
-0.001677657
0.00360807
0.0
0.011170235
0.00360807
0.00360807
0.0013316313
-0.0019634203
0.0077224025
0.0
0.0045528775
-0.0009448074
0.0013316313
0.012912928
0.0058845086
0.0075621656
0.0063907714
0.0045528775
0.01350096
0.01227528
-0.0045528775
0.005285727
-0.0075621656
0.013857736
0.0058845086
-0.0014147802
0.009022606
0.012352559
0.005285727
0.007875184
0.0058845086
0.009670147
0.009998841
0.00360807
0.005285727
-0.0011713943
0.010437386
0.0022764388
0.013857736
0.005285727
-0.0039540958
0.005285727
0.011581297
-0.005285727
0.011483254
-0.0075621656
0.011676499
0.008295015
0.012912928
0.0022764388
0.013554363
0.013160911
0.0
0.005285727
0.0063907714
0.003768307
0.008021173
0.0075621656
0.00016023699
0.0061473856
0.0
-0.0075621656
-0.005285727
0.009492579
0.00360807
0.0022764388
0.0049397014
0.0013316313
-0.0026224644
0.005285727
-0.003447833
-0.005285727
-0.005285727
-0.0030092883
0.00866721
0.00721614
0.0045528775
0.009492579
0.0022764388
0.010700263
0.0
-0.0030092883
0.0
0.012031894
0.0
-0.0039540958
-0.0007328496
0.0049397014
-0.005285727
0.010297611
-0.005285727
-0.0039540958
0.009582562
-0.0030092883
0.00721614
0.012713824
-0.0039540958
0.0022764388
-0.0039540958
-0.0062305345
0.0045528775
0.013220088
0.005285727
-0.005285727
0.011483254
-0.0003460257
0.013905682
0.008160948
-0.001677657
-0.001677657
0.009492579
0.00866721
0.0022764388
0.0045528775
0.014551719
0.00866721
0.0045528775
-0.0014147802
-0.0003460257
0.00360807
-0.0039540958
-0.0039540958
-0.0030092883
0.008893797
-0.0011713943
0.009670147
-0.0022764388
0.00360807
0.0058845086
0.009670147
-0.001677657
0.011769017
0.01227528
-0.0011713943
0.010437386
0.009492579
-0.0075621656
0.00360807
0.011581297
-0.0026224644
0.0
0.009670147
0.009304859
0.0022764388
0.0013316313
0.0022764388
-0.0014147802
0.0121961385
-0.0030092883
0.007875184
0.0022764388
0.008893797
0.017713789
-0.001677657
0.0059117638
0.012428061
-0.0026224644
-0.0062305345
0.0063907714
0.0
0.00360807
0.0077224025
-0.0039540958
-0.0007328496
0.00360807
-0.0030092883
-0.0030092883
0.0022764388
0.0022764388
0.009304859
-0.0007328496
-0.005285727
0.0022764388
0.0022764388
0.007393708
-0.0039540958
0.007875184
0.008893797
-0.0022764388
-0.0003460257
0.008160948
-0.0039540958
-0.0045528775
0.0045528775
0.0022764388
0.0
0.00721614
0.014201346
-0.0014147802
0.0022764388
0.0058845086
-0.0062305345
-0.0007328496
-0.0039540958
0.0041143326
0.00360807
0.0022764388
0.009105755
0.009670147
0.0
-0.0030092883
0.0022764388
0.0022764388
0.0058845086
0.009838604
0.012574051
0.008160948
-0.0075621656
-0.0039540958
0.0
-0.0022764388
0.010571454
0.0063907714
-0.005285727
0.014921119
0.012501867
0.0
0.0
0.009492579
0.0068293163
-0.0007328496
-0.0022764388
0.00360807
0.016905436
0.0063907714
0.0022764388
-0.0039540958
0.00360807
0.008160948
-0.0026224644
0.0
0.009304859
0.005285727
-0.0039540958
0.007875184
0.0045528775
0.0045528775
0.0045528775
-0.0039540958
0.0
-0.001677657
0.0049397014
-0.0030092883
0.005285727
-0.0014147802
-0.0062305345
-0.003447833
-0.0039540958
0.0013316313
0.008893797
0.009838604
0.011676499
0.0
-0.0003460257
-0.0030092883
-0.0026224644
0.0075621656
0.0022764388
0.0
-0.0003460257
-0.0075621656
0.008893797
-0.0075621656
0.0063907714
0.00360807
-0.0075621656
0.0045528775
0.011946585
0.018337356
0.0045528775
0.012115043
0.0058845086
0.0058845086
-0.0030092883
0.009670147
-0.0003460257
-0.0030092883
0.007393708
-0.005285727
0.012352559
0.012352559
0.0063907714
0.00360807
-0.0026224644
0.009492579
0.0058845086
-0.0030092883
0.0030092883
0.008423824
0.0
0.008160948
0.0022764388
-0.005285727
0.007875184
0.0075621656
0.0045528775
0.010571454
0.012115043
0.0022764388
0.008893797
0.0022764388
0.005285727
-0.0014147802
0.0063907714
0.0068293163
-0.0030092883
0.0075621656
0.0022764388
-0.0062305345
0.0068293163
0.009670147
-0.0039540958
-0.0030092883
-0.0009448074
-0.0062305345
0.0063907714
0.0022764388
-0.005285727
0.011001778
0.0063907714
0.0075621656
0.0045528775
-0.001677657
0.0
-0.003447833
0.006890325
-0.0030092883
0.005285727
-0.0026224644
0.008893797
0.0045528775
0.008160948
0.00360807
0.005285727
0.005285727
0.012428061
-0.0007328496
-0.0022764388
0.0
-0.0007328496
-0.0003460257
-0.0075621656
0.012713824
-0.0030092883
0.0045528775
-0.0075621656
0.0211534
0.008021173
0.0058845086
-0.0022764388
-0.005285727
0.0
0.009492579
0.0063907714
0.009838604
0.0068293163
0.008295015
0.009216753
0.0
0.014223024
-0.0030092883
-0.001677657
0.0045528775
0.011382193
0.0061473856
0.009838604
0.0045528775
0.007393708
0.013709551
0.0058845086
-0.0007328496
0.0042968355
0.0045528775
0.009670147
0.0
-0.0009448074
0.0063907714
0.0045528775
0.0
-0.0007328496
0.0022764388
0.00360807
-0.0011713943
-0.001677657
0.0063907714
0.009304859
0.011946585
0.00360807
0.0022764388
0.0045528775
0.0
0.0
0.00360807
-0.0005337458
0.00360807
-0.0007328496
0.010297611
0.0022764388
0.0045528775
0.0045528775
-0.003447833
0.009670147
0.012036102
0.0
-0.0075621656
0.0
0.01603613
0.009304859
0.007875184
-0.0075621656
0.0022764388
-0.0007328496
-0.0007328496
0.0045528775
0.005285727
0.01350096
0.0022764388
0.00360807
0.015189367
0.0075621656
-0.0011713943
0.010943648
0.00360807
0.0022764388
0.0045528775
0.0075621656
0.008423824
0.0068293163
0.011382193
-0.0045528775
-0.0030092883
0.007393708
0.0
0.00360807
-0.0039540958
0.010700263
0.0022764388
0.0045528775
-0.0011713943
0.011277924
0.0041143326
-0.0005337458
-0.0009448074
-0.0014147802
0.00721614
-0.005285727
0.00866721
0.011581297
-0.0030092883
-0.0026224644
-0.0003460257
0.008423824
0.0045528775
0.00360807
0.0009856055
-0.0075621656
0.0022764388
0.0045528775
0.008160948
0.0013316313
-0.0022764388
-0.0045528775
-0.0039540958
0.008021173
0.008893797
0.0075621656
0.0041143326
0.00360807
0.005285727
-0.0075621656
0.010297611
0.0075621656
0.009492579
0.005285727
0.00866721
0.010943648
0.0153770875
-0.0039540958
0.0022764388
-0.0019634203
0.007875184
0.011224521
0.00360807
-0.0075621656
-0.0039540958
0.0030092883
-0.0026224644
0.00360807
-0.005285727
0.0063907714
0.009838604
-0.0030092883
0.0075621656
-0.0014147802
0.00360807
0.0058845086
0.00031301833
0.012912928
-0.0030092883
-0.001677657
0.0066173584
-0.0039540958
0.009998841
0.0022764388
-0.003447833
-0.0022764388
-0.0045528775
-0.0019634203
0.01063649
0.009998841
-0.0003460257
0.008893797
-0.0030092883
0.0068293163
0.0045528775
-0.0011713943
0.007875184
0.00360807
0.0066173584
0.008782458
0.0022764388
0.012501867
-0.0075621656
-0.0022764388
-0.001677657
0.01082421
0.015496526
0.0013316313
0.009838604
-0.0019634203
0.0022764388
0.0058845086
0.017816657
0.0075621656
0.005285727
0.00360807
-0.0005337458
0.009670147
0.0
-0.0019634203
-0.0009448074
0.011769017
0.0055987453
-0.0022764388
-0.0003460257
0.0063907714
0.0058845086
0.0013316313
-0.001677657
0.00360807
0.008893797
-0.0011713943
-0.0005337458
-0.0062305345
0.011058896
-0.0005337458
0.0030092883
-0.0075621656
0.009670147
0.0022764388
-0.0045528775
0.010700263
0.005285727
0.007875184
0.009943644
-0.005285727
0.009582562
0.009755456
0.0068293163
0.0013316313
-0.0005337458
0.0075621656
0.005285727
0.0
0.0066173584
0.007875184
-0.0019634203
-0.0075621656
0.023512594
-0.0075621656
0.008423824
-0.0003460257
-0.005285727
0.007393708
-0.001677657
0.0022764388
0.010437386
-0.0026224644
0.008423824
0.0
0.0030092883
0.010700263
0.0022764388
-0.0003460257
-0.0075621656
0.009582562
-0.001677657
0.0022764388
0.011058896
-0.0007328496
0.0022764388
0.010151623
0.0013316313
0.0030092883
-0.0003460257
-0.0075621656
0.008160948
-0.001677657
0.010437386
0.010437386
0.0022764388
-0.005285727
0.0058845086
0.008160948
-0.0030092883
0.0022764388
0.00721614
0.0075621656
0.012644681
0.01368419
0.008160948
0.0
-0.003447833
0.008547771
-0.0022764388
-0.00016845779
0.00721614
0.0066173584
0.0022764388
0.009304859
0.012428061
0.0030092883
0.00360807
-0.005285727
-0.0039540958
0.0013316313
0.0058845086
0.012781543
-0.001677657
-0.005285727
0.00360807
0.0022764388
0.0068293163
0.009492579
-0.005285727
0.012781543
0.010571454
0.005285727
0.0058845086
0.016433995
0.0121961385
0.0058845086
0.007234335
0.0022764388
0.010700263
-0.0075621656
-0.0062305345
0.0058845086
0.013554363
0.007875184
0.0
0.009998841
-0.0022764388
0.00866721
0.005285727
-0.0045528775
0.0045528775
0.008160948
0.011859002
0.009105755
-0.0030092883
0.0058845086
-0.0075621656
0.010297611
0.0022764388
0.0
0.019517383
0.0055987453
0.0022764388
0.024936557
0.009998841
-0.0045528775
0.009838604
0.0049397014
-0.0075621656
-0.0007328496
0.009863144
0.0022764388
0.011946585
-0.0039540958
0.009670147
0.0061473856
0.0
-0.0039540958
0.0075621656
-0.0019634203
0.00360807
0.010571454
0.0045528775
0.011382193
0.0075621656
0.009998841
-0.0030092883
-0.0045528775
0.0041143326
-0.0075621656
0.0058845086
0.010700263
-0.005285727
0.00360807
0.00721614
0.0022764388
0.0099197
0.00360807
0.009670147
0.013952937
-0.0019634203
0.010571454
-0.005285727
-0.005285727
-0.001677657
0.00721614
-0.001677657
0.00866721
0.0030092883
0.009838604
0.005285727
0.0013316313
0.010762821
0.005285727
0.00721614
0.00721614
0.00360807
0.0041143326
0.0022764388
0.013335335
-0.0011713943
0.0
-0.0075621656
-0.0007328496
0.0
0.0045528775
0.009105755
0.0049397014
0.013278216
0.011581297
0.0075621656
0.0075621656
-0.005285727
0.008893797
-0.0030092883
0.019104596
0.0030743242
0.0049397014
0.0068293163
-0.005285727
0.0022764388
-0.0003460257
0.0013316313
-0.0075621656
0.010943648
0.008423824
0.009105755
0.0049397014
0.00360807
-0.0075621656
-0.0019634203
0.005285727
0.0058845086
0.0030092883
0.0
0.01082421
0.0063907714
-0.0030092883
0.0022764388
0.008893797
-0.0019634203
0.013145949
0.010571454
-0.003447833
-0.005285727
-0.0030092883
-0.0011713943
-0.0075621656
-0.001677657
0.0022764388
-0.0026224644
-0.005285727
0.0030092883
-0.0011713943
0.00721614
0.005285727
0.009304859
0.0063907714
-0.001677657
0.0063907714
0.008423824
0.0022764388
0.0013316313
0.00721614
-0.0009448074
-0.0039540958
0.014045456
0.005285727
0.009105755
-0.0022764388
0.008295015
0.0063907714
-0.00016845779
0.0068293163
-0.0011713943
-0.0011713943
0.005285727
0.00360807
-0.0075621656
0.0058845086
0.007875184
0.009105755
0.007875184
0.012976701
0.009998841
0.008160948
-0.0011713943
0.022398345
0.010943648
-0.001677657
0.0
0.0022764388
-0.0003460257
0.009998841
-0.0022764388
0.0022764388
-0.005285727
-0.0030092883
0.0045528775
-0.00016845779
0.008423824
-0.005285727
0.009001485
0.0045528775
0.00866721
0.0022764388
0.0
0.008423824
0.00360807
0.0041143326
-0.0019634203
-0.005285727
-0.0075621656
0.0061473856
-0.0022764388
-0.0030092883
0.005285727
-0.0075621656
0.00721614
0.012352559
0.0049397014
-0.005285727
0.00702842
-0.005285727
-0.0007328496
0.007875184
-0.0062305345
0.0
0.0058845086
0.00721614
-0.0026224644
-0.001677657
0.0022764388
-0.0039540958
0.010700263
0.00360807
-0.001677657
0.0022764388
-0.005285727
0.0045528775
-0.001677657
0.0068293163
-0.0075621656
0.0
0.0045528775
0.0022764388
0.010700263
0.0013316313
0.014955874
-0.0045528775
0.005285727
-0.0039540958
0.009838604
0.005285727
0.0075621656
0.0
0.0013316313
0.009998841
0.0075621656
-0.0007328496
-0.0045528775
0.00866721
-0.0022764388
0.008547771
0.00360807
0.0063907714
-0.005285727
-0.0039540958
0.012428061
0.011769017
0.009304859
0.008160948
-0.0075621656
0.013160911
0.0045528775
0.010297611
-0.0075621656
0.0075621656
0.007875184
0.01063649
0.0068293163
0.0
-0.005285727
0.016542394
0.007875184
0.008423824
0.023249505
0.008160948
0.010571454
-0.0030092883
0.0022764388
-0.0075621656
-0.005285727
0.00360807
0.010151623
0.0068293163
0.0
0.011581297
0.0045528775
0.00360807
0.014814596
0.0
-0.0003460257
-0.0011713943
-0.0030092883
0.0013316313
0.010151623
0.0075621656
-0.0026224644
-0.0030092883
0.022843605
0.012847893
0.0063907714
0.014090756
0.0022764388
-0.0007328496
0.005285727
0.0068293163
0.013220088
-0.0022764388
0.0045528775
-0.0022764388
0.0022764388
0.012713824
-0.0007328496
0.00721614
-0.0075621656
-0.0003460257
0.01598599
0.009105755
0.00360807
-0.001677657
0.009304859
0.0058845086
-0.0003460257
0.0068293163
0.0022764388
-0.0014147802
0.005285727
0.0077224025
-0.0030092883
-0.0039540958
-0.0007328496
-0.0075621656
0.009001485
0.013160911
-0.0030092883
-0.005285727
0.011532641
0.010943648
0.0075621656
0.0013316313
-0.005285727
-0.0030092883
0.010151623
0.011946585
-0.0005337458
0.00360807
0.005285727
-0.0011713943
0.0
-0.0007328496
0.0045528775
-0.0039540958
0.012713824
-0.0005337458
0.00360807
0.0075621656
0.014814596
-0.005285727
-0.003447833
0.0022764388
0.0045528775
0.011170235
-0.003447833
0.014921119
0.010151623
0.005285727
-0.0014147802
0.0121961385
0.0022764388
0.010151623
-0.0007328496
0.010571454
0.0030092883
0.0022764388
0.00360807
0.0022764388
0.0061473856
-0.005285727
-0.0062305345
0.0121961385
0.0055987453
0.0
0.00866721
0.0063907714
-0.0039540958
0.0022764388
0.014329318
0.0022764388
0.009670147
0.0068293163
0.0068293163
0.0075621656
-0.0075621656
0.0022764388
-0.0003460257
-0.0075621656
0.0058845086
0.008893797
-0.0003460257
0.009105755
-0.0075621656
0.0061473856
-0.0014147802
0.00360807
0.013857736
-0.005285727
0.008021173
0.012352559
0.008423824
0.0
0.0
-0.00016845779
0.0049397014
0.0075621656
-0.0003460257
-0.0045528775
-0.0039540958
0.00866721
0.012031894
-0.001677657
-0.0022764388
-0.0075621656
0.0075621656
0.0022764388
0.0068293163
0.0061473856
0.00866721
0.017126927
0.010700263
-0.0045528775
0.0063907714
0.018975005
0.0041143326
-0.0039540958
0.0022764388
0.0
0.0030092883
0.0022764388
0.005285727
-0.0011713943
0.012501867
0.009838604
0.0009856055
-0.0045528775
0.005285727
-0.0014147802
0.00360807
-0.0003460257
-0.0003460257
-0.0075621656
-0.0003460257
-0.0075621656
0.00360807
0.0022764388
-0.0075621656
-0.0075621656
0.007875184
-0.0022764388
-0.0075621656
0.011170235
0.01082421
0.0013316313
0.0022764388
-0.0022764388
0.017888213
-0.0009448074
0.0022764388
0.013391476
0.009105755
0.0041143326
0.0045528775
-0.0030092883
0.010437386
0.005285727
0.009755456
0.013473929
0.00702842
-0.0039540958
0.0
0.00702842
0.008423824
-0.0075621656
0.008160948
-0.0005337458
0.0030092883
-0.001677657
0.0058845086
0.0
0.00360807
0.0
-0.0022764388
0.0063907714
0.0063907714
-0.005285727
-0.005285727
-0.005285727
0.011170235
0.0068293163
0.008423824
0.0022764388
0.0058845086
-0.0022764388
-0.0075621656
0.0063907714
0.0049397014
0.008423824
0.009105755
0.0022764388
0.012031894
-0.0075621656
0.010151623
0.007875184
0.0
0.0013316313
-0.005285727
-0.0030092883
-0.0039540958
0.005285727
-0.0014147802
0.009998841
-0.0030092883
0.0066173584
0.010437386
-0.0039540958
0.005285727
0.00866721
0.0075621656
-0.0030092883
-0.0030092883
-0.005285727
0.0
0.011859002
0.0068293163
-0.0011713943
0.008423824
0.0022764388
0.008021173
0.005285727
0.010943648
0.0045528775
0.009492579
-0.005285727
0.009838604
0.013952937
0.008423824
0.011483254
0.011382193
-0.0022764388
0.0063907714
-0.0003460257
0.011058896
0.0077224025
0.0
-0.0075621656
0.0055987453
0.0022764388
0.0058845086
0.00360807
-0.0075621656
-0.003447833
-0.0003460257
0.0
0.0041143326
0.0022764388
-0.005285727
-0.001677657
0.01380908
0.0055987453
0.0022764388
-0.0007328496
0.0
-0.0030092883
0.0049397014
0.0030092883
0.009998841
-0.005285727
0.0055987453
0.0
0.009582562
0.009304859
0.0045528775
0.010151623
0.00360807
0.009001485
0.010151623
0.00360807
-0.0011713943
0.009838604
0.02171531
0.011277924
-0.0075621656
-0.0075621656
0.005285727
0.012352559
0.010700263
0.0
0.0022764388
0.0013316313
0.0
-0.0011713943
0.0022764388
0.0022764388
-0.0019634203
0.0045528775
0.0063907714
0.011058896
-0.0045528775
0.00866721
-0.0011713943
0.015723113
0.009492579
0.0
0.01082421
0.0
-0.0026224644
-0.0075621656
0.012428061
0.0022764388
0.0075621656
0.0049397014
0.00360807
0.009670147
0.009105755
0.0055987453
0.0
-0.0011713943
-0.0007328496
-0.00016845779
-0.0039540958
0.0022764388
0.014045456
0.010297611
-0.0030092883
-0.001677657
0.0022764388
0.009105755
-0.001677657
0.011058896
-0.005285727
0.020150464
-0.0022764388
-0.0022764388
-0.0075621656
0.0
0.0022764388
0.0063907714
-0.0039540958
0.009492579
0.0075621656
0.0045528775
0.0022764388
-0.0075621656
0.0045528775
0.0075621656
0.010151623
-0.0003460257
0.005285727
0.005285727
0.009492579
-0.0022764388
0.005285727
-0.001677657
-0.0039540958
-0.0007328496
0.005285727
0.012574051
0.0022764388
0.0045528775
0.010571454
-0.0003460257
0.010297611
0.01063649
0.010943648
0.010943648
-0.0075621656
0.0058845086
-0.003447833
0.0030092883
0.015315698
0.008893797
0.008893797
-0.0075621656
0.0075621656
0.0
-0.0045528775
0.0022764388
0.011170235
0.005285727
0.009304859
0.0013316313
0.008160948
0.0075621656
0.0
0.00360807
0.011170235
0.0022764388
0.01979019
0.0022764388
0.012352559
0.016109938
0.007875184
0.00360807
0.0030092883
0.0075621656
0.0075621656
-0.0030092883
0.013278216
0.00866721
-0.0039540958
0.009838604
0.0022764388
0.005285727
0.009001485
-0.005285727
-0.0011713943
0.0
0.0013316313
0.0041143326
0.010571454
0.00360807
0.00360807
-0.0011713943
-0.0039540958
0.0
0.005285727
0.022102134
0.0013316313
0.0
0.0
-0.0045528775
-0.0039540958
-0.0026224644
0.0055987453
0.011859002
0.0
0.0022764388
0.0022764388
0.0075621656
0.0063907714
0.012352559
0.0013316313
0.008893797
-0.0011713943
0.0022764388
0.007875184
0.008423824
-0.001677657
0.0055987453
0.011170235
0.020840382
0.0022764388
0.0022764388
0.0022764388
-0.0075621656
0.010943648
0.0055987453
-0.0011713943
0.0030092883
-0.001677657
-0.0039540958
0.008160948
0.0045528775
0.010368242
-0.0075621656
0.009105755
0.0049397014
0.0045528775
-0.005285727
0.0058845086
0.00360807
0.0075621656
0.0049397014
0.0
0.0
-0.0026224644
0.005285727
0.0
-0.0062305345
0.010437386
-0.0030092883
0.0058845086
0.013100648
-0.0019634203
0.0
-0.005285727
-0.0003460257
-0.0026224644
0.011946585
-0.003447833
0.009670147
0.009492579
-0.0045528775
0.0
-0.0039540958
0.0022764388
-0.0039540958
-0.0003460257
-0.0007328496
-0.00016845779
0.0022764388
0.0
0.017638287
0.011170235
0.009492579
0.008423824
0.0013316313
-0.0003460257
-0.0022764388
0.0022764388
0.00360807
-0.00016845779
0.00360807
0.0
-0.0022764388
0.00360807
0.008160948
0.0
0.009998841
0.005285727
0.012847893
0.009304859
0.0049397014
-0.005285727
-0.0005337458
0.013363525
0.00360807
0.01082421
-0.001677657
0.017351134
0.0058845086
-0.005285727
0.011058896
0.008423824
0.009492579
-0.0075621656
0.01543735
0.00360807
0.0022764388
-0.0007328496
0.0075621656
0.005285727
0.0
0.00360807
0.0049397014
-0.0003460257
0.0022764388
0.012115043
0.012115043
0.0029429384
0.00360807
0.012031894
0.008893797
0.011058896
0.0
0.0022764388
0.005285727
0.012115043
-0.0039540958
0.008021173
0.0063907714
0.005285727
0.008423824
0.012912928
0.0049397014
-0.0075621656
-0.005285727
0.00360807
-0.0019634203
0.0068293163
-0.0022764388
0.0022764388
0.00360807
0.0061473856
-0.0026224644
0.0063907714
0.0022764388
-0.0030092883
0.00360807
-0.0011713943
0.00360807
0.0022764388
0.0049397014
0.0022764388
-0.0022764388
0.0045528775
0.0058845086
0.0063907714
0.007875184
0.00360807
-0.0075621656
0.0013316313
0.005285727
-0.0030092883
0.0022764388
0.010437386
0.00360807
0.0022764388
-0.0039540958
0.01303926
0.007875184
0.0013316313
-0.005285727
0.009105755
-0.0022764388
0.0061473856
0.0022764388
-0.0011713943
0.0041143326
-0.0075621656
-0.0062305345
0.0022764388
0.0012202916
0.0
-0.00016845779
0.0
-0.0039540958
-0.0022764388
0.0075621656
-0.0075621656
0.0
0.0
-0.0075621656
0.0022764388
-0.0022764388
0.008160948
0.00360807
-0.005285727
-0.005285727
0.016542394
0.008423824
-0.0045528775
0.0
-0.0003460257
-0.005285727
0.0013316313
0.00360807
0.0013316313
0.0058845086
-0.0011713943
0.0
0.0030092883
-0.0007328496
0.026520861
0.0022764388
0.005285727
0.009582562
-0.0075621656
0.009492579
0.01227528
0.0030092883
0.0
0.009304859
0.0
0.0058845086
0.005285727
0.010297611
-0.0022764388
0.00360807
0.012428061
0.0063907714
0.00360807
0.0045528775
0.010700263
0.0058845086
0.009998841
0.0022764388
0.010700263
0.01380908
0.0
0.015750367
0.00360807
0.0022764388
-0.005285727
0.0063907714
-0.0075621656
-0.0009448074
0.0045528775
-0.0003460257
0.0
-0.0039540958
0.0022764388
0.0041143326
-0.0062305345
0.009670147
-0.0039540958
0.0
-0.0062305345
0.00721614
0.018243426
0.00360807
-0.0007328496
-0.0022764388
0.00360807
-0.0045528775
0.0
0.0063907714
-0.0005337458
0.0049397014
0.01685735
0.008423824
-0.001677657
-0.0039540958
0.0075621656
0.012073732
0.0
0.0045528775
-0.0039540958
0.011170235
0.012352559
-0.0014147802
0.007875184
-0.0003460257
0.020363754
0.012976701
0.0063907714
0.0063907714
0.0022764388
-0.003447833
-0.0022764388
-0.0030092883
0.0011050444
-0.001677657
0.009755456
0.010943648
0.00360807
0.0022764388
0.005285727
-0.001677657
-0.0007328496
0.0049397014
0.0058845086
0.0066173584
0.0041143326
0.0
0.01303926
-0.0011713943
0.01227528
0.011946585
-0.0009448074
0.010151623
-0.0011713943
0.014045456
-0.0075621656
-0.0062305345
0.005285727
0.0
0.007875184
0.0022764388
0.01474161
-0.005285727
0.0041143326
-0.005285727
-0.0003460257
0.008893797
0.009492579
-0.0062305345
-0.0045528775
0.0022764388
0.0022764388
0.008160948
-0.005285727
-0.005285727
0.0022764388
0.0
0.0
0.0063907714
0.012781543
-0.001677657
0.01227528
0.0
0.0063907714
0.00702842
0.0030092883
0.00721614
0.0022764388
0.0022764388
0.013857736
-0.0026224644
0.0
0.0063907714
0.0022764388
0.0
0.00866721
0.0
0.00360807
0.0045528775
-0.0030092883
-0.005285727
-0.0075621656
0.009304859
-0.0011713943
0.009998841
0.0030092883
0.0045528775
0.0022764388
0.0
-0.0026224644
0.00360807
-0.0030092883
0.0068293163
-0.0062305345
-0.0030092883
-0.0011713943
0.0
0.009998841
-0.0026224644
0.0058845086
-0.0030092883
-0.0030092883
-0.001677657
0.013446675
0.011170235
0.0061473856
0.015554655
0.010297611
-0.0011713943
0.010571454
-0.0019634203
0.009998841
-0.005285727
0.0066173584
-0.003447833
0.0075621656
0.0022764388
0.0030092883
-0.005285727
0.0013316313
0.00721614
0.0022764388
0.0063907714
0.008423824
0.011769017
0.0058845086
0.0049397014
0.0
0.008423824
-0.0022764388
0.010505104
0.0068293163
0.0041143326
0.0
0.0055987453
0.0022764388
-0.003447833
0.0030092883
0.0
0.013335335
-0.005285727
0.0
0.009838604
0.005285727
0.013160911
0.0058845086
0.008021173
0.0045528775
-0.0009448074
0.018013207
-0.0030092883
0.0
0.008893797
-0.005285727
0.0075621656
0.0068293163
0.0022764388
-0.0011713943
0.009206816
0.019990226
-0.0062305345
-0.0022764388
0.005285727
-0.0019634203
0.0045528775
0.008160948
0.010700263
-0.005285727
0.0
0.0058845086
0.011483254
0.01227528
0.00360807
0.0094000595
0.0045528775
0.00721614
0.011058896
0.010943648
-0.0005337458
0.0077224025
0.00360807
-0.0039540958
0.009105755
-0.0022764388
0.010437386
-0.0030092883
0.012976701
0.00360807
0.0
0.0
0.00721614
0.009670147
-0.001677657
0.00360807
0.0068293163
0.00360807
0.0061473856
0.0022764388
0.008423824
0.009304859
-0.0003460257
0.0022764388
0.0055987453
0.0058845086
-0.005285727
0.0022764388
0.009492579
-0.0026224644
0.0045528775
-0.005285727
0.008547771
0.00721614
-0.0030092883
-0.0011713943
0.011676499
0.008160948
-0.0039540958
0.011001778
-0.0026224644
0.0045528775
0.009492579
0.010151623
-0.001677657
0.0
-0.0039540958
0.0045528775
-0.005285727
0.008160948
0.009492579
0.0022764388
0.009998841
-0.005285727
0.0100761205
0.02135158
0.00360807
0.0061473856
0.011581297
0.0013316313
-0.0075621656
0.0066173584
0.0075621656
0.011946585
-0.0062305345
0.01227528
0.00866721
-0.0075621656
-0.0022764388
-0.0022764388
-0.0022764388
0.005285727
0.01063649
0.010297611
0.011170235
0.0022764388
0.0045528775
0.0075621656
0.0013316313
0.015124331
-0.0030092883
0.0
0.0022764388
0.0
0.0
-0.0022764388
0.0075621656
-0.0011713943
0.008782458
-0.0011713943
0.009838604
0.0022764388
0.011382193
-0.0075621656
0.009998841
-0.005285727
0.011483254
-0.0003460257
-0.0045528775
0.0063907714
0.007875184
-0.0062305345
0.009670147
-0.0030092883
0.0022764388
-0.0022764388
0.0058845086
0.0
0.0061473856
0.023580834
0.011946585
0.0063907714
0.00360807
0.00721614
0.0030092883
0.0022764388
-0.0039540958
0.00360807
0.0022764388
0.0022764388
0.011859002
-0.0022764388
-0.0007328496
-0.0039540958
0.0030092883
0.0022764388
-0.0009448074
0.012976701
0.0061473856
0.00360807
0.0045528775
-0.0039540958
0.0055987453
0.0030092883
0.0030092883
0.009998841
0.005285727
-0.0011713943
0.00360807
0.00866721
-0.0045528775
0.016521
0.0022764388
0.00360807
0.00360807
-0.0030092883
0.00721614
-0.005285727
0.0136069115
0.0
0.00016023699
0.0055987453
-0.0011713943
0.019982755
0.01082421
0.011058896
0.0007328496
0.010943648
0.0030092883
0.0013316313
0.008893797
0.0022764388
0.0
-0.005285727
-0.005285727
-0.0019634203
-0.0075621656
0.012031894
0.009105755
0.009838604
-0.0022764388
0.0066173584
0.011277924
0.009838604
-0.0003460257
-0.005285727
-0.0022764388
0.01350096
0.011277924
0.0058845086
0.0
-0.001677657
0.0068293163
0.0
0.01413544
0.014955874
0.011859002
-0.0009448074
0.00360807
-0.0022764388
0.011581297
0.00360807
0.0045528775
-0.0022764388
-0.0039540958
-0.005285727
-0.0030092883
-0.001677657
-0.005285727
0.0022764388
-0.0075621656
0.0049397014
0.009670147
-0.0045528775
0.01303926
0.0013316313
0.0
-0.0075621656
0.0022764388
0.0
0.005285727
0.0
-0.0007328496
0.008893797
0.009492579
-0.005285727
-0.005285727
0.0045528775
0.0012202916
-0.0022764388
0.007875184
-0.0030092883
-0.003447833
0.0063907714
0.0022764388
0.010700263
0.0063907714
0.010297611
0.011769017
-0.0030092883
0.00360807
-0.00016845779
0.00866721
-0.0011713943
-0.0039540958
-0.001677657
0.009838604
0.011277924
0.0068293163
0.009838604
0.0
-0.0030092883
0.0
0.00866721
0.00360807
0.0
0.0022764388
-0.0045528775
-0.0022764388
-0.0075621656
-0.0039540958
0.0022764388
-0.0039540958
-0.001677657
0.0
-0.0003460257
-0.0011713943
-0.005285727
0.011859002
0.0045528775
0.0
0.0045528775
0.0077224025
0.0045528775
0.0075621656
0.011581297
0.0022764388
0.009105755
0.0066173584
0.0022764388
0.0022764388
0.0014393198
0.0
0.009838604
0.007875184
0.00360807
-0.0009448074
-0.0022764388
-0.0030092883
-0.0003460257
0.011058896
0.0022764388
0.009105755
0.008893797
-0.0045528775
-0.001677657
0.010571454
0.010297611
0.0045528775
-0.005285727
0.00721614
0.013278216
-0.0011713943
-0.0062305345
0.013160911
0.010437386
0.008423824
0.008021173
-0.003447833
0.008893797
-0.003447833
-0.0045528775
0.0075621656
0.00360807
0.009492579
0.0121961385
-0.001677657
-0.001677657
0.022472788
-0.0022764388
0.00360807
-0.0022764388
0.00360807
0.0
0.008893797
0.010700263
0.00721614
0.011433112
0.0058845086
0.0030092883
0.023213338
0.009998841
0.0
0.0041143326
0.011382193
-0.0045528775
0.0077224025
0.0068293163
0.0068293163
-0.0075621656
0.009105755
-0.0075621656
0.0063907714
-0.0019634203
0.008295015
0.008160948
0.0045528775
0.0068293163
0.0
0.009998841
0.0058845086
0.0063907714
0.007875184
0.012428061
0.00866721
-0.0030092883
0.010437386
0.008893797
0.0
0.0022764388
0.008893797
0.012352559
0.024949772
0.015346536
0.0058845086
-0.0011713943
0.00031301833
0.009105755
0.009998841
0.00866721
0.011382193
0.009105755
0.009838604
0.0
-0.0030092883
-0.0009448074
-0.0045528775
0.0
0.0045528775
0.0
0.011676499
0.0049397014
0.008423824
-0.0026224644
-0.0062305345
0.011946585
0.0022764388
0.0
0.013220088
0.0049397014
0.009582562
0.0022764388
0.0
0.005285727
0.005285727
0.007875184
0.01063649
0.011058896
0.007393708
0.0068293163
0.012352559
0.0
0.0022764388
0.00866721
0.013905682
-0.0075621656
0.018517522
0.0022764388
0.008281852
0.0
0.00866721
0.0055987453
0.011859002
0.010884472
0.015315698
0.0075621656
0.0058845086
0.00360807
-0.0005337458
-0.0062305345
0.005285727
-0.0003460257
0.0136069115
0.0075621656
0.011170235
0.005285727
0.0055987453
0.0013316313
0.009755456
0.012115043
-0.0039540958
-0.0039540958
-0.0003460257
0.011483254
0.009670147
0.012574051
-0.0030092883
-0.005285727
0.008893797
0.0058845086
-0.003447833
0.0063907714
0.009105755
0.0022764388
0.0022764388
-0.0030092883
-0.0075621656
-0.0075621656
-0.005285727
0.0041143326
-0.0039540958
0.0030092883
0.010943648
-0.0030092883
0.0068293163
0.0009856055
0.009838604
0.0013316313
0.0022764388
-0.001677657
0.0030743242
-0.0075621656
-0.005285727
-0.0039540958
0.0
0.009670147
-0.0007328496
-0.0045528775
0.0
0.0058845086
-0.005285727
0.0
0.0024366756
0.010943648
-0.0007328496
0.00360807
-0.0011713943
0.0045528775
0.011859002
-0.003447833
0.0
0.0058845086
0.011946585
0.007875184
0.0
0.00360807
-0.005285727
0.00360807
-0.0022764388
0.009105755
0.0063907714
0.00360807
0.0
0.005285727
0.00016023699
0.0
-0.0075621656
0.0
0.0013316313
-0.0075621656
0.013278216
0.009001485
-0.0011713943
0.012031894
0.008423824
0.009492579
-0.0030092883
-0.0075621656
0.0
0.0022764388
0.0063907714
0.0153770875
0.0022764388
-0.0039540958
0.009304859
0.0022764388
0.008423824
0.0022764388
-0.0030092883
0.009304859
0.017529579
0.0068293163
