[-0.05885909]
[-0.05885909]
[-0.05885909]
[-0.05885909]
[-0.05885909]
[-0.05885909]
[-0.05885909]
[-0.05885909]
[-0.05885909]
[-0.05885909]
[-0.05885909]
[-0.05885909]
[-0.05885909]
[-0.05885909]
[-0.05885909]
[-0.05885909]
[-0.05885909]
[-0.05885909]
[0.24256128]
[-0.05885909]
[-0.05885909]
[-0.05885909]
[-0.05885909]
[0.13530909]
[-0.05885909]
[-0.05885909]
[-0.05885909]
[-0.05885909]
[-0.05885909]
[-0.05885909]
[-0.05885909]
[-0.05885909]
[-0.05885909]
[0.25200936]
[-0.05885909]
[-0.05885909]
[-0.05885909]
[-0.05885909]
[-0.05885909]
[0.25694466]
[-0.05885909]
[-0.05885909]
[-0.05885909]
[-0.05885909]
[-0.05885909]
[-0.05885909]
[0.1711822]
[-0.05885909]
[-0.05885909]
[0.3136018]
[-0.05885909]
[-0.05885909]
[-0.05885909]
[-0.05885909]
[-0.05885909]
[0.13842516]
[-0.05885909]
[-0.05885909]
[-0.05885909]
[-0.05885909]
[-0.05885909]
[-0.05885909]
[-0.05885909]
[0.31142607]
[-0.05885909]
[-0.05885909]
[-0.05885909]
[-0.05885909]
[-0.05885909]
[-0.05885909]
[-0.05885909]
[-0.05885909]
[-0.05885909]
[-0.05885909]
[-0.05885909]
[0.30118874]
[-0.05885909]
[-0.05885909]
[-0.05885909]
[-0.05885909]
[-0.05885909]
[-0.05885909]
[-0.05885909]
[-0.05885909]
[-0.05885909]
[-0.05885909]
[-0.05885909]
[-0.05885909]
[-0.05885909]
[-0.05885909]
[-0.05885909]
[-0.05885909]
[-0.05885909]
[-0.05885909]
[-0.05885909]
[-0.05885909]
[-0.05885909]
[-0.05885909]
[-0.05885909]
[-0.05885909]
[-0.05885909]
[-0.05885909]
[-0.05885909]
[-0.05885909]
[-0.05885909]
[-0.05885909]
[-0.05885909]
[-0.05885909]
[-0.05885909]
[-0.05885909]
[-0.05885909]
[-0.05885909]
[-0.05885909]
[0.21117188]
[-0.05885909]
[-0.05885909]
[-0.05885909]
[-0.05885909]
[0.20029476]
[-0.05885909]
[0.26350525]
[-0.05885909]
[-0.05885909]
[-0.05885909]
[-0.05885909]
[-0.05885909]
[-0.05885909]
[-0.05885909]
[0.16191494]
[-0.05885909]
[-0.05885909]
[-0.05885909]
[-0.05885909]
[-0.05885909]
[-0.05885909]
[-0.05885909]
[-0.05885909]
[-0.05885909]
[-0.05885909]
[-0.05885909]
[-0.05885909]
[-0.05885909]
[-0.05885909]
[-0.05885909]
[-0.05885909]
[-0.05885909]
[-0.05885909]
[-0.05885909]
[-0.05885909]
[-0.05885909]
[-0.05885909]
[-0.05885909]
[-0.05885909]
[-0.05885909]
[-0.05885909]
[-0.05885909]
[-0.05885909]
[-0.05885909]
[-0.05885909]
[-0.05885909]
[-0.05885909]
[-0.05885909]
[-0.05885909]
[-0.05885909]
[-0.05885909]
[-0.05885909]
[-0.05885909]
[-0.05885909]
[-0.05885909]
[-0.05885909]
[-0.05885909]
[-0.05885909]
[-0.05885909]
[-0.05885909]
[-0.05885909]
[-0.05885909]
[-0.05885909]
[-0.05885909]
[-0.05885909]
[-0.05885909]
[-0.05885909]
[0.19126587]
[-0.05885909]
[-0.05885909]
[-0.05885909]
[-0.05885909]
[-0.05885909]
[-0.05885909]
[-0.05885909]
[-0.05885909]
[-0.05885909]
[-0.05885909]
[-0.05885909]
[-0.05885909]
[-0.05885909]
[-0.05885909]
[-0.05885909]
[-0.05885909]
[-0.05885909]
[-0.05885909]
[-0.05885909]
[-0.05885909]
[-0.05885909]
[-0.05885909]
[-0.05885909]
[-0.05885909]
[-0.05885909]
[-0.05885909]
[-0.05885909]
[-0.05885909]
[-0.05885909]
[-0.05885909]
[-0.05885909]
[-0.05885909]
[-0.05885909]
[-0.05885909]
[-0.05885909]
[0.24950862]
[0.20178485]
[-0.05885909]
[-0.05885909]
[-0.05885909]
[-0.05885909]
[-0.05885909]
[-0.05885909]
[-0.05885909]
[-0.05885909]
[-0.05885909]
[-0.05885909]
[-0.05885909]
[-0.05885909]
[-0.05885909]
[-0.05885909]
[-0.05885909]
[-0.05885909]
[0.17647323]
[-0.05885909]
[-0.05885909]
[-0.05885909]
[-0.05885909]
[-0.05885909]
[-0.05885909]
[-0.05885909]
[-0.05885909]
[-0.05885909]
[0.2612309]
[-0.05885909]
[0.27210617]
[-0.05885909]
[-0.05885909]
[-0.05885909]
[-0.05885909]
[-0.05885909]
[-0.05885909]
[-0.05885909]
[0.22342642]
[-0.05885909]
[0.17829226]
[-0.05885909]
[-0.05885909]
[-0.05885909]
[-0.05885909]
[-0.05885909]
[-0.05885909]
[-0.05885909]
[-0.05885909]
[-0.05885909]
[-0.05885909]
[-0.05885909]
[-0.05885909]
[-0.05885909]
[-0.05885909]
[0.20830886]
[-0.05885909]
[-0.05885909]
[-0.05885909]
[-0.05885909]
[-0.05885909]
[-0.05885909]
[-0.05885909]
[-0.05885909]
[-0.05885909]
[-0.05885909]
[-0.05885909]
[-0.05885909]
[-0.05885909]
[-0.05885909]
[-0.05885909]
[0.2803449]
[-0.05885909]
[-0.05885909]
[-0.05885909]
[-0.05885909]
[-0.05885909]
[-0.05885909]
[-0.05885909]
[-0.05885909]
[-0.05885909]
[-0.05885909]
[-0.05885909]
[-0.05885909]
[-0.05885909]
[-0.05885909]
[-0.05885909]
[-0.05885909]
[-0.05885909]
[-0.05885909]
[-0.05885909]
[-0.05885909]
[-0.05885909]
[0.22619921]
[0.20972738]
[-0.05885909]
[-0.05885909]
[-0.05885909]
[-0.05885909]
[-0.05885909]
[0.23883241]
[-0.05885909]
[-0.05885909]
[-0.05885909]
[-0.05885909]
[-0.05885909]
[-0.05885909]
[-0.05885909]
[-0.05885909]
[-0.05885909]
[-0.05885909]
[-0.05885909]
[-0.05885909]
[-0.05885909]
[-0.05885909]
[-0.05885909]
[-0.05885909]
[0.29185033]
[-0.05885909]
[-0.05885909]
[-0.05885909]
[-0.05885909]
[-0.05885909]
[-0.05885909]
[-0.05885909]
[-0.05885909]
[-0.05885909]
[-0.05885909]
[-0.05885909]
[-0.05885909]
[-0.05885909]
[-0.05885909]
[-0.05885909]
[-0.05885909]
[-0.05885909]
[-0.05885909]
[-0.05885909]
[-0.05885909]
[-0.05885909]
[-0.05885909]
[-0.05885909]
[-0.05885909]
[-0.05885909]
[-0.05885909]
[-0.05885909]
[-0.05885909]
[-0.05885909]
[-0.05885909]
[-0.05885909]
[-0.05885909]
[-0.05885909]
[0.18121612]
[-0.05885909]
[-0.05885909]
[-0.05885909]
[-0.05885909]
[-0.05885909]
[-0.05885909]
[-0.05885909]
[-0.05885909]
[-0.05885909]
[-0.05885909]
[-0.05885909]
[-0.05885909]
[-0.05885909]
[-0.05885909]
[-0.05885909]
[-0.05885909]
[-0.05885909]
[-0.05885909]
[-0.05885909]
[0.22206394]
[-0.05885909]
[-0.05885909]
[-0.05885909]
[-0.05885909]
[-0.05885909]
[-0.05885909]
[-0.05885909]
[-0.05885909]
[-0.05885909]
[-0.05885909]
[-0.05885909]
[-0.05885909]
[-0.05885909]
[-0.05885909]
[-0.05885909]
[-0.05885909]
[-0.05885909]
[-0.05885909]
[-0.05885909]
[-0.05885909]
[-0.05885909]
[-0.05885909]
[-0.05885909]
[-0.05885909]
[-0.05885909]
[-0.05885909]
[-0.05885909]
[-0.05885909]
[-0.05885909]
[-0.05885909]
[-0.05885909]
[-0.05885909]
[-0.05885909]
[-0.05885909]
[-0.05885909]
[0.26462567]
[-0.05885909]
[-0.05885909]
[-0.05885909]
[-0.05885909]
[-0.05885909]
[-0.05885909]
[-0.05885909]
[0.20736733]
[-0.05885909]
[0.20420618]
[-0.05885909]
[-0.05885909]
[-0.05885909]
[-0.05885909]
[-0.05885909]
[-0.05885909]
[-0.05885909]
[-0.05885909]
[-0.05885909]
[-0.05885909]
[-0.05885909]
[-0.05885909]
[-0.05885909]
[-0.05885909]
[-0.05885909]
[-0.05885909]
[0.166927]
[-0.05885909]
[-0.05885909]
[-0.05885909]
[-0.05885909]
[-0.05885909]
[-0.05885909]
[0.19710627]
[-0.05885909]
[-0.05885909]
[-0.05885909]
[-0.05885909]
[-0.05885909]
[-0.05885909]
[-0.05885909]
[0.24135068]
[-0.05885909]
[0.23284131]
[-0.05885909]
[-0.05885909]
[-0.05885909]
[-0.05885909]
[-0.05885909]
[-0.05885909]
[-0.05885909]
[-0.05885909]
[-0.05885909]
[0.26661986]
[-0.05885909]
[-0.05885909]
[-0.05885909]
[-0.05885909]
[-0.05885909]
[0.29501975]
[-0.05885909]
[-0.05885909]
[0.21275061]
[-0.05885909]
[-0.05885909]
[-0.05885909]
[-0.05885909]
[-0.05885909]
[-0.05885909]
[-0.05885909]
[-0.05885909]
[-0.05885909]
[-0.05885909]
[-0.05885909]
[-0.05885909]
[-0.05885909]
[-0.05885909]
[-0.05885909]
[-0.05885909]
[-0.05885909]
[-0.05885909]
[-0.05885909]
[-0.05885909]
[-0.05885909]
[-0.05885909]
[-0.05885909]
[-0.05885909]
[-0.05885909]
[-0.05885909]
[-0.05885909]
[-0.05885909]
[-0.05885909]
[-0.05885909]
[-0.05885909]
[-0.05885909]
[-0.05885909]
[-0.05885909]
[-0.05885909]
[-0.05885909]
[-0.05885909]
[-0.05885909]
[-0.05885909]
[-0.05885909]
[-0.05885909]
[-0.05885909]
[-0.05885909]
[-0.05885909]
[-0.05885909]
[-0.05885909]
[-0.05885909]
[-0.05885909]
[0.22805376]
[-0.05885909]
[0.1784432]
[0.1500077]
[0.22501305]
[-0.05885909]
[-0.05885909]
[-0.05885909]
[-0.05885909]
[-0.05885909]
[-0.05885909]
[-0.05885909]
[-0.05885909]
[-0.05885909]
[-0.05885909]
[-0.05885909]
[-0.05885909]
[-0.05885909]
[-0.05885909]
[-0.05885909]
[-0.05885909]
[0.29733065]
[-0.05885909]
[-0.05885909]
[-0.05885909]
[-0.05885909]
[-0.05885909]
[-0.05885909]
[-0.05885909]
[-0.05885909]
[-0.05885909]
[-0.05885909]
[-0.05885909]
[-0.05885909]
[-0.05885909]
[-0.05885909]
[-0.05885909]
[-0.05885909]
[-0.05885909]
[-0.05885909]
[-0.05885909]
[-0.05885909]
[-0.05885909]
[-0.05885909]
[-0.05885909]
[-0.05885909]
[-0.05885909]
[-0.05885909]
[-0.05885909]
[-0.05885909]
[-0.05885909]
[-0.05885909]
[-0.05885909]
[-0.05885909]
[-0.05885909]
[-0.05885909]
[-0.05885909]
[-0.05885909]
[-0.05885909]
[-0.05885909]
[-0.05885909]
[-0.05885909]
[0.25159365]
[-0.05885909]
[-0.05885909]
[-0.05885909]
[-0.05885909]
[-0.05885909]
[-0.05885909]
[-0.05885909]
[-0.05885909]
[-0.05885909]
[-0.05885909]
[-0.05885909]
[-0.05885909]
[-0.05885909]
[-0.05885909]
[-0.05885909]
[-0.05885909]
[-0.05885909]
[0.14684919]
[-0.05885909]
[-0.05885909]
[-0.05885909]
[-0.05885909]
[-0.05885909]
[-0.05885909]
[0.27119985]
[-0.05885909]
[-0.05885909]
[0.27600425]
[-0.05885909]
[-0.05885909]
[-0.05885909]
[-0.05885909]
[-0.05885909]
[-0.05885909]
[-0.05885909]
[-0.05885909]
[-0.05885909]
[-0.05885909]
[-0.05885909]
[-0.05885909]
[-0.05885909]
[-0.05885909]
[-0.05885909]
[-0.05885909]
[-0.05885909]
[-0.05885909]
[-0.05885909]
[-0.05885909]
[-0.05885909]
[-0.05885909]
[-0.05885909]
[-0.05885909]
[-0.05885909]
[-0.05885909]
[-0.05885909]
[-0.05885909]
[-0.05885909]
[-0.05885909]
[-0.05885909]
[0.14994237]
[-0.05885909]
[-0.05885909]
[-0.05885909]
[-0.05885909]
[-0.05885909]
[-0.05885909]
[-0.05885909]
[-0.05885909]
[-0.05885909]
[-0.05885909]
[-0.05885909]
[-0.05885909]
[-0.05885909]
[-0.05885909]
[-0.05885909]
[-0.05885909]
[-0.05885909]
[-0.05885909]
[-0.05885909]
[-0.05885909]
[-0.05885909]
[-0.05885909]
[-0.05885909]
[-0.05885909]
[-0.05885909]
[-0.05885909]
[-0.05885909]
[-0.05885909]
[0.24703842]
[-0.05885909]
[-0.05885909]
[-0.05885909]
[-0.05885909]
[-0.05885909]
[-0.05885909]
[-0.05885909]
[-0.05885909]
[-0.05885909]
[-0.05885909]
[-0.05885909]
[-0.05885909]
[-0.05885909]
[0.27725318]
[-0.05885909]
[-0.05885909]
[-0.05885909]
[-0.05885909]
[0.2611196]
[-0.05885909]
[-0.05885909]
[-0.05885909]
[-0.05885909]
[-0.05885909]
[-0.05885909]
[-0.05885909]
[0.37138298]
[-0.05885909]
[-0.05885909]
[-0.05885909]
[-0.05885909]
[-0.05885909]
[-0.05885909]
[0.301442]
[-0.05885909]
[-0.05885909]
[-0.05885909]
[0.18766226]
[-0.05885909]
[-0.05885909]
[-0.05885909]
[-0.05885909]
[0.19205414]
[0.13374867]
[-0.05885909]
[-0.05885909]
[-0.05885909]
[-0.05885909]
[0.18921377]
