[-0.45152968]
[-0.45152968]
[-0.45152968]
[-0.45152968]
[-0.45152968]
[-0.45152968]
[-0.45152968]
[-0.3759738]
[-0.45152968]
[-0.45152968]
[-0.45152968]
[-0.45152968]
[-0.45152968]
[-0.45152968]
[-0.45152968]
[-0.45152968]
[-0.45152968]
[-0.45152968]
[-0.45152968]
[-0.45152968]
[-0.45152968]
[-0.45152968]
[-0.45152968]
[-0.45152968]
[-0.3446931]
[-0.45152968]
[-0.45152968]
[-0.45152968]
[-0.45152968]
[-0.45152968]
[-0.45152968]
[-0.45152968]
[-0.45152968]
[-0.45152968]
[-0.45152968]
[-0.45152968]
[-0.45152968]
[-0.45152968]
[-0.45152968]
[-0.45152968]
[-0.45152968]
[-0.45152968]
[-0.45152968]
[-0.45152968]
[-0.45152968]
[-0.45152968]
[-0.45152968]
[-0.45152968]
[-0.45152968]
[-0.45152968]
[-0.45152968]
[-0.45152968]
[-0.45152968]
[-0.45152968]
[-0.45152968]
[-0.45152968]
[-0.45152968]
[-0.45152968]
[-0.45152968]
[-0.45152968]
[-0.45152968]
[-0.45152968]
[-0.45152968]
[-0.3862381]
[-0.45152968]
[-0.45152968]
[-0.45152968]
[-0.45152968]
[-0.45152968]
[-0.45152968]
[-0.45152968]
[-0.45152968]
[-0.45152968]
[-0.45152968]
[-0.45152968]
[-0.45152968]
[-0.45152968]
[-0.45152968]
[-0.45152968]
[-0.45152968]
[-0.45152968]
[-0.39560235]
[-0.45152968]
[-0.45152968]
[-0.45152968]
[-0.45152968]
[-0.45152968]
[-0.45152968]
[-0.45152968]
[-0.45152968]
[-0.45152968]
[-0.45152968]
[-0.45152968]
[-0.45152968]
[-0.45152968]
[-0.45152968]
[-0.45152968]
[-0.45152968]
[-0.45152968]
[-0.45152968]
[-0.45152968]
[-0.45152968]
[-0.45152968]
[-0.45152968]
[-0.45152968]
[-0.45152968]
[-0.45152968]
[-0.45152968]
[-0.45152968]
[-0.45152968]
[-0.45152968]
[-0.45152968]
[-0.45152968]
[-0.45152968]
[-0.45152968]
[-0.45152968]
[-0.45152968]
[-0.45152968]
[-0.45152968]
[-0.45152968]
[-0.45152968]
[-0.45152968]
[-0.45152968]
[-0.45152968]
[-0.45152968]
[-0.45152968]
[-0.45152968]
[-0.45152968]
[-0.45152968]
[-0.45152968]
[-0.45152968]
[-0.45152968]
[-0.45152968]
[-0.45152968]
[-0.45152968]
[-0.45152968]
[-0.45152968]
[-0.45152968]
[-0.45152968]
[-0.45152968]
[-0.45152968]
[-0.45152968]
[-0.45152968]
[-0.45152968]
[-0.45152968]
[-0.45152968]
[-0.45152968]
[-0.45152968]
[-0.45152968]
[-0.45152968]
[-0.45152968]
[-0.45152968]
[-0.45152968]
[-0.45152968]
[-0.45152968]
[-0.45152968]
[-0.45152968]
[-0.45152968]
[-0.4107852]
[-0.45152968]
[-0.45152968]
[-0.45152968]
[-0.45152968]
[-0.45152968]
[-0.45152968]
[-0.45152968]
[-0.45152968]
[-0.3527433]
[-0.38298386]
[-0.45152968]
[-0.45152968]
[-0.45152968]
[-0.45152968]
[-0.45152968]
[-0.45152968]
[-0.45152968]
[-0.45152968]
[-0.45152968]
[-0.45152968]
[-0.45152968]
[-0.45152968]
[-0.45152968]
[-0.39469603]
[-0.45152968]
[-0.45152968]
[-0.45152968]
[-0.45152968]
[-0.45152968]
[-0.45152968]
[-0.45152968]
[-0.45152968]
[-0.45152968]
[-0.45152968]
[-0.45152968]
[-0.45152968]
[-0.45152968]
[-0.45152968]
[-0.45152968]
[-0.45152968]
[-0.45152968]
[-0.45152968]
[-0.45152968]
[-0.45152968]
[-0.45152968]
[-0.45152968]
[-0.45152968]
[-0.45152968]
[-0.45152968]
[-0.45152968]
[-0.45152968]
[-0.45152968]
[-0.45152968]
[-0.45152968]
[-0.45152968]
[-0.45152968]
[-0.45152968]
[-0.45152968]
[-0.45152968]
[-0.45152968]
[-0.45152968]
[-0.45152968]
[-0.45152968]
[-0.45152968]
[-0.45152968]
[-0.45152968]
[-0.45152968]
[-0.45152968]
[-0.45152968]
[-0.45152968]
[-0.45152968]
[-0.45152968]
[-0.45152968]
[-0.45152968]
[-0.45152968]
[-0.45152968]
[-0.45152968]
[-0.45152968]
[-0.45152968]
[-0.45152968]
[-0.45152968]
[-0.45152968]
[-0.45152968]
[-0.45152968]
[-0.45152968]
[-0.45152968]
[-0.45152968]
[-0.45152968]
[-0.45152968]
[-0.45152968]
[-0.45152968]
[-0.45152968]
[-0.45152968]
[-0.45152968]
[-0.45152968]
[-0.45152968]
[-0.45152968]
[-0.45152968]
[-0.45152968]
[-0.45152968]
[-0.45152968]
[-0.45152968]
[-0.45152968]
[-0.45152968]
[-0.45152968]
[-0.45152968]
[-0.45152968]
[-0.45152968]
[-0.45152968]
[-0.45152968]
[-0.45152968]
[-0.45152968]
[-0.45152968]
[-0.45152968]
[-0.45152968]
[-0.45152968]
[-0.45152968]
[-0.45152968]
[-0.45152968]
[-0.45152968]
[-0.45152968]
[-0.45152968]
[-0.45152968]
[-0.45152968]
[-0.45152968]
[-0.45152968]
[-0.45152968]
[-0.45152968]
[-0.45152968]
[-0.45152968]
[-0.45152968]
[-0.45152968]
[-0.45152968]
[-0.45152968]
[-0.45152968]
[-0.45152968]
[-0.45152968]
[-0.45152968]
[-0.45152968]
[-0.45152968]
[-0.45152968]
[-0.45152968]
[-0.45152968]
[-0.45152968]
[-0.45152968]
[-0.45152968]
[-0.45152968]
[-0.45152968]
[-0.45152968]
[-0.45152968]
[-0.45152968]
[-0.45152968]
[-0.45152968]
[-0.45152968]
[-0.45152968]
[-0.45152968]
[-0.45152968]
[-0.45152968]
[-0.45152968]
[-0.45152968]
[-0.45152968]
[-0.45152968]
[-0.45152968]
[-0.45152968]
[-0.45152968]
[-0.45152968]
[-0.45152968]
[-0.45152968]
[-0.45152968]
[-0.45152968]
[-0.45152968]
[-0.45152968]
[-0.45152968]
[-0.45152968]
[-0.45152968]
[-0.45152968]
[-0.45152968]
[-0.45152968]
[-0.45152968]
[-0.45152968]
[-0.45152968]
[-0.45152968]
[-0.45152968]
[-0.45152968]
[-0.45152968]
[-0.45152968]
[-0.45152968]
[-0.45152968]
[-0.45152968]
[-0.45152968]
[-0.45152968]
[-0.45152968]
[-0.45152968]
[-0.45152968]
[-0.45152968]
[-0.45152968]
[-0.45152968]
[-0.45152968]
[-0.45152968]
[-0.45152968]
[-0.45152968]
[-0.45152968]
[-0.45152968]
[-0.45152968]
[-0.45152968]
[-0.45152968]
[-0.45152968]
[-0.3385384]
[-0.45152968]
[-0.45152968]
[-0.45152968]
[-0.45152968]
[-0.45152968]
[-0.45152968]
[-0.45152968]
[-0.45152968]
[-0.37697482]
[-0.45152968]
[-0.45152968]
[-0.45152968]
[-0.45152968]
[-0.45152968]
[-0.45152968]
[-0.45152968]
[-0.45152968]
[-0.45152968]
[-0.45152968]
[-0.45152968]
[-0.45152968]
[-0.45152968]
[-0.45152968]
[-0.45152968]
[-0.45152968]
[-0.45152968]
[-0.45152968]
[-0.45152968]
[-0.45152968]
[-0.45152968]
[-0.45152968]
[-0.45152968]
[-0.45152968]
[-0.45152968]
[-0.45152968]
[-0.45152968]
[-0.45152968]
[-0.45152968]
[-0.45152968]
[-0.45152968]
[-0.45152968]
[-0.45152968]
[-0.45152968]
[-0.45152968]
[-0.45152968]
[-0.45152968]
[-0.45152968]
[-0.45152968]
[-0.45152968]
[-0.45152968]
[-0.45152968]
[-0.45152968]
[-0.45152968]
[-0.45152968]
[-0.45152968]
[-0.45152968]
[-0.45152968]
[-0.45152968]
[-0.45152968]
[-0.45152968]
[-0.45152968]
[-0.45152968]
[-0.45152968]
[-0.45152968]
[-0.45152968]
[-0.35244745]
[-0.45152968]
[-0.33403584]
[-0.45152968]
[-0.45152968]
[-0.45152968]
[-0.38356948]
[-0.45152968]
[-0.45152968]
[-0.45152968]
[-0.45152968]
[-0.45152968]
[-0.45152968]
[-0.45152968]
[-0.45152968]
[-0.45152968]
[-0.45152968]
[-0.45152968]
[-0.45152968]
[-0.45152968]
[-0.45152968]
[-0.45152968]
[-0.45152968]
[-0.45152968]
[-0.45152968]
[-0.45152968]
[-0.45152968]
[-0.45152968]
[-0.36765495]
[-0.45152968]
[-0.45152968]
[-0.45152968]
[-0.45152968]
[-0.45152968]
[-0.45152968]
[-0.45152968]
[-0.45152968]
[-0.45152968]
[-0.45152968]
[-0.45152968]
[-0.45152968]
[-0.45152968]
[-0.45152968]
[-0.45152968]
[-0.3894331]
[-0.3274742]
[-0.45152968]
[-0.45152968]
[-0.45152968]
[-0.45152968]
[-0.45152968]
[-0.45152968]
[-0.45152968]
[-0.45152968]
[-0.45152968]
[-0.45152968]
[-0.45152968]
[-0.45152968]
[-0.45152968]
[-0.45152968]
[-0.45152968]
[-0.45152968]
[-0.45152968]
[-0.45152968]
[-0.45152968]
[-0.45152968]
[-0.45152968]
[-0.45152968]
[-0.45152968]
[-0.45152968]
[-0.45152968]
[-0.45152968]
[-0.45152968]
[-0.45152968]
[-0.45152968]
[-0.45152968]
[-0.45152968]
[-0.45152968]
[-0.45152968]
[-0.45152968]
[-0.45152968]
[-0.45152968]
[-0.45152968]
[-0.45152968]
[-0.45152968]
[-0.45152968]
[-0.45152968]
[-0.45152968]
[-0.45152968]
[-0.45152968]
[-0.45152968]
[-0.45152968]
[-0.45152968]
[-0.45152968]
[-0.3805291]
[-0.45152968]
[-0.45152968]
[-0.45152968]
[-0.45152968]
[-0.45152968]
[-0.45152968]
[-0.45152968]
[-0.45152968]
[-0.45152968]
[-0.35339138]
[-0.45152968]
[-0.45152968]
[-0.45152968]
[-0.45152968]
[-0.45152968]
[-0.45152968]
[-0.45152968]
[-0.45152968]
[-0.45152968]
[-0.45152968]
[-0.45152968]
[-0.45152968]
[-0.45152968]
[-0.45152968]
[-0.45152968]
[-0.45152968]
[-0.45152968]
[-0.45152968]
[-0.45152968]
[-0.45152968]
[-0.45152968]
[-0.45152968]
[-0.45152968]
[-0.45152968]
[-0.45152968]
[-0.45152968]
[-0.45152968]
[-0.45152968]
[-0.45152968]
[-0.45152968]
[-0.45152968]
[-0.45152968]
[-0.45152968]
[-0.45152968]
[-0.45152968]
[-0.45152968]
[-0.45152968]
[-0.45152968]
[-0.45152968]
[-0.45152968]
[-0.45152968]
[-0.45152968]
[-0.45152968]
[-0.45152968]
[-0.45152968]
[-0.45152968]
[-0.45152968]
[-0.45152968]
[-0.45152968]
[-0.45152968]
[-0.45152968]
[-0.3803936]
[-0.45152968]
[-0.45152968]
[-0.45152968]
[-0.45152968]
[-0.45152968]
[-0.45152968]
[-0.37280872]
[-0.45152968]
[-0.45152968]
[-0.45152968]
[-0.45152968]
[-0.45152968]
[-0.45152968]
[-0.45152968]
[-0.45152968]
[-0.45152968]
[-0.45152968]
[-0.45152968]
[-0.45152968]
[-0.45152968]
[-0.45152968]
[-0.45152968]
[-0.45152968]
[-0.45152968]
[-0.45152968]
[-0.45152968]
[-0.45152968]
[-0.45152968]
[-0.45152968]
[-0.45152968]
[-0.45152968]
[-0.45152968]
[-0.45152968]
[-0.45152968]
[-0.45152968]
[-0.45152968]
[-0.45152968]
[-0.45152968]
[-0.45152968]
[-0.45152968]
[-0.45152968]
[-0.45152968]
[-0.45152968]
[-0.45152968]
[-0.45152968]
[-0.45152968]
[-0.45152968]
[-0.45152968]
[-0.45152968]
[-0.45152968]
[-0.45152968]
[-0.45152968]
[-0.45152968]
[-0.45152968]
[-0.45152968]
[-0.45152968]
[-0.45152968]
[-0.45152968]
[-0.45152968]
[-0.45152968]
[-0.45152968]
[-0.45152968]
[-0.45152968]
[-0.45152968]
[-0.45152968]
[-0.45152968]
[-0.45152968]
[-0.45152968]
[-0.45152968]
[-0.45152968]
[-0.45152968]
[-0.45152968]
[-0.45152968]
[-0.45152968]
[-0.45152968]
[-0.45152968]
[-0.45152968]
[-0.45152968]
[-0.45152968]
[-0.45152968]
[-0.45152968]
[-0.45152968]
[-0.4018905]
[-0.45152968]
[-0.45152968]
[-0.45152968]
[-0.45152968]
[-0.45152968]
[-0.45152968]
[-0.45152968]
[-0.45152968]
[-0.45152968]
[-0.45152968]
[-0.45152968]
[-0.45152968]
[-0.45152968]
[-0.45152968]
[-0.45152968]
[-0.45152968]
[-0.45152968]
[-0.45152968]
[-0.45152968]
[-0.45152968]
[-0.45152968]
[-0.45152968]
[-0.45152968]
[-0.37748203]
[-0.45152968]
[-0.45152968]
[-0.45152968]
[-0.45152968]
[-0.45152968]
[-0.45152968]
[-0.45152968]
[-0.45152968]
[-0.45152968]
[-0.45152968]
[-0.45152968]
[-0.45152968]
[-0.45152968]
[-0.45152968]
[-0.45152968]
[-0.45152968]
[-0.45152968]
[-0.45152968]
[-0.45152968]
[-0.45152968]
[-0.45152968]
[-0.45152968]
[-0.45152968]
[-0.45152968]
[-0.45152968]
[-0.45152968]
[-0.45152968]
[-0.45152968]
[-0.45152968]
[-0.45152968]
[-0.45152968]
[-0.45152968]
[-0.45152968]
[-0.45152968]
[-0.45152968]
[-0.45152968]
[-0.45152968]
[-0.45152968]
[-0.45152968]
[-0.45152968]
[-0.45152968]
[-0.45152968]
[-0.45152968]
[-0.45152968]
[-0.45152968]
[-0.45152968]
[-0.33487716]
[-0.45152968]
[-0.45152968]
[-0.45152968]
[-0.45152968]
[-0.45152968]
[-0.45152968]
[-0.45152968]
[-0.45152968]
[-0.45152968]
[-0.45152968]
[-0.45152968]
[-0.45152968]
[-0.45152968]
[-0.45152968]
[-0.45152968]
[-0.45152968]
[-0.45152968]
[-0.45152968]
[-0.45152968]
[-0.45152968]
[-0.45152968]
[-0.45152968]
[-0.45152968]
[-0.45152968]
[-0.45152968]
[-0.45152968]
[-0.45152968]
[-0.45152968]
[-0.45152968]
[-0.45152968]
[-0.45152968]
[-0.45152968]
[-0.45152968]
[-0.45152968]
[-0.45152968]
[-0.45152968]
[-0.45152968]
[-0.45152968]
[-0.45152968]
[-0.45152968]
[-0.45152968]
[-0.45152968]
[-0.45152968]
[-0.45152968]
[-0.45152968]
[-0.45152968]
[-0.45152968]
[-0.45152968]
[-0.45152968]
[-0.45152968]
[-0.45152968]
[-0.4539048]
[-0.45152968]
[-0.45152968]
[-0.45152968]
[-0.45152968]
[-0.45152968]
[-0.45152968]
[-0.45152968]
[-0.45152968]
[-0.45152968]
[-0.45152968]
[-0.45152968]
[-0.45152968]
[-0.45152968]
[-0.45152968]
[-0.45152968]
[-0.45152968]
[-0.45152968]
[-0.45152968]
[-0.45152968]
[-0.45152968]
[-0.45152968]
[-0.45152968]
[-0.45152968]
[-0.45152968]
[-0.45152968]
[-0.45152968]
[-0.45152968]
[-0.45152968]
[-0.45152968]
[-0.45152968]
[-0.45152968]
[-0.45152968]
[-0.45152968]
[-0.45152968]
[-0.45152968]
[-0.45152968]
[-0.45152968]
[-0.45152968]
[-0.45152968]
[-0.45152968]
[-0.45152968]
[-0.4038758]
[-0.45152968]
[-0.45152968]
[-0.45152968]
[-0.45152968]
[-0.45152968]
[-0.45152968]
[-0.45152968]
[-0.45152968]
[-0.45152968]
[-0.45152968]
[-0.45152968]
[-0.45152968]
[-0.45152968]
[-0.45152968]
[-0.45152968]
[-0.45152968]
[-0.45152968]
[-0.45152968]
[-0.38933083]
[-0.45152968]
[-0.45152968]
[-0.45152968]
[-0.45152968]
[-0.45152968]
[-0.45152968]
[-0.45152968]
[-0.45152968]
[-0.45152968]
[-0.45152968]
[-0.45152968]
[-0.45152968]
[-0.45152968]
[-0.45152968]
[-0.45152968]
[-0.45152968]
[-0.45152968]
[-0.45152968]
[-0.45152968]
[-0.45152968]
[-0.45152968]
[-0.45152968]
[-0.45152968]
[-0.45152968]
[-0.45152968]
[-0.45152968]
[-0.45152968]
[-0.45152968]
[-0.45152968]
[-0.45152968]
[-0.45152968]
[-0.45152968]
[-0.45152968]
[-0.45152968]
[-0.45152968]
[-0.45152968]
[-0.45152968]
[-0.45152968]
[-0.45152968]
[-0.45152968]
[-0.45152968]
[-0.45152968]
[-0.45152968]
[-0.45152968]
[-0.45152968]
[-0.45152968]
[-0.45152968]
[-0.45152968]
[-0.45152968]
[-0.45152968]
[-0.45152968]
[-0.45152968]
[-0.45152968]
[-0.45152968]
[-0.45152968]
[-0.45152968]
[-0.45152968]
[-0.40304348]
[-0.45152968]
[-0.45152968]
[-0.45152968]
[-0.45152968]
[-0.45152968]
[-0.45152968]
[-0.45152968]
[-0.45152968]
[-0.45152968]
[-0.45152968]
[-0.45152968]
[-0.45152968]
[-0.45152968]
[-0.45152968]
[-0.45152968]
[-0.45152968]
[-0.45152968]
[-0.45152968]
[-0.45152968]
[-0.45152968]
[-0.45152968]
[-0.45152968]
[-0.45152968]
[-0.45152968]
[-0.45152968]
[-0.45152968]
[-0.45152968]
[-0.45152968]
[-0.45152968]
[-0.45152968]
[-0.45152968]
[-0.45152968]
[-0.45152968]
[-0.45152968]
[-0.45152968]
[-0.45152968]
[-0.45152968]
[-0.45152968]
[-0.45152968]
[-0.45152968]
[-0.45152968]
[-0.45152968]
[-0.45152968]
[-0.45152968]
[-0.45152968]
[-0.45152968]
[-0.45152968]
[-0.45152968]
[-0.45152968]
[-0.45152968]
[-0.45152968]
[-0.45152968]
[-0.45152968]
[-0.45152968]
[-0.45152968]
[-0.45152968]
[-0.45152968]
[-0.45152968]
[-0.45152968]
[-0.45152968]
[-0.45152968]
[-0.45152968]
[-0.45152968]
[-0.45152968]
[-0.45152968]
[-0.45152968]
[-0.45152968]
[-0.45152968]
[-0.45152968]
[-0.45152968]
[-0.45152968]
[-0.45152968]
[-0.45152968]
[-0.45152968]
[-0.45152968]
[-0.45152968]
[-0.45152968]
[-0.45152968]
[-0.45152968]
[-0.45152968]
[-0.45152968]
[-0.45152968]
[-0.45152968]
[-0.45152968]
[-0.45152968]
[-0.45152968]
[-0.45149457]
[-0.45149457]
[-0.45149457]
[-0.45149457]
[-0.45149457]
[-0.45149457]
[-0.45149457]
[-0.45149457]
[-0.45149457]
[-0.45149457]
[-0.45149457]
[-0.45149457]
[-0.45149457]
[-0.45149457]
[-0.45149457]
[-0.45149457]
[-0.38304275]
[-0.45149457]
[-0.45149457]
[-0.45149457]
[-0.45149457]
[-0.45149457]
[-0.45149457]
[-0.45149457]
[-0.45149457]
[-0.45149457]
[-0.45149457]
[-0.45149457]
[-0.45149457]
[-0.45149457]
[-0.45149457]
[-0.45149457]
[-0.45149457]
[-0.45149457]
[-0.45149457]
[-0.45149457]
[-0.45149457]
[-0.45149457]
[-0.45149457]
[-0.45149457]
[-0.45149457]
[-0.45149457]
[-0.3304569]
[-0.45149457]
[-0.45149457]
[-0.45149457]
[-0.45149457]
[-0.45149457]
[-0.45149457]
[-0.3751953]
[-0.45149457]
[-0.45149457]
[-0.45149457]
[-0.45149457]
[-0.45149457]
[-0.45149457]
[-0.45149457]
[-0.45149457]
[-0.45149457]
[-0.35740626]
[-0.45149457]
[-0.45149457]
[-0.45149457]
[-0.45149457]
[-0.45149457]
[-0.45149457]
[-0.45149457]
[-0.45149457]
[-0.45149457]
[-0.45149457]
[-0.45149457]
[-0.45149457]
[-0.45149457]
[-0.45149457]
[-0.45149457]
[-0.45149457]
[-0.45149457]
[-0.45149457]
[-0.45149457]
[-0.45149457]
[-0.45149457]
[-0.45149457]
[-0.45149457]
[-0.45149457]
[-0.45149457]
[-0.45149457]
[-0.45149457]
[-0.45149457]
[-0.45149457]
[-0.45149457]
[-0.45149457]
[-0.45149457]
[-0.45149457]
[-0.45149457]
[-0.45149457]
[-0.45149457]
[-0.45149457]
[-0.45149457]
[-0.45149457]
[-0.45149457]
[-0.45149457]
[-0.45149457]
[-0.45149457]
[-0.45149457]
[-0.45149457]
[-0.45149457]
[-0.45149457]
[-0.45149457]
[-0.45149457]
[-0.45149457]
[-0.45149457]
[-0.45149457]
[-0.45149457]
[-0.45149457]
[-0.45149457]
[-0.45149457]
[-0.45149457]
[-0.45149457]
[-0.45149457]
[-0.45149457]
[-0.45149457]
[-0.45149457]
[-0.45149457]
[-0.45149457]
[-0.45149457]
[-0.45149457]
[-0.45149457]
[-0.40201294]
[-0.45149457]
[-0.45149457]
[-0.45149457]
[-0.45149457]
[-0.45149457]
[-0.45149457]
[-0.45149457]
[-0.45149457]
[-0.45149457]
[-0.45149457]
[-0.45149457]
[-0.45149457]
[-0.45149457]
[-0.45149457]
[-0.45149457]
[-0.45149457]
[-0.45149457]
[-0.45149457]
[-0.45149457]
[-0.45149457]
[-0.45149457]
[-0.45149457]
[-0.45149457]
[-0.45149457]
[-0.45149457]
[-0.45149457]
[-0.45149457]
[-0.45149457]
[-0.45149457]
[-0.45149457]
[-0.45149457]
[-0.45149457]
[-0.45149457]
[-0.45149457]
[-0.45149457]
[-0.45149457]
[-0.45149457]
[-0.45149457]
[-0.45149457]
[-0.45149457]
[-0.45149457]
[-0.45149457]
[-0.45149457]
[-0.45149457]
[-0.45149457]
[-0.45149457]
[-0.45149457]
[-0.45149457]
[-0.45149457]
[-0.45149457]
[-0.45149457]
[-0.45149457]
[-0.45149457]
[-0.45149457]
[-0.45149457]
[-0.45149457]
[-0.45149457]
[-0.45149457]
[-0.45149457]
[-0.45149457]
[-0.45149457]
[-0.45149457]
[-0.45149457]
[-0.45149457]
[-0.45149457]
[-0.45149457]
[-0.45149457]
[-0.45149457]
[-0.45149457]
[-0.45149457]
[-0.38085276]
[-0.45149457]
[-0.45149457]
[-0.45149457]
[-0.45149457]
[-0.45149457]
[-0.45149457]
[-0.45149457]
[-0.45149457]
[-0.45149457]
[-0.45149457]
[-0.45149457]
[-0.45149457]
[-0.45149457]
[-0.45149457]
[-0.45149457]
[-0.45149457]
[-0.45149457]
[-0.45149457]
[-0.45149457]
[-0.45149457]
[-0.45149457]
[-0.45149457]
[-0.45149457]
[-0.45149457]
[-0.45149457]
[-0.45149457]
[-0.45149457]
[-0.45149457]
[-0.45149457]
[-0.45149457]
[-0.45149457]
[-0.45149457]
[-0.45149457]
[-0.45149457]
[-0.37438455]
[-0.45149457]
[-0.45149457]
[-0.45149457]
[-0.45149457]
[-0.45149457]
[-0.45149457]
[-0.45149457]
[-0.45149457]
[-0.45149457]
[-0.45149457]
[-0.45149457]
[-0.45149457]
[-0.45149457]
[-0.45149457]
[-0.45149457]
[-0.45149457]
[-0.45149457]
[-0.45149457]
[-0.45149457]
[-0.45149457]
[-0.45149457]
[-0.45149457]
[-0.45149457]
[-0.45149457]
[-0.45149457]
[-0.31655103]
[-0.45149457]
[-0.45149457]
[-0.45149457]
[-0.45149457]
[-0.45149457]
[-0.45149457]
[-0.45149457]
[-0.45149457]
[-0.45149457]
[-0.45149457]
[-0.38609567]
[-0.45149457]
[-0.45149457]
[-0.45149457]
[-0.45149457]
[-0.45149457]
[-0.45149457]
[-0.45149457]
[-0.45149457]
[-0.45149457]
[-0.45149457]
[-0.45149457]
[-0.45149457]
[-0.45149457]
[-0.45149457]
[-0.45149457]
[-0.45149457]
[-0.45149457]
[-0.45149457]
[-0.45149457]
[-0.45149457]
[-0.45149457]
[-0.45149457]
[-0.45149457]
[-0.45149457]
[-0.45149457]
[-0.45149457]
[-0.45149457]
[-0.45149457]
[-0.45149457]
[-0.45149457]
[-0.45149457]
[-0.45149457]
[-0.45149457]
[-0.45149451]
[-0.45149451]
