[0.12180017]
[0.20477287]
[0.20477287]
[0.20477287]
[0.20477287]
[0.20477287]
[0.20477287]
[0.20477287]
[0.20477287]
[0.20477287]
[0.20477287]
[0.20477287]
[0.20477287]
[0.20477287]
[0.20477287]
[0.20477287]
[0.20477287]
[0.20477287]
[0.20477287]
[0.20477287]
[0.20477287]
[0.20477287]
[0.20477287]
[0.20477287]
[0.20477287]
[0.20477287]
[0.20477287]
[0.20477287]
[0.20477287]
[0.20477287]
[0.20477287]
[0.20477287]
[0.20477287]
[0.20477287]
[0.20477287]
[0.20477287]
[0.20477287]
[0.20477287]
[0.20477287]
[0.20477287]
[0.20477287]
[0.20477287]
[0.20477287]
[0.20477287]
[0.20477287]
[0.11547188]
[0.20477287]
[0.20477287]
[0.20477287]
[0.20477287]
[0.20477287]
[0.20477287]
[0.20477287]
[0.20477287]
[0.20477287]
[0.20477287]
[0.20477287]
[0.20477287]
[0.20477287]
[0.20477287]
[0.20477287]
[0.20477287]
[0.20477287]
[0.20477287]
[0.20477287]
[0.20477287]
[0.20477287]
[0.20477287]
[0.20477287]
[0.20477287]
[0.20477287]
[0.20477287]
[0.20477287]
[0.20477287]
[0.20477287]
[0.20477287]
[0.20477287]
[0.20477287]
[0.20477287]
[0.20477287]
[0.20477287]
[0.20477287]
[0.20477287]
[0.20477287]
[0.20477287]
[0.20477287]
[0.20477287]
[0.20477287]
[0.20477287]
[0.20477287]
[0.20477287]
[0.20477287]
[0.20477287]
[0.20477287]
[0.20477287]
[0.20477287]
[0.20477287]
[0.20477287]
[0.20477287]
[0.20477287]
[0.20477287]
[0.20477287]
[0.20477287]
[0.20477287]
[0.20477287]
[0.20477287]
[0.20477287]
[0.20477287]
[0.20477287]
[0.20477287]
[0.20477287]
[0.20477287]
[0.20477287]
[0.20477287]
[0.20477287]
[0.20477287]
[0.20477287]
[0.20477287]
[0.20477287]
[0.20477287]
[0.20477287]
[0.20477287]
[0.20477287]
[0.20477287]
[0.20477287]
[0.20477287]
[0.20477287]
[0.20477287]
[0.20477287]
[0.20477287]
[0.20477287]
[0.20477287]
[0.20477287]
[0.20477287]
[0.20477287]
[0.20477287]
[0.13282718]
[0.20477287]
[0.20477287]
[0.20477287]
[0.20477287]
[0.20477287]
[0.20477287]
[0.20477287]
[0.20477287]
[0.20477287]
[0.20477287]
[0.20477287]
[0.20477287]
[0.20477287]
[0.20477287]
[0.20477287]
[0.20477287]
[0.20477287]
[0.20477287]
[0.20477287]
[0.20477287]
[0.20477287]
[0.20477287]
[0.20477287]
[0.20477287]
[0.20477287]
[0.20477287]
[0.20477287]
[0.20477287]
[0.20477287]
[0.20477287]
[0.13820699]
[0.20477287]
[0.20477287]
[0.20477287]
[0.14570327]
[0.20477287]
[0.20477287]
[0.20477287]
[0.20477287]
[0.20477287]
[0.20477287]
[0.20477287]
[0.20477287]
[0.20477287]
[0.20477287]
[0.20477287]
[0.20477287]
[0.20477287]
[0.20477287]
[0.20477287]
[0.20477287]
[0.20477287]
[0.20477287]
[0.20477287]
[0.20477287]
[0.20477287]
[0.20477287]
[0.20477287]
[0.20477287]
[0.20477287]
[0.20477287]
[0.10603808]
[0.20477287]
[0.20477287]
[0.20477287]
[0.20477287]
[0.14660585]
[0.20477287]
[0.20477287]
[0.20477287]
[0.20477287]
[0.20477287]
[0.20477287]
[0.20477287]
[0.20477287]
[0.20477287]
[0.20477287]
[0.20477287]
[0.20477287]
[0.20477287]
[0.20477287]
[0.20477287]
[0.20477287]
[0.20477287]
[0.20477287]
[0.20477287]
[0.20477287]
[0.20477287]
[0.20477287]
[0.20477287]
[0.20477287]
[0.20477287]
[0.20477287]
[0.20477287]
[0.1281691]
[0.20477287]
[0.20477287]
[0.20477287]
[0.20477287]
[0.12463593]
[0.20477287]
[0.20477287]
[0.20477287]
[0.20477287]
[0.20477287]
[0.20477287]
[0.20477287]
[0.20477287]
[0.20477287]
[0.20477287]
[0.20477287]
[0.20477287]
[0.20477287]
[0.20477287]
[0.20477287]
[0.20477287]
[0.20477287]
[0.20477287]
[0.20477287]
[0.20477287]
[0.20477287]
[0.20477287]
[0.20477287]
[0.20477287]
[0.20477287]
[0.20477287]
[0.20477287]
[0.20477287]
[0.20477287]
[0.20477287]
[0.20477287]
[0.20477287]
[0.20477287]
[0.20477287]
[0.20477287]
[0.20477287]
[0.20477287]
[0.20477287]
[0.20477287]
[0.20477287]
[0.20477287]
[0.20477287]
[0.20477287]
[0.20477287]
[0.20477287]
[0.20477287]
[0.20477287]
[0.20477287]
[0.20477287]
[0.20477287]
[0.20477287]
[0.12332116]
[0.20477287]
[0.20477287]
[0.20477287]
[0.20477287]
[0.20477287]
[0.20477287]
[0.20477287]
[0.20477287]
[0.20477287]
[0.20477287]
[0.20477287]
[0.20477287]
[0.20477287]
[0.20477287]
[0.20477287]
[0.20477287]
[0.20477287]
[0.20477287]
[0.20477287]
[0.20477287]
[0.20477287]
[0.20477287]
[0.20477287]
[0.20477287]
[0.20477287]
[0.20477287]
[0.20477287]
[0.20477287]
[0.20477287]
[0.20477287]
[0.20477287]
[0.20477287]
[0.20477287]
[0.20477287]
[0.20477287]
[0.20477287]
[0.20477287]
[0.20477287]
[0.20477287]
[0.20477287]
[0.20477287]
[0.20477287]
[0.20477287]
[0.20477287]
[0.20477287]
[0.20477287]
[0.20477287]
[0.20477287]
[0.20477287]
[0.20477287]
[0.11292958]
[0.20477287]
[0.20477287]
[0.20477287]
[0.20477287]
[0.20477287]
[0.20477287]
[0.20477287]
[0.20477287]
[0.20477287]
[0.20477287]
[0.20477287]
[0.20477287]
[0.20477287]
[0.20477287]
[0.20477287]
[0.20477287]
[0.20477287]
[0.20477287]
[0.20477287]
[0.20477287]
[0.20477287]
[0.20477287]
[0.20477287]
[0.20477287]
[0.20477287]
[0.20477287]
[0.20477287]
[0.20477287]
[0.20477287]
[0.20477287]
[0.20477287]
[0.20477287]
[0.20477287]
[0.20477287]
[0.20477287]
[0.20477287]
[0.20477287]
[0.20477287]
[0.20477287]
[0.20477287]
[0.20477287]
[0.20477287]
[0.20477287]
[0.20477287]
[0.20477287]
[0.20477287]
[0.20477287]
[0.20477287]
[0.20477287]
[0.20477287]
[0.20477287]
[0.20477287]
[0.20477287]
[0.20477287]
[0.20477287]
[0.20477287]
[0.20477287]
[0.20477287]
[0.20477287]
[0.20477287]
[0.20477287]
[0.20477287]
[0.20477287]
[0.20477287]
[0.20477287]
[0.20477287]
[0.20477287]
[0.20477287]
[0.20477287]
[0.20477287]
[0.20477287]
[0.20477287]
[0.20477287]
[0.20477287]
[0.20477287]
[0.20477287]
[0.20477287]
[0.20477287]
[0.20477287]
[0.20477287]
[0.20477287]
[0.20477287]
[0.20477287]
[0.20477287]
[0.20477287]
[0.20477287]
[0.20477287]
[0.20477287]
[0.20477287]
[0.20477287]
[0.20477287]
[0.20477287]
[0.20477287]
[0.20477287]
[0.20477287]
[0.20477287]
[0.20477287]
[0.20477287]
[0.20477287]
[0.20477287]
[0.20477287]
[0.20477287]
[0.20477287]
[0.20477287]
[0.20477287]
[0.20477287]
[0.20477287]
[0.20477287]
[0.20477287]
[0.20477287]
[0.20477287]
[0.20477287]
[0.11634529]
[0.20477287]
[0.20477287]
[0.20477287]
[0.20477287]
[0.20477287]
[0.20477287]
[0.20477287]
[0.20477287]
[0.11900491]
[0.20477287]
[0.20477287]
[0.20477287]
[0.20477287]
[0.20477287]
[0.20477287]
[0.20477287]
[0.20477287]
[0.20477287]
[0.20477287]
[0.20477287]
[0.20477287]
[0.20477287]
[0.20477287]
[0.20477287]
[0.20477287]
[0.20477287]
[0.20477287]
[0.20477287]
[0.20477287]
[0.20477287]
[0.20477287]
[0.20477287]
[0.20477287]
[0.20477287]
[0.20477287]
[0.20477287]
[0.20477287]
[0.20477287]
[0.20477287]
[0.20477287]
[0.20477287]
[0.20477287]
[0.20477287]
[0.20477287]
[0.20477287]
[0.20477287]
[0.20477287]
[0.20477287]
[0.20477287]
[0.20477287]
[0.20477287]
[0.20477287]
[0.20477287]
[0.20477287]
[0.20477287]
[0.20477287]
[0.20477287]
[0.20477287]
[0.20477287]
[0.20477287]
[0.20477287]
[0.20477287]
[0.20477287]
[0.20477287]
[0.20477287]
[0.20477287]
[0.09068353]
[0.20477287]
[0.20477287]
[0.20477287]
[0.20477287]
[0.20477287]
[0.20477287]
[0.20477287]
[0.20477287]
[0.20477287]
[0.20477287]
[0.20477287]
[0.20477287]
[0.20477287]
[0.20477287]
[0.20477287]
[0.20477287]
[0.20477287]
[0.20477287]
[0.20477287]
[0.20477287]
[0.20477287]
[0.20477287]
[0.12553167]
[0.20477287]
[0.20477287]
[0.20477287]
[0.20477287]
[0.20477287]
[0.20477287]
[0.20477287]
[0.20477287]
[0.20477287]
[0.20477287]
[0.20477287]
[0.20477287]
[0.20477287]
[0.20477287]
[0.20477287]
[0.20477287]
[0.20477287]
[0.20477287]
[0.20477287]
[0.20477287]
[0.20477287]
[0.20477287]
[0.20477287]
[0.20477287]
[0.20477287]
[0.20477287]
[0.20477287]
[0.20477287]
[0.20477287]
[0.20477287]
[0.20477287]
[0.20477287]
[0.20477287]
[0.20477287]
[0.11555843]
[0.20477287]
[0.20477287]
[0.20477287]
[0.20477287]
[0.20477287]
[0.20477287]
[0.20477287]
[0.20477287]
[0.20477287]
[0.20477287]
[0.20477287]
[0.20477287]
[0.20477287]
[0.20477287]
[0.20477287]
[0.20477287]
[0.1153492]
[0.20477287]
[0.20477287]
[0.20477287]
[0.20477287]
[0.20477287]
[0.20477287]
[0.20477287]
[0.20477287]
[0.20477287]
[0.20477287]
[0.20477287]
[0.20477287]
[0.20477287]
[0.20477287]
[0.20477287]
[0.20477287]
[0.20477287]
[0.20477287]
[0.20477287]
[0.20477287]
[0.20477287]
[0.20477287]
[0.20477287]
[0.20477287]
[0.20477287]
[0.20477287]
[0.20477287]
[0.20477287]
[0.20477287]
[0.20477287]
[0.20477287]
[0.20477287]
[0.20477287]
[0.20477287]
[0.20477287]
[0.20477287]
[0.20477287]
[0.20477287]
[0.20477287]
[0.20477287]
[0.20477287]
[0.20477287]
[0.20477287]
[0.20477287]
[0.20477287]
[0.20477287]
[0.20477287]
[0.20477287]
[0.20477287]
[0.20477287]
[0.20477287]
[0.20477287]
[0.20477287]
[0.20477287]
[0.20477287]
[0.20477287]
[0.1187934]
[0.20477287]
[0.20477287]
[0.20477287]
[0.20477287]
[0.20477287]
[0.20477287]
[0.20477287]
[0.20477287]
[0.20477287]
[0.20477287]
[0.20477287]
[0.20477287]
[0.20477287]
[0.20477287]
[0.20477287]
[0.20477287]
[0.20477287]
[0.20477287]
[0.20477287]
[0.20477287]
[0.20477287]
[0.20477287]
[0.20477287]
[0.20477287]
[0.20477287]
[0.20477287]
[0.20477287]
[0.20477287]
[0.10423355]
[0.20477287]
[0.20477287]
[0.20477287]
[0.20477287]
[0.1000135]
[0.20477287]
[0.20477287]
[0.20477287]
[0.20477287]
[0.20477287]
[0.20477287]
[0.20477287]
[0.20477287]
[0.20477287]
[0.20477287]
[0.20477287]
[0.20477287]
[0.20477287]
[0.20477287]
[0.20477287]
[0.20477287]
[0.20477287]
[0.20477287]
[0.20477287]
[0.20477287]
[0.20477287]
[0.20477287]
[0.20477287]
[0.20477287]
[0.20477287]
[0.20477287]
[0.20477287]
[0.20477287]
[0.20477287]
[0.20477287]
[0.20477287]
[0.12148329]
[0.20477287]
[0.20477287]
[0.20477287]
[0.20477287]
[0.20477287]
[0.20477287]
[0.20477287]
[0.20477287]
[0.20477287]
[0.20477287]
[0.20477287]
[0.20477287]
[0.20477287]
[0.20477287]
[0.20477287]
[0.20477287]
[0.20477287]
[0.14476065]
[0.20477287]
[0.20477287]
[0.20477287]
[0.20477287]
[0.20477287]
[0.20477287]
[0.20477287]
[0.20477287]
[0.20477287]
[0.20477287]
[0.20477287]
[0.20477287]
[0.20477287]
[0.20477287]
[0.20477287]
[0.20477287]
[0.20477287]
[0.20477287]
[0.20477287]
[0.20477287]
[0.20477287]
[0.20477287]
[0.20477287]
[0.20477287]
[0.20477287]
[0.20477287]
[0.20477287]
[0.20477287]
[0.20477287]
[0.20477287]
[0.20477287]
[0.20477287]
[0.20477287]
[0.20477287]
[0.20477287]
[0.20477287]
[0.20477287]
[0.20477287]
[0.20477287]
[0.20477287]
[0.20477287]
[0.20477287]
[0.20477287]
[0.20477287]
[0.20477287]
[0.20477287]
[0.20477287]
[0.20477287]
[0.20477287]
[0.20477287]
[0.20477287]
[0.20477287]
[0.20477287]
[0.20477287]
[0.20477287]
[0.20477287]
[0.20477287]
[0.20477287]
[0.20477287]
[0.20477287]
[0.12711376]
[0.20477287]
[0.20477287]
[0.20477287]
[0.20477287]
[0.20477287]
[0.20477287]
[0.20477287]
[0.20477287]
[0.20477287]
[0.20477287]
[0.20477287]
[0.20477287]
[0.20477287]
[0.20477287]
[0.20477287]
[0.20477287]
[0.20477287]
[0.20477287]
[0.20477287]
[0.20477287]
[0.20477287]
[0.20477287]
[0.20477287]
[0.20477287]
[0.20477287]
[0.20477287]
[0.20477287]
[0.20477287]
[0.20477287]
[0.10162701]
[0.20477287]
[0.20477287]
[0.20477287]
[0.20477287]
[0.20477287]
[0.20477287]
[0.20477287]
[0.20477287]
[0.20477287]
[0.20477287]
[0.20477287]
[0.20477287]
[0.20477287]
[0.20477287]
[0.20477287]
[0.20477287]
[0.20477287]
[0.20477287]
[0.20477287]
[0.20477287]
[0.20477287]
[0.20477287]
[0.20477287]
[0.20477287]
[0.20477287]
[0.20477287]
[0.20477287]
[0.20477287]
[0.20477287]
[0.20477287]
[0.20477287]
[0.20477287]
[0.20477287]
[0.20477287]
[0.20477287]
[0.20477287]
[0.20477287]
[0.20477287]
[0.20477287]
[0.20477287]
[0.20477287]
[0.20477287]
[0.20477287]
[0.20477287]
[0.20477287]
[0.20477287]
[0.20477287]
[0.20477287]
[0.20477287]
[0.20477287]
[0.20477287]
[0.20477287]
[0.20477287]
[0.20477287]
[0.20477287]
[0.20477287]
[0.20477287]
[0.20477287]
[0.20477287]
[0.09291752]
[0.20477287]
[0.20477287]
[0.20477287]
[0.20477287]
[0.20477287]
[0.20477287]
[0.20477287]
[0.20477287]
[0.20477287]
[0.20477287]
[0.20477287]
[0.20477287]
[0.20477287]
[0.20477287]
[0.20477287]
[0.14153308]
[0.20477287]
[0.20477287]
[0.20477287]
[0.20477287]
[0.20477287]
[0.20477287]
[0.20477287]
[0.20477287]
[0.20477287]
[0.20477287]
[0.20477287]
[0.20477287]
[0.20477287]
[0.20477287]
[0.20477287]
[0.20477287]
[0.20477287]
[0.20477287]
[0.20477287]
[0.20477287]
[0.20477287]
[0.20477287]
[0.20477287]
[0.20477287]
[0.20477287]
[0.20477287]
[0.20477287]
[0.20477287]
[0.20477287]
[0.20477287]
[0.20477287]
[0.09997185]
[0.20477287]
[0.20477287]
[0.20477287]
[0.20477287]
[0.20477287]
[0.1109853]
[0.20477287]
[0.20477287]
[0.20477287]
[0.20477287]
[0.20477287]
[0.20477287]
[0.20477287]
[0.20477287]
[0.20477287]
[0.20477287]
[0.20477287]
[0.20477287]
[0.20477287]
[0.20477287]
[0.20477287]
[0.20477287]
[0.20477287]
[0.20477287]
[0.20477287]
[0.20477287]
[0.20477287]
[0.20477287]
[0.20477287]
[0.20477287]
[0.20477287]
[0.20477287]
[0.20477287]
[0.20477287]
[0.20477287]
[0.20477287]
[0.20477287]
[0.20477287]
[0.20477287]
[0.20477287]
[0.20477287]
[0.20477287]
[0.20477287]
[0.20477287]
[0.20477287]
[0.20477287]
[0.20477287]
[0.20477287]
[0.20477287]
[0.20477287]
[0.20477287]
[0.20477287]
[0.20477287]
[0.20477287]
[0.20477287]
[0.20477287]
[0.20477287]
[0.20477287]
[0.20477287]
[0.20477287]
[0.20477287]
[0.20477287]
[0.20477287]
[0.20477287]
[0.20477287]
[0.21293466]
[0.21293466]
[0.21293466]
[0.21293466]
[0.21293466]
[0.21293466]
[0.21293466]
[0.21293466]
[0.21293466]
[0.21293466]
[0.21293466]
[0.21293466]
[0.09434985]
[0.21293466]
[0.21293466]
[0.21293466]
[0.21293466]
[0.21293466]
[0.21293466]
[0.21293466]
[0.21293466]
[0.21293466]
[0.21293466]
[0.21293466]
[0.21293466]
[0.21293466]
[0.21293466]
[0.21293466]
[0.21293466]
[0.21293466]
[0.21293466]
[0.15309037]
[0.21293466]
[0.13814732]
[0.21293466]
[0.21293466]
[0.21293466]
[0.21293466]
[0.21293466]
[0.21293466]
[0.21293466]
[0.21293466]
[0.21293466]
[0.21293466]
[0.21293466]
[0.21293466]
[0.21293466]
[0.21293466]
[0.21293466]
[0.21293466]
[0.21293466]
[0.21293466]
[0.21293466]
[0.21293466]
[0.21293466]
[0.21293466]
[0.21293466]
[0.21293466]
[0.21293466]
[0.21293466]
[0.21293466]
[0.21293466]
[0.21293466]
[0.21293466]
[0.11846573]
[0.21293466]
[0.21293466]
[0.21293466]
[0.21293466]
[0.21293466]
[0.21293466]
[0.21293466]
[0.21293466]
[0.21293466]
[0.21293466]
[0.21293466]
[0.21293466]
[0.21293466]
[0.21293466]
[0.21293466]
[0.21293466]
[0.21293466]
[0.21293466]
[0.21293466]
[0.21293466]
[0.21293466]
[0.21293466]
[0.21293466]
[0.21293466]
[0.21293466]
[0.21293466]
[0.21293466]
[0.21293466]
[0.21293466]
[0.21293466]
[0.21293466]
[0.21293466]
[0.21293466]
[0.21293466]
[0.21293466]
[0.09659617]
[0.21293466]
[0.21293466]
[0.21293466]
[0.21293466]
[0.21293466]
[0.21293466]
[0.21293466]
[0.21293466]
[0.21293466]
[0.21293466]
[0.21293466]
[0.21293466]
[0.21293466]
[0.21293466]
[0.21293466]
[0.21293466]
[0.21293466]
[0.21293466]
[0.12534091]
[0.21293466]
[0.21293466]
[0.21293466]
[0.21293466]
[0.21293466]
[0.21293466]
[0.21293466]
[0.21293466]
[0.21293466]
[0.21293466]
[0.21293466]
[0.21293466]
[0.21293466]
[0.21293466]
[0.21293466]
[0.21293466]
[0.21293466]
[0.21293466]
[0.21293466]
[0.21293466]
[0.21293466]
[0.21293466]
[0.21293466]
[0.21293466]
[0.21293466]
[0.21293466]
[0.21293466]
[0.21293466]
[0.21293466]
[0.21293466]
[0.21293466]
[0.21293466]
[0.21293466]
[0.21293466]
[0.21293466]
[0.21293466]
[0.21293466]
[0.21293466]
[0.21293466]
[0.21293466]
[0.21293466]
[0.21293466]
[0.21293466]
[0.21293466]
[0.21293466]
[0.21293466]
[0.21293466]
[0.21293466]
[0.21293466]
[0.21293466]
[0.21293466]
[0.21293466]
[0.21293466]
[0.21293466]
[0.21293466]
[0.21293466]
[0.21293466]
[0.21293466]
[0.21293466]
[0.21293466]
[0.21293466]
[0.21293466]
[0.21293466]
[0.21293466]
[0.21293466]
[0.21293466]
[0.21293466]
[0.21293466]
[0.14135207]
[0.21293466]
[0.21293466]
[0.21293466]
[0.21293466]
[0.21293466]
[0.21293466]
[0.21293466]
[0.21293466]
[0.21293466]
[0.21293466]
[0.21293466]
[0.21293466]
[0.21293466]
[0.21293466]
[0.21293466]
[0.21293466]
[0.21293466]
[0.21293466]
[0.21293466]
[0.21293466]
[0.13457647]
[0.21293466]
[0.21293466]
[0.21293466]
[0.21293466]
[0.21293466]
[0.21293466]
[0.21293466]
[0.21293466]
[0.21293466]
[0.21293466]
[0.21293466]
[0.21293466]
[0.21293466]
[0.21293466]
[0.21293466]
[0.21293466]
[0.21293466]
[0.21293466]
[0.21293466]
[0.21293466]
[0.21293466]
[0.21293466]
[0.21293466]
[0.21293466]
[0.21293466]
[0.21293466]
[0.21293466]
[0.21293466]
[0.21293466]
[0.21293466]
[0.21293466]
[0.21293466]
[0.21293466]
[0.21293466]
[0.21293466]
[0.12121171]
[0.21293466]
[0.21293466]
[0.21293466]
[0.21293466]
[0.21293466]
[0.21293466]
[0.21293466]
[0.21293466]
[0.21293466]
[0.21293466]
[0.21293466]
[0.21293466]
[0.21293466]
[0.21293466]
[0.21293466]
[0.21293466]
[0.21293466]
[0.21293466]
[0.21293466]
[0.21293466]
[0.21293466]
[0.21293466]
[0.21293466]
[0.21293466]
[0.21293466]
[0.21293466]
[0.21293466]
[0.21293466]
[0.21293466]
[0.21293466]
[0.21293466]
[0.21293466]
[0.21293466]
[0.21293466]
[0.21293466]
[0.21293466]
[0.21293466]
[0.21293466]
[0.21293466]
[0.21293466]
[0.21293466]
[0.21293466]
[0.21293466]
[0.21293466]
[0.21293466]
[0.21293466]
[0.21293466]
[0.21293466]
[0.21293466]
[0.21293466]
[0.21293466]
[0.21293466]
[0.21293466]
[0.21293466]
[0.21293466]
[0.21293466]
[0.21293466]
[0.21293466]
[0.21293466]
[0.21293466]
[0.21293466]
[0.21293466]
[0.21293466]
[0.21293466]
[0.21293466]
[0.21293466]
[0.21293466]
[0.21293466]
[0.21293466]
[0.21293466]
[0.21293466]
[0.21293466]
[0.21293466]
[0.21293466]
[0.21293466]
[0.21293466]
[0.21293466]
[0.21293466]
[0.21293466]
[0.21293466]
[0.21293466]
[0.21293466]
[0.21293466]
[0.21293466]
[0.21293466]
[0.21293466]
[0.21293466]
[0.21293466]
[0.21293466]
[0.21293466]
[0.21293466]
[0.21293466]
[0.21293466]
[0.21293466]
[0.21293466]
[0.21293466]
[0.21293466]
[0.21293466]
[0.21293466]
[0.21293466]
[0.21293466]
[0.21293466]
[0.21293466]
[0.21293466]
[0.21293466]
[0.21293466]
[0.21293466]
[0.21293466]
[0.21293466]
[0.21293466]
[0.21293466]
[0.21293466]
[0.21293466]
[0.21293466]
[0.21293466]
[0.21293466]
[0.21293466]
[0.21293466]
[0.21293466]
[0.21293466]
[0.21293466]
[0.21293466]
[0.21293466]
[0.21293466]
[0.21293466]
[0.21293466]
[0.21293466]
[0.21293466]
[0.21293466]
[0.21293466]
[0.21293466]
[0.21293466]
[0.21293466]
[0.21293466]
[0.21293466]
[0.21293466]
[0.07513282]
[0.21293466]
[0.21293466]
[0.21293466]
[0.21293466]
[0.21293466]
[0.21293466]
[0.21293466]
[0.21293466]
[0.21293466]
[0.21293466]
[0.21293466]
[0.21293466]
[0.21293466]
[0.21293466]
[0.21293466]
[0.21293466]
[0.21293466]
[0.21293466]
[0.21293466]
[0.21293466]
[0.21293466]
[0.21293466]
[0.13132152]
[0.21293466]
[0.21293466]
[0.21293466]
[0.21293466]
[0.21293466]
[0.21293466]
[0.21293466]
[0.21293466]
[0.21293466]
[0.21293466]
[0.21293466]
[0.21293466]
[0.21293466]
[0.21293466]
[0.21293466]
[0.21293466]
[0.21293466]
[0.21293466]
[0.21293466]
[0.21293466]
[0.21293466]
[0.21293466]
[0.21293466]
[0.21293466]
[0.21293466]
[0.21293466]
[0.21293466]
[0.21293466]
[0.21293466]
[0.21293466]
[0.21293466]
[0.21293466]
[0.21293466]
[0.21293466]
[0.21293466]
[0.21293466]
[0.21293466]
[0.21293466]
[0.21293466]
[0.21293466]
[0.21293466]
[0.21293466]
[0.21293466]
[0.21293466]
[0.21293466]
[0.21293466]
[0.21293466]
[0.21293466]
[0.21293466]
[0.21293466]
[0.21293466]
[0.21293466]
[0.21293466]
[0.21293466]
[0.21293466]
[0.21293466]
[0.21293466]
[0.21293466]
[0.21293466]
[0.21293466]
[0.21293466]
[0.21293466]
[0.21293466]
[0.21293466]
[0.21293466]
[0.21293466]
[0.21293466]
[0.21293466]
[0.21293466]
[0.21293466]
[0.21293466]
[0.21293466]
[0.21293466]
[0.21293466]
[0.21293466]
[0.21293466]
[0.21293466]
[0.21293466]
[0.21293466]
[0.21293466]
[0.21293466]
[0.21293466]
[0.21293466]
[0.21293466]
[0.21293466]
[0.21293466]
[0.21293466]
[0.21293466]
[0.21293466]
[0.21293466]
[0.21293466]
[0.21293466]
[0.21293466]
[0.21293466]
[0.21293466]
[0.21293466]
[0.21293466]
[0.13302353]
[0.21293466]
[0.21293466]
[0.21293466]
[0.21293466]
[0.21293466]
[0.21293466]
[0.21293466]
[0.11525923]
[0.21293466]
[0.21293466]
[0.21293466]
[0.21293466]
[0.21293466]
[0.21293466]
[0.21293466]
[0.21293466]
[0.21293466]
[0.21293466]
[0.21293466]
[0.21293466]
[0.21293466]
[0.1071371]
[0.21293466]
[0.21293466]
[0.21293466]
[0.21293466]
[0.21293466]
[0.21293466]
[0.21293466]
[0.21293466]
[0.21293466]
[0.21293466]
[0.21293466]
[0.21293466]
[0.21293466]
[0.21293466]
[0.21293466]
[0.21293466]
[0.21293466]
[0.21293466]
[0.13164002]
[0.21293466]
[0.21293466]
[0.21293466]
[0.21293466]
[0.21293466]
[0.21293466]
[0.21293466]
[0.21293466]
[0.21293466]
[0.21293466]
[0.21293466]
[0.21293466]
[0.21293466]
[0.21293466]
[0.21293466]
[0.21293466]
[0.21293466]
[0.11921299]
[0.21293466]
[0.21293466]
[0.21293466]
[0.21293466]
[0.21293466]
[0.21293466]
[0.21293466]
[0.21293466]
[0.21293466]
[0.21293466]
[0.21293466]
[0.21293466]
[0.21293466]
[0.21293466]
[0.21293466]
[0.21293466]
[0.21293466]
[0.21293466]
[0.21293466]
[0.21293466]
[0.21293466]
[0.21293466]
[0.21293466]
[0.21293466]
[0.21293466]
[0.21293466]
[0.21293466]
[0.21293466]
[0.21293466]
[0.21293466]
[0.21293466]
[0.21293466]
[0.21293466]
[0.21293466]
[0.21293466]
[0.21293466]
[0.21293466]
[0.21293466]
[0.21293466]
[0.21293466]
[0.21293466]
[0.21293466]
[0.21293466]
[0.21293466]
[0.21293466]
[0.16120213]
[0.21293466]
[0.21293466]
[0.21293466]
[0.21293466]
[0.21293466]
[0.21293466]
[0.21293466]
[0.21293466]
[0.21293466]
[0.21293466]
[0.21293466]
[0.21293466]
[0.15484814]
[0.21293466]
[0.21293466]
[0.21293466]
[0.21293466]
[0.21293466]
[0.21293466]
[0.21293466]
[0.21293466]
[0.21293466]
[0.21293466]
[0.21293466]
[0.21293466]
[0.21293466]
[0.21293466]
[0.21293466]
[0.21293466]
[0.21293466]
[0.21293466]
[0.21293466]
[0.21293466]
[0.21293466]
[0.21293466]
[0.21293466]
[0.21293466]
[0.12615192]
[0.21293466]
[0.21293466]
[0.21293466]
[0.21293466]
[0.21293466]
[0.21293466]
[0.21293466]
[0.21293466]
[0.21293466]
[0.21293466]
[0.21293466]
[0.21293466]
[0.21293466]
[0.21293466]
[0.21293466]
[0.21293466]
[0.21293466]
[0.21293466]
[0.21293466]
[0.21293466]
[0.21293466]
[0.21293466]
[0.21293466]
[0.21293466]
[0.21293466]
[0.21293466]
[0.21293466]
[0.21293466]
[0.21293466]
[0.21293466]
[0.21293466]
[0.21293466]
[0.21293466]
[0.21293466]
[0.21293466]
[0.21293466]
[0.21293466]
[0.21293466]
[0.21293466]
[0.15529169]
[0.21293466]
[0.21293466]
[0.21293466]
[0.21293466]
[0.21293466]
[0.21293466]
[0.21293466]
[0.21293466]
[0.21293466]
[0.21293466]
[0.21293466]
[0.21293466]
[0.21293466]
[0.21293466]
[0.21293466]
[0.21293466]
[0.21293466]
[0.21293466]
[0.21293466]
[0.21293466]
[0.21293466]
[0.21293466]
[0.21293466]
[0.21293466]
[0.21293466]
[0.21293466]
[0.21293466]
[0.21293466]
[0.21293466]
[0.21293466]
[0.14610615]
[0.21293466]
[0.21293466]
[0.21293466]
[0.21293466]
[0.21293466]
[0.21293466]
[0.21293466]
[0.21293466]
[0.21293466]
[0.21293466]
[0.21293466]
[0.21293466]
[0.21293466]
[0.21293466]
[0.21293466]
[0.21293466]
[0.21293466]
[0.21293466]
[0.21293466]
[0.21293466]
[0.21293466]
[0.21293466]
[0.21293466]
[0.21293466]
[0.21293466]
[0.21293466]
[0.12071367]
[0.21293466]
[0.21293466]
[0.21293466]
[0.21293466]
[0.21293466]
[0.21293466]
[0.21293466]
[0.21293466]
[0.21293466]
[0.21293466]
[0.12186433]
[0.21293466]
[0.21293466]
[0.21293466]
[0.21293466]
[0.21293466]
[0.21293466]
[0.21293466]
[0.21293466]
[0.21293466]
[0.21293466]
[0.21293466]
[0.21293466]
[0.21293466]
[0.21293466]
[0.21293466]
[0.21293466]
[0.21293466]
[0.21293466]
[0.21293466]
[0.21293466]
[0.21293466]
[0.21293466]
[0.21293466]
[0.21293466]
[0.127116]
[0.21293466]
[0.21293466]
[0.21293466]
[0.21293466]
[0.21293466]
[0.21293466]
[0.21293466]
[0.21293466]
[0.21293466]
[0.21293466]
[0.21293466]
[0.21293466]
[0.21293466]
[0.21293466]
[0.21293466]
[0.21293466]
[0.21293466]
[0.21293466]
[0.21293466]
[0.21293466]
[0.21293466]
[0.21293466]
[0.21293466]
[0.21293466]
[0.21293466]
[0.21293466]
[0.11144886]
[0.21293466]
[0.21293466]
[0.21293466]
[0.21293466]
[0.21293466]
[0.21293466]
[0.21293466]
[0.21293466]
[0.21293466]
[0.21293466]
[0.21293466]
[0.21293466]
[0.21293466]
[0.21293466]
[0.21293466]
[0.21293466]
[0.21293466]
[0.21293466]
[0.21293466]
[0.21293466]
[0.21293466]
[0.21293466]
[0.21293466]
[0.21293466]
[0.21293466]
[0.21293466]
[0.21293466]
[0.21293466]
[0.21293466]
[0.21293466]
[0.21293466]
[0.21293466]
[0.21293466]
[0.21293466]
[0.21293466]
[0.21293466]
[0.21293466]
[0.21293466]
[0.21293466]
[0.21293466]
[0.21293466]
[0.21293466]
[0.12452365]
[0.21293466]
[0.21293466]
[0.21293466]
[0.21293466]
[0.21293466]
[0.21293466]
[0.21293466]
[0.21293466]
[0.21293466]
[0.21293466]
[0.21293466]
[0.21293466]
[0.21293466]
[0.21293466]
[0.21293466]
[0.21293466]
[0.21293466]
[0.21293466]
[0.21293466]
[0.21293466]
[0.21293466]
[0.21293466]
[0.21293466]
[0.21293466]
[0.21293466]
[0.21293466]
[0.21293466]
[0.21293466]
[0.21293466]
[0.21293466]
[0.21293466]
[0.21293466]
[0.21293466]
[0.21293466]
[0.21293466]
[0.21293466]
[0.21293466]
[0.21293466]
[0.21293466]
[0.21293466]
[0.21293466]
[0.21293466]
[0.21293466]
[0.21293466]
[0.21293466]
[0.21293466]
[0.21293466]
[0.21293466]
[0.21293466]
[0.21293466]
[0.21293466]
[0.21293466]
[0.21293466]
[0.21293466]
[0.21293466]
[0.21293466]
[0.21293466]
[0.21293466]
[0.21293466]
[0.21293466]
[0.21293466]
[0.21293466]
[0.21293466]
[0.21293466]
[0.10346301]
[0.21293466]
[0.21293466]
[0.21293466]
[0.21293466]
[0.21293466]
[0.21293466]
[0.21293466]
[0.21293466]
[0.21293466]
[0.21293466]
[0.21293466]
[0.21293466]
[0.21293466]
[0.21293466]
[0.21293466]
[0.21293466]
[0.21293466]
[0.21293466]
[0.21293466]
[0.21293466]
[0.21293466]
[0.21293466]
[0.21293466]
[0.21293466]
[0.21293466]
[0.21293466]
[0.21293466]
[0.21293466]
[0.21293466]
[0.21293466]
[0.21293466]
[0.21293466]
[0.21293466]
[0.21293466]
[0.21293466]
[0.21293466]
[0.21293466]
[0.21293466]
[0.21293466]
[0.21293466]
[0.21293466]
[0.21293466]
[0.21293466]
[0.21293466]
[0.21293466]
[0.21293466]
[0.21293466]
[0.21293466]
[0.21293466]
[0.21293466]
[0.21293466]
[0.21293466]
[0.1213722]
[0.21293466]
[0.21293466]
[0.07970832]
[0.21293466]
[0.21293466]
[0.21293466]
[0.21293466]
[0.11699775]
[0.21293466]
[0.21293466]
[0.12666182]
[0.21293466]
[0.21293466]
[0.21293466]
[0.21293466]
[0.21293466]
[0.21293466]
[0.21293466]
[0.21293466]
[0.21293466]
[0.21293466]
[0.21293466]
[0.21293466]
[0.21293466]
[0.21293466]
[0.21293466]
[0.21293466]
[0.21293466]
[0.21293466]
[0.21293466]
[0.21293466]
[0.21293466]
[0.21293466]
[0.21293466]
[0.21293466]
[0.21293466]
[0.21293466]
[0.21293466]
[0.21293466]
[0.21293466]
[0.21293466]
[0.21293466]
[0.21293466]
[0.21293466]
[0.21293466]
[0.21293466]
[0.21293466]
[0.21293466]
[0.21293466]
[0.21293466]
[0.21293466]
[0.21293466]
[0.21293466]
[0.21293466]
[0.21293466]
[0.21293466]
[0.21293466]
[0.21293466]
[0.21293466]
[0.21293466]
[0.112297]
[0.21293466]
[0.21293466]
[0.21293466]
[0.21293466]
[0.21293466]
[0.21293466]
[0.21293466]
[0.21293466]
[0.21293466]
[0.21293466]
[0.21293466]
[0.21293466]
[0.21293466]
[0.21293466]
[0.21293466]
[0.21293466]
[0.21293466]
[0.21293466]
[0.21293466]
[0.21293466]
[0.21293466]
[0.21293466]
[0.21293466]
[0.21293466]
[0.21293466]
[0.21293466]
[0.21293466]
[0.21293466]
[0.21293466]
[0.21293466]
[0.21293466]
[0.21293466]
[0.21293466]
[0.21293466]
[0.21293466]
[0.21293466]
[0.21293466]
[0.21293466]
[0.21293466]
[0.21293466]
[0.21293466]
[0.21293466]
[0.21293466]
[0.21293466]
[0.21293466]
[0.21293466]
[0.21293466]
[0.21293466]
[0.21293466]
[0.21293466]
[0.21293466]
[0.21293466]
[0.21293466]
[0.21293466]
[0.21293466]
[0.21293466]
[0.21293466]
[0.21293466]
[0.21293466]
[0.21293466]
[0.21293466]
[0.21293466]
[0.21293466]
[0.21293466]
[0.21293466]
[0.21293466]
[0.21293466]
[0.21293466]
[0.13320467]
[0.21293466]
[0.21293466]
[0.21293466]
[0.21293466]
[0.21293466]
[0.21293466]
[0.21293466]
[0.21293466]
[0.21293466]
[0.21293466]
[0.21293466]
[0.21293466]
[0.21293466]
[0.21293466]
[0.21293466]
[0.21293466]
[0.11377439]
[0.21293466]
[0.13003811]
[0.21293466]
[0.21293466]
[0.21293466]
[0.21293466]
[0.21293466]
[0.21293466]
[0.21293466]
[0.21293466]
[0.21293466]
[0.21293466]
[0.21293466]
[0.21293466]
[0.21293466]
[0.21293466]
[0.21293466]
[0.21293466]
[0.21293466]
[0.21293466]
[0.21293466]
[0.21293466]
[0.21293466]
[0.21293466]
[0.21293466]
[0.21293466]
[0.21293466]
[0.21293466]
[0.21293466]
[0.21293466]
[0.21293466]
[0.21293466]
[0.21293466]
[0.21293466]
[0.21293466]
[0.21293466]
[0.21293466]
[0.21293466]
[0.21293466]
[0.21293466]
[0.21293466]
[0.13532409]
[0.21293466]
[0.21293466]
[0.21293466]
[0.21293466]
[0.21293466]
[0.21293466]
[0.21293466]
[0.21293466]
[0.21293466]
[0.21293466]
[0.21293466]
[0.21293466]
[0.21293466]
[0.21293466]
[0.21293466]
[0.21293466]
[0.21293466]
[0.21293466]
[0.21293466]
[0.21293466]
[0.21293466]
[0.21293466]
[0.11434737]
[0.21293466]
[0.21293466]
[0.21293466]
[0.21293466]
[0.21293466]
[0.21293466]
[0.21293466]
[0.21293466]
[0.21293466]
[0.21293466]
[0.21293466]
[0.21293466]
[0.21293466]
[0.21293466]
[0.21293466]
[0.21293466]
[0.21293466]
[0.21293466]
[0.21293466]
[0.21293466]
[0.21293466]
[0.21293466]
[0.21293466]
[0.21293466]
[0.21293466]
[0.21293466]
[0.21293466]
[0.21293466]
[0.21293466]
[0.21293466]
[0.21293466]
[0.21293466]
[0.21293466]
[0.21293466]
[0.21293466]
[0.21293466]
[0.21293466]
[0.21293466]
[0.21293466]
[0.21293466]
[0.21293466]
[0.21293466]
[0.21293466]
[0.21293466]
[0.21293466]
[0.21293466]
[0.21293466]
[0.21293466]
[0.21293466]
[0.21293466]
[0.21293466]
[0.21293466]
[0.21293466]
[0.21293466]
[0.21293466]
[0.21293466]
[0.14685106]
[0.21293466]
[0.21293466]
[0.21293466]
[0.21293466]
[0.21293466]
[0.21293466]
[0.21293466]
[0.21293466]
[0.21293466]
[0.21293466]
[0.21293466]
[0.21293466]
[0.21293466]
[0.21293466]
[0.21293466]
[0.21293466]
[0.21293466]
[0.21293466]
[0.21293466]
[0.21293466]
[0.21293466]
[0.21293466]
[0.21293466]
[0.21293466]
[0.21293466]
[0.21293466]
[0.21293466]
[0.21293466]
[0.21293466]
[0.21293466]
[0.21293466]
[0.21293466]
[0.21293466]
[0.21293466]
[0.21293466]
[0.21293466]
[0.21293466]
[0.21293466]
[0.21293466]
[0.21293466]
[0.21293466]
[0.21293466]
[0.21293466]
[0.12213199]
[0.21293466]
[0.21293466]
[0.21293466]
[0.21293466]
[0.21293466]
[0.21293466]
[0.21293466]
[0.21293466]
[0.21293466]
[0.21293466]
[0.21293466]
[0.21293466]
[0.21293466]
[0.21293466]
[0.21293466]
[0.21293466]
[0.21293466]
[0.21293466]
[0.21293466]
[0.21293466]
[0.21293466]
[0.21293466]
[0.21293466]
[0.21293466]
[0.21293466]
[0.21293466]
[0.21293466]
[0.21293466]
[0.21293466]
[0.21293466]
[0.21293466]
[0.21293466]
[0.21293466]
[0.21293466]
[0.21293466]
[0.21293466]
[0.21293466]
[0.11468543]
[0.21293466]
[0.21293466]
[0.21293466]
[0.14502713]
[0.21293466]
[0.21293466]
[0.21293466]
[0.21293466]
[0.21293466]
[0.21293466]
[0.21293466]
[0.21293466]
[0.21293466]
[0.21293466]
[0.21293466]
[0.21293466]
[0.21293466]
[0.21293466]
[0.21293466]
[0.21293466]
[0.21293466]
[0.21293466]
[0.21293466]
[0.21293466]
[0.21293466]
[0.21293466]
[0.21293466]
[0.21293466]
[0.21293466]
[0.21293466]
[0.21293466]
[0.21293466]
[0.21293466]
[0.21293466]
[0.21293466]
[0.21293466]
[0.21293466]
[0.21293466]
[0.21293466]
[0.21293466]
[0.21293466]
[0.21293466]
[0.21293466]
[0.21293466]
[0.21293466]
[0.21293466]
[0.21293466]
[0.21293466]
[0.21293466]
[0.21293466]
[0.21293466]
[0.21293466]
[0.21293466]
[0.21293466]
[0.21293466]
[0.21293466]
[0.21293466]
[0.21293466]
[0.21293466]
[0.21293466]
[0.21293466]
[0.21293466]
[0.21293466]
[0.21293466]
[0.21293466]
[0.21293466]
[0.21293466]
[0.21293466]
[0.21293466]
[0.11180006]
[0.21293466]
[0.21293466]
[0.21293466]
[0.21293466]
[0.21293466]
[0.21293466]
[0.21293466]
[0.21293466]
[0.21293466]
[0.21293466]
[0.21293466]
[0.21293466]
[0.21293466]
[0.21293466]
[0.21293466]
[0.21293466]
[0.21293466]
[0.21293466]
[0.21293466]
[0.21293466]
[0.21293466]
[0.21293466]
[0.21293466]
[0.21293466]
[0.21293466]
[0.12007628]
[0.21293466]
[0.21293466]
[0.21293466]
[0.21293466]
[0.21293466]
[0.21293466]
[0.21293466]
[0.21293466]
[0.21293466]
[0.21293466]
[0.21293466]
[0.21293466]
[0.21293466]
[0.21293466]
[0.21293466]
[0.21293466]
[0.21293466]
[0.21293466]
[0.21293466]
[0.21293466]
[0.21293466]
[0.21293466]
[0.21293466]
[0.21293466]
[0.21293466]
[0.21293466]
[0.21293466]
[0.21293466]
[0.13109198]
[0.21293466]
[0.21293466]
[0.21293466]
[0.21293466]
[0.21293466]
[0.12622334]
[0.21293466]
[0.11857544]
[0.21293466]
[0.21293466]
[0.21293466]
[0.21293466]
[0.21293466]
[0.21293466]
[0.21293466]
[0.21293466]
[0.21293466]
[0.21293466]
[0.21293466]
[0.21293466]
[0.21293466]
[0.21293466]
[0.21293466]
[0.21293466]
[0.21293466]
[0.21293466]
[0.21293466]
[0.21293466]
[0.21293466]
[0.21293466]
[0.21293466]
[0.21293466]
[0.21293466]
[0.21293466]
[0.21293466]
[0.21293466]
[0.21293466]
[0.21293466]
[0.21293466]
[0.21293466]
[0.21293466]
[0.21293466]
[0.21293466]
[0.21293466]
[0.21293466]
[0.21293466]
[0.21293466]
[0.21293466]
[0.21293466]
[0.21293466]
[0.21293466]
[0.21293466]
[0.21293466]
[0.21293466]
[0.21293466]
[0.21293466]
[0.21293466]
[0.21293466]
[0.21293466]
[0.21293466]
[0.21293466]
[0.11109705]
[0.21293466]
[0.21293466]
[0.21293466]
[0.21293466]
[0.21293466]
[0.21293466]
[0.21293466]
[0.21293466]
[0.21293466]
[0.21293466]
[0.21293466]
[0.21293466]
[0.21293466]
[0.21293466]
[0.11726092]
[0.21293466]
[0.21293466]
[0.21293466]
[0.21293466]
[0.21293466]
[0.21293466]
[0.21293466]
[0.21293466]
[0.21293466]
[0.21293466]
[0.21293466]
[0.21293466]
[0.21293466]
[0.21293466]
[0.21293466]
[0.21293466]
[0.21293466]
[0.21293466]
[0.21293466]
[0.21293466]
[0.21293466]
[0.21293466]
[0.21293466]
[0.21293466]
[0.21293466]
[0.21293466]
[0.21293466]
[0.21293466]
[0.21293466]
[0.21293466]
[0.21293466]
[0.21293466]
[0.21293466]
[0.21293466]
[0.21293466]
[0.21293466]
[0.21293466]
[0.21293466]
[0.21293466]
[0.21293466]
[0.21293466]
[0.21293466]
[0.21293466]
[0.21293466]
[0.21293466]
[0.21293466]
[0.21293466]
[0.21293466]
[0.21293466]
[0.21293466]
[0.21293466]
[0.21293466]
[0.21293466]
[0.21293466]
[0.21293466]
[0.21293466]
[0.21293466]
[0.21293466]
[0.21293466]
[0.21293466]
[0.21293466]
[0.21293466]
[0.21293466]
[0.21293466]
[0.21293466]
[0.21293466]
[0.21293466]
[0.21293466]
[0.21293466]
[0.21293466]
[0.21293466]
[0.21293466]
[0.21293466]
[0.21293466]
[0.21293466]
[0.21293466]
[0.21293466]
[0.21293466]
[0.21293466]
[0.21293466]
[0.21293466]
[0.21293466]
[0.21293466]
[0.21293466]
[0.21293466]
[0.21293466]
[0.21293466]
[0.21293466]
[0.21293466]
[0.21293466]
[0.21293466]
[0.21293466]
[0.21293466]
[0.21293466]
[0.21293466]
[0.09923951]
[0.21293466]
[0.21293466]
[0.21293466]
[0.21293466]
[0.21293466]
[0.21293466]
[0.21293466]
[0.21293466]
[0.21293466]
[0.21293466]
[0.21293466]
[0.21293466]
[0.21293466]
[0.21293466]
[0.21293466]
[0.21293466]
[0.21293466]
[0.21293466]
[0.21293466]
[0.21293466]
[0.21293466]
[0.21293466]
[0.21293466]
[0.21293466]
[0.21293466]
[0.21293466]
[0.14062816]
[0.21293466]
[0.21293466]
[0.21293466]
[0.21293466]
[0.21293466]
[0.21293466]
[0.21293466]
[0.21293466]
[0.21293466]
[0.21293466]
[0.11356617]
[0.09940754]
[0.21293466]
[0.21293466]
[0.21293466]
[0.21293466]
[0.21293466]
[0.21293466]
[0.21293466]
[0.21293466]
[0.21293466]
[0.21293466]
[0.21293466]
[0.21293466]
[0.21293466]
[0.21293466]
[0.21293466]
[0.21293466]
[0.21293466]
[0.21293466]
[0.21293466]
[0.21293466]
[0.21293466]
[0.21293466]
[0.21293466]
[0.21293466]
[0.21293466]
[0.21293466]
[0.21293466]
[0.21293466]
[0.21293466]
[0.21293466]
[0.21293466]
[0.21293466]
[0.21293466]
[0.21293466]
[0.21293466]
[0.21293466]
[0.21293466]
[0.21293466]
[0.21293466]
[0.21293466]
[0.21293466]
[0.21293466]
[0.10903992]
[0.21293466]
[0.21293466]
[0.21293466]
[0.21293466]
[0.21293466]
[0.21293466]
[0.21293466]
[0.21293466]
[0.21293466]
[0.21293466]
[0.21293466]
[0.21293466]
[0.21293466]
[0.21293466]
[0.21293466]
[0.21293466]
[0.21293466]
[0.21293466]
[0.21293466]
[0.21293466]
[0.21293466]
[0.21293466]
[0.21293466]
[0.21293466]
[0.21293466]
[0.21293466]
[0.21293466]
[0.21293466]
[0.21293466]
[0.21293466]
[0.21293466]
[0.21293466]
[0.21293466]
[0.21293466]
[0.21293466]
[0.21293466]
[0.21293466]
[0.21293466]
[0.21293466]
[0.21293466]
[0.21293466]
[0.21293466]
[0.21293466]
[0.21293466]
[0.21293466]
[0.21293466]
[0.21293466]
[0.21293466]
[0.21293466]
[0.21293466]
[0.21293466]
[0.21293466]
[0.21293466]
[0.21293466]
[0.21293466]
[0.21293466]
[0.21293466]
[0.21293466]
[0.21293466]
[0.21293466]
[0.21293466]
[0.21293466]
[0.21293466]
[0.21293466]
[0.21293466]
[0.21293466]
[0.21293466]
[0.21293466]
[0.21293466]
[0.21293466]
[0.21293466]
[0.21293466]
[0.21293466]
[0.21293466]
[0.21293466]
[0.21293466]
[0.21293466]
[0.21293466]
[0.21293466]
[0.21293466]
[0.21293466]
[0.21293466]
[0.21293466]
[0.21293466]
[0.21293466]
[0.21293466]
[0.21293466]
[0.21293466]
[0.21293466]
[0.21293466]
[0.21293466]
[0.21293466]
[0.21293466]
[0.21293466]
[0.21293466]
[0.21293466]
[0.21293466]
[0.21293466]
[0.21293466]
[0.21293466]
[0.21293466]
[0.21293466]
[0.21293466]
[0.21293466]
[0.21293466]
[0.21293466]
[0.21293466]
[0.21293466]
[0.21293466]
[0.21293466]
[0.21293466]
[0.21293466]
[0.21293466]
[0.21293466]
[0.21293466]
[0.21293466]
[0.21293466]
[0.11395133]
[0.21293466]
[0.21293466]
[0.21293466]
[0.21293466]
[0.21293466]
[0.21293466]
[0.21293466]
[0.21293466]
[0.21293466]
[0.21293466]
[0.21293466]
[0.21293466]
[0.21293466]
[0.21293466]
[0.21293466]
[0.21293466]
[0.21293466]
[0.21293466]
[0.21293466]
[0.21293466]
[0.21293466]
[0.21293466]
[0.21293466]
[0.21293466]
[0.21293466]
[0.21293466]
[0.21293466]
[0.21293466]
[0.21293466]
[0.21293466]
[0.21293466]
[0.21293466]
[0.21293466]
[0.21293466]
[0.21293466]
[0.21293466]
[0.21293466]
[0.21293466]
[0.21293466]
[0.21293466]
[0.21293466]
[0.21293466]
[0.21293466]
[0.21293466]
[0.21293466]
[0.21293466]
[0.21293466]
[0.21293466]
[0.21293466]
[0.21293466]
[0.21293466]
[0.21293466]
[0.21293466]
[0.21293466]
[0.21293466]
[0.21293466]
[0.21293466]
[0.21293466]
[0.21293466]
[0.21293466]
[0.21293466]
[0.21293466]
[0.21293466]
[0.21293466]
[0.21293466]
[0.21293466]
[0.21293466]
[0.21293466]
[0.21293466]
[0.21293466]
[0.21293466]
[0.21293466]
[0.21293466]
[0.21293466]
[0.21293466]
[0.21293466]
[0.21293466]
[0.21293466]
[0.21293466]
[0.21293466]
[0.21293466]
[0.21293466]
[0.21293466]
[0.21293466]
[0.21293466]
[0.21293466]
[0.21293466]
[0.21293466]
[0.21293466]
[0.21293466]
[0.21293466]
[0.21293466]
[0.21293466]
[0.21293466]
[0.21293466]
[0.21293466]
[0.21293466]
[0.21293466]
[0.21293466]
[0.21293466]
[0.21293466]
[0.21293466]
[0.21293466]
[0.21293466]
[0.21293466]
[0.21293466]
[0.21293466]
[0.21293466]
[0.21293466]
[0.21293466]
[0.21293466]
[0.21293466]
[0.21293466]
[0.21293466]
[0.21293466]
[0.21293466]
[0.21293466]
[0.21293466]
[0.21293466]
[0.21293466]
[0.21293466]
[0.21293466]
[0.21293466]
[0.21293466]
[0.21293466]
[0.21293466]
[0.21293466]
[0.21293466]
[0.21293466]
[0.21293466]
[0.21293466]
[0.21293466]
[0.21293466]
[0.21293466]
[0.21293466]
[0.21293466]
[0.21293466]
[0.21293466]
[0.21293466]
[0.21293466]
[0.21293466]
[0.21293466]
[0.21293466]
[0.21293466]
[0.21293466]
[0.21293466]
[0.21293466]
[0.21293466]
[0.21293466]
[0.21293466]
[0.21293466]
[0.21293466]
[0.21293466]
[0.21293466]
[0.21293466]
[0.21293466]
[0.21293466]
[0.21293466]
[0.21293466]
[0.21293466]
[0.21293466]
[0.21293466]
[0.21293466]
[0.21293466]
[0.21293466]
[0.21293466]
[0.21293466]
[0.21293466]
[0.21293466]
[0.21293466]
[0.21293466]
[0.21293466]
[0.21293466]
[0.21293466]
[0.21293466]
[0.21293466]
[0.21293466]
[0.21293466]
[0.21293466]
[0.21293466]
[0.21293466]
[0.21293466]
[0.20079729]
[0.20079729]
[0.20079729]
[0.20079729]
[0.20079729]
[0.20079729]
[0.20079729]
[0.20079729]
[0.20079729]
[0.20079729]
[0.20079729]
[0.20079729]
[0.20079729]
[0.20079729]
[0.20079729]
[0.20079729]
[0.20079729]
[0.20079729]
[0.20079729]
[0.20079729]
[0.20079729]
[0.20079729]
[0.20079729]
[0.20079729]
[0.20079729]
[0.20079729]
[0.20079729]
[0.20079729]
[0.20079729]
[0.20079729]
[0.20079729]
[0.20079729]
[0.20079729]
[0.20079729]
[0.20079729]
[0.20079729]
[0.20079729]
[0.20079729]
[0.20079729]
[0.20079729]
[0.20079729]
[0.20079729]
[0.20079729]
[0.20079729]
[0.20079729]
[0.20079729]
[0.20079729]
[0.20079729]
[0.20079729]
[0.20079729]
[0.20079729]
[0.20079729]
[0.20079729]
[0.20079729]
[0.20079729]
[0.20079729]
[0.20079729]
[0.20079729]
[0.20079729]
[0.20079729]
[0.20079729]
[0.20079729]
[0.20079729]
[0.20079729]
[0.20079729]
[0.20079729]
[0.20079729]
[0.20079729]
[0.20079729]
[0.20079729]
[0.20079729]
[0.20079729]
[0.13581589]
[0.20079729]
[0.20079729]
[0.20079729]
[0.20079729]
[0.20079729]
[0.20079729]
[0.20079729]
[0.20079729]
[0.20079729]
[0.20079729]
[0.20079729]
[0.20079729]
[0.20079729]
[0.20079729]
[0.20079729]
[0.20079729]
[0.20741263]
[0.20079729]
[0.20079729]
[0.20079729]
[0.20079729]
[0.20079729]
[0.20079729]
[0.20079729]
[0.20079729]
[0.20079729]
[0.20079729]
[0.20079729]
[0.20079729]
[0.20079729]
[0.20079729]
[0.15390627]
[0.20079729]
[0.20079729]
[0.20079729]
[0.20079729]
[0.20079729]
[0.14630637]
[0.20079729]
[0.20079729]
[0.20079729]
[0.20079729]
[0.20079729]
[0.20079729]
[0.20079729]
[0.20079729]
[0.20079729]
[0.20079729]
[0.20079729]
[0.20079729]
[0.20079729]
[0.20079729]
[0.12904623]
[0.20079729]
[0.20079729]
[0.20079729]
[0.20079729]
[0.20079729]
[0.20079729]
[0.20079729]
[0.20079729]
[0.20079729]
[0.20079729]
[0.20079729]
[0.20079729]
[0.20079729]
[0.20079729]
[0.20079729]
[0.20079729]
[0.20079729]
[0.20079729]
[0.20079729]
[0.20079729]
[0.20079729]
[0.12238099]
[0.20079729]
[0.20079729]
[0.20079729]
[0.20079729]
[0.20079729]
[0.20079729]
[0.20079729]
[0.20079729]
[0.20079729]
[0.20079729]
[0.20079729]
[0.20079729]
[0.20079729]
[0.20079729]
[0.20079729]
[0.20079729]
[0.20079729]
[0.20079729]
[0.20079729]
[0.20079729]
[0.20079729]
[0.20079729]
[0.20079729]
[0.20079729]
[0.20079729]
[0.20079729]
[0.20079729]
[0.20079729]
[0.20079729]
[0.20079729]
[0.20079729]
[0.20079729]
[0.20079729]
[0.20079729]
[0.13841274]
[0.20079729]
[0.20079729]
[0.20079729]
[0.20079729]
[0.20079729]
[0.20079729]
[0.20079729]
[0.20079729]
[0.20079729]
[0.20079729]
[0.20079729]
[0.20079729]
[0.20079729]
[0.20079729]
[0.20079729]
[0.20079729]
[0.20079729]
[0.20079729]
[0.20079729]
[0.20079729]
[0.20079729]
[0.20079729]
[0.20079729]
[0.20079729]
[0.20079729]
[0.20079729]
[0.20079729]
[0.20079729]
[0.20079729]
[0.20079729]
[0.20079729]
[0.20079729]
[0.20079729]
[0.20079729]
[0.20079729]
[0.20079729]
[0.20079729]
[0.20079729]
[0.20079729]
[0.20079729]
[0.20079729]
[0.20079729]
[0.20079729]
[0.20079729]
[0.20079729]
[0.20079729]
[0.20079729]
[0.20079729]
[0.20079729]
[0.20079729]
[0.20079729]
[0.20079729]
[0.20079729]
[0.20079729]
[0.20079729]
[0.20079729]
[0.20079729]
[0.20079729]
[0.20079729]
[0.20079729]
[0.20079729]
[0.20079729]
[0.20079729]
[0.20079729]
[0.20079729]
[0.20079729]
[0.20079729]
[0.20079729]
[0.20079729]
[0.20079729]
[0.20079729]
[0.20079729]
[0.20079729]
[0.20079729]
[0.20079729]
[0.20079729]
[0.20079729]
[0.20079729]
[0.20079729]
[0.20079729]
[0.20079729]
[0.20079729]
[0.20079729]
[0.20079729]
[0.20079729]
[0.20079729]
[0.20079729]
[0.20079729]
[0.20079729]
[0.20079729]
[0.20079729]
[0.20079729]
[0.20079729]
[0.20079729]
[0.20079729]
[0.20079729]
[0.20079729]
[0.20079729]
[0.20079729]
[0.20079729]
[0.20079729]
[0.20079729]
[0.20079729]
[0.10721938]
[0.20079729]
[0.20079729]
[0.20079729]
[0.20079729]
[0.11857361]
[0.20079729]
[0.20079729]
[0.20079729]
[0.20079729]
[0.20079729]
[0.20079729]
[0.20079729]
[0.20079729]
[0.20079729]
[0.20079729]
[0.20079729]
[0.20079729]
[0.20079729]
[0.20079729]
[0.20079729]
[0.20079729]
[0.20079729]
[0.20079729]
[0.20079729]
[0.20079729]
[0.20079729]
[0.20079729]
[0.20079729]
[0.20079729]
[0.20079729]
[0.20079729]
[0.20079729]
[0.20079729]
[0.20079729]
[0.20079729]
[0.20079729]
[0.20079729]
[0.20079729]
[0.20079729]
[0.20079729]
[0.20079729]
[0.20079729]
[0.20079729]
[0.20079729]
[0.20079729]
[0.20079729]
[0.20079729]
[0.20079729]
[0.20079729]
[0.20079729]
[0.20079729]
[0.20079729]
[0.20079729]
[0.20079729]
[0.20079729]
[0.20079729]
[0.20079729]
[0.20079729]
[0.20079729]
[0.20079729]
[0.20079729]
[0.20079729]
[0.20079729]
[0.20079729]
[0.20079729]
[0.20079729]
[0.20079729]
[0.20079729]
[0.20079729]
[0.20079729]
[0.20079729]
[0.20079729]
[0.20079729]
[0.20079729]
[0.20079729]
[0.20079729]
[0.20079729]
[0.20079729]
[0.20079729]
[0.20079729]
[0.20079729]
[0.20079729]
[0.20079729]
[0.20079729]
[0.20079729]
[0.20079729]
[0.20079729]
[0.20079729]
[0.20079729]
[0.20079729]
[0.20079729]
[0.20079729]
[0.20079729]
[0.20079729]
[0.20079729]
[0.20079729]
[0.20079729]
[0.20079729]
[0.20079729]
[0.20079729]
[0.20079729]
[0.20079729]
[0.20079729]
[0.20079729]
[0.20079729]
[0.20079729]
[0.20079729]
[0.20079729]
[0.20079729]
[0.20079729]
[0.20079729]
[0.20079729]
[0.20079729]
[0.20079729]
[0.20079729]
[0.20079729]
[0.20079729]
[0.20079729]
[0.20079729]
[0.20079729]
[0.20079729]
[0.13004489]
[0.20079729]
[0.20079729]
[0.20079729]
[0.20079729]
[0.20079729]
[0.20079729]
[0.20079729]
[0.20079729]
[0.20079729]
[0.20079729]
[0.20079729]
[0.20079729]
[0.20079729]
[0.20079729]
[0.20079729]
[0.20079738]
[0.20079738]
