[-0.11288681]
[-0.11288681]
[-0.11288681]
[-0.11288681]
[-0.11288681]
[-0.11288681]
[-0.11288681]
[0.14996034]
[-0.11288681]
[-0.11288681]
[-0.11288681]
[-0.11288681]
[-0.11288681]
[-0.11288681]
[-0.11288681]
[-0.11288681]
[-0.11288681]
[-0.11288681]
[-0.11288681]
[-0.11288681]
[-0.11288681]
[-0.11288681]
[-0.11288681]
[-0.11288681]
[0.2405315]
[-0.11288681]
[-0.11288681]
[-0.11288681]
[-0.11288681]
[-0.11288681]
[-0.11288681]
[-0.11288681]
[-0.11288681]
[-0.11288681]
[-0.11288681]
[-0.11288681]
[-0.11288681]
[-0.11288681]
[-0.11288681]
[-0.11288681]
[-0.11288681]
[-0.11288681]
[-0.11288681]
[-0.11288681]
[-0.11288681]
[-0.11288681]
[-0.11288681]
[-0.11288681]
[-0.11288681]
[-0.11288681]
[-0.11288681]
[-0.11288681]
[-0.11288681]
[-0.11288681]
[-0.11288681]
[-0.11288681]
[-0.11288681]
[-0.11288681]
[-0.11288681]
[-0.11288681]
[-0.11288681]
[-0.11288681]
[-0.11288681]
[0.09940068]
[-0.11288681]
[-0.11288681]
[-0.11288681]
[-0.11288681]
[-0.11288681]
[-0.11288681]
[-0.11288681]
[-0.11288681]
[-0.11288681]
[-0.11288681]
[-0.11288681]
[-0.11288681]
[-0.11288681]
[-0.11288681]
[-0.11288681]
[-0.11288681]
[-0.11288681]
[0.15848573]
[-0.11288681]
[-0.11288681]
[-0.11288681]
[-0.11288681]
[-0.11288681]
[-0.11288681]
[-0.11288681]
[-0.11288681]
[-0.11288681]
[-0.11288681]
[-0.11288681]
[-0.11288681]
[-0.11288681]
[-0.11288681]
[-0.11288681]
[-0.11288681]
[-0.11288681]
[-0.11288681]
[-0.11288681]
[-0.11288681]
[-0.11288681]
[-0.11288681]
[-0.11288681]
[-0.11288681]
[-0.11288681]
[-0.11288681]
[-0.11288681]
[-0.11288681]
[-0.11288681]
[-0.11288681]
[-0.11288681]
[-0.11288681]
[-0.11288681]
[-0.11288681]
[-0.11288681]
[-0.11288681]
[-0.11288681]
[-0.11288681]
[-0.11288681]
[-0.11288681]
[-0.11288681]
[-0.11288681]
[-0.11288681]
[-0.11288681]
[-0.11288681]
[-0.11288681]
[-0.11288681]
[-0.11288681]
[-0.11288681]
[-0.11288681]
[-0.11288681]
[-0.11288681]
[-0.11288681]
[-0.11288681]
[-0.11288681]
[-0.11288681]
[-0.11288681]
[-0.11288681]
[-0.11288681]
[-0.11288681]
[-0.11288681]
[-0.11288681]
[-0.11288681]
[-0.11288681]
[-0.11288681]
[-0.11288681]
[-0.11288681]
[-0.11288681]
[-0.11288681]
[-0.11288681]
[-0.11288681]
[-0.11288681]
[-0.11288681]
[-0.11288681]
[-0.11288681]
[-0.11288681]
[0.04676838]
[-0.11288681]
[-0.11288681]
[-0.11288681]
[-0.11288681]
[-0.11288681]
[-0.11288681]
[-0.11288681]
[-0.11288681]
[0.221628]
[0.14409414]
[-0.11288681]
[-0.11288681]
[-0.11288681]
[-0.11288681]
[-0.11288681]
[-0.11288681]
[-0.11288681]
[-0.11288681]
[-0.11288681]
[-0.11288681]
[-0.11288681]
[-0.11288681]
[-0.11288681]
[0.18827349]
[-0.11288681]
[-0.11288681]
[-0.11288681]
[-0.11288681]
[-0.11288681]
[-0.11288681]
[-0.11288681]
[-0.11288681]
[-0.11288681]
[-0.11288681]
[-0.11288681]
[-0.11288681]
[-0.11288681]
[-0.11288681]
[-0.11288681]
[-0.11288681]
[-0.11288681]
[-0.11288681]
[-0.11288681]
[-0.11288681]
[-0.11288681]
[-0.11288681]
[-0.11288681]
[-0.11288681]
[-0.11288681]
[-0.11288681]
[-0.11288681]
[-0.11288681]
[-0.11288681]
[-0.11288681]
[-0.11288681]
[-0.11288681]
[-0.11288681]
[-0.11288681]
[-0.11288681]
[-0.11288681]
[-0.11288681]
[-0.11288681]
[-0.11288681]
[-0.11288681]
[-0.11288681]
[-0.11288681]
[-0.11288681]
[-0.11288681]
[-0.11288681]
[-0.11288681]
[-0.11288681]
[-0.11288681]
[-0.11288681]
[-0.11288681]
[-0.11288681]
[-0.11288681]
[-0.11288681]
[-0.11288681]
[-0.11288681]
[-0.11288681]
[-0.11288681]
[-0.11288681]
[-0.11288681]
[-0.11288681]
[-0.11288681]
[-0.11288681]
[-0.11288681]
[-0.11288681]
[-0.11288681]
[-0.11288681]
[-0.11288681]
[-0.11288681]
[-0.11288681]
[-0.11288681]
[-0.11288681]
[-0.11288681]
[-0.11288681]
[-0.11288681]
[-0.11288681]
[-0.11288681]
[-0.11288681]
[-0.11288681]
[-0.11288681]
[-0.11288681]
[-0.11288681]
[-0.11288681]
[-0.11288681]
[-0.11288681]
[-0.11288681]
[-0.11288681]
[-0.11288681]
[-0.11288681]
[-0.11288681]
[-0.11288681]
[-0.11288681]
[-0.11288681]
[-0.11288681]
[-0.11288681]
[-0.11288681]
[-0.11288681]
[-0.11288681]
[-0.11288681]
[-0.11288681]
[-0.11288681]
[-0.11288681]
[-0.11288681]
[-0.11288681]
[-0.11288681]
[-0.11288681]
[-0.11288681]
[-0.11288681]
[-0.11288681]
[-0.11288681]
[-0.11288681]
[-0.11288681]
[-0.11288681]
[-0.11288681]
[-0.11288681]
[-0.11288681]
[-0.11288681]
[-0.11288681]
[-0.11288681]
[-0.11288681]
[-0.11288681]
[-0.11288681]
[-0.11288681]
[-0.11288681]
[-0.11288681]
[-0.11288681]
[-0.11288681]
[-0.11288681]
[-0.11288681]
[-0.11288681]
[-0.11288681]
[-0.11288681]
[-0.11288681]
[-0.11288681]
[-0.11288681]
[-0.11288681]
[-0.11288681]
[-0.11288681]
[-0.11288681]
[-0.11288681]
[-0.11288681]
[-0.11288681]
[-0.11288681]
[-0.11288681]
[-0.11288681]
[-0.11288681]
[-0.11288681]
[-0.11288681]
[-0.11288681]
[-0.11288681]
[-0.11288681]
[-0.11288681]
[-0.11288681]
[-0.11288681]
[-0.11288681]
[-0.11288681]
[-0.11288681]
[-0.11288681]
[-0.11288681]
[-0.11288681]
[-0.11288681]
[-0.11288681]
[-0.11288681]
[-0.11288681]
[-0.11288681]
[-0.11288681]
[-0.11288681]
[-0.11288681]
[-0.11288681]
[-0.11288681]
[-0.11288681]
[-0.11288681]
[-0.11288681]
[-0.11288681]
[-0.11288681]
[-0.11288681]
[-0.11288681]
[-0.11288681]
[-0.11288681]
[-0.11288681]
[-0.11288681]
[-0.11288681]
[-0.11288681]
[-0.11288681]
[0.23842327]
[-0.11288681]
[-0.11288681]
[-0.11288681]
[-0.11288681]
[-0.11288681]
[-0.11288681]
[-0.11288681]
[-0.11288681]
[0.16640562]
[-0.11288681]
[-0.11288681]
[-0.11288681]
[-0.11288681]
[-0.11288681]
[-0.11288681]
[-0.11288681]
[-0.11288681]
[-0.11288681]
[-0.11288681]
[-0.11288681]
[-0.11288681]
[-0.11288681]
[-0.11288681]
[-0.11288681]
[-0.11288681]
[-0.11288681]
[-0.11288681]
[-0.11288681]
[-0.11288681]
[-0.11288681]
[-0.11288681]
[-0.11288681]
[-0.11288681]
[-0.11288681]
[-0.11288681]
[-0.11288681]
[-0.11288681]
[-0.11288681]
[-0.11288681]
[-0.11288681]
[-0.11288681]
[-0.11288681]
[-0.11288681]
[-0.11288681]
[-0.11288681]
[-0.11288681]
[-0.11288681]
[-0.11288681]
[-0.11288681]
[-0.11288681]
[-0.11288681]
[-0.11288681]
[-0.11288681]
[-0.11288681]
[-0.11288681]
[-0.11288681]
[-0.11288681]
[-0.11288681]
[-0.11288681]
[-0.11288681]
[-0.11288681]
[-0.11288681]
[-0.11288681]
[-0.11288681]
[-0.11288681]
[0.10962053]
[-0.11288681]
[0.10133584]
[-0.11288681]
[-0.11288681]
[-0.11288681]
[0.23552294]
[-0.11288681]
[-0.11288681]
[-0.11288681]
[-0.11288681]
[-0.11288681]
[-0.11288681]
[-0.11288681]
[-0.11288681]
[-0.11288681]
[-0.11288681]
[-0.11288681]
[-0.11288681]
[-0.11288681]
[-0.11288681]
[-0.11288681]
[-0.11288681]
[-0.11288681]
[-0.11288681]
[-0.11288681]
[-0.11288681]
[-0.11288681]
[0.18833496]
[-0.11288681]
[-0.11288681]
[-0.11288681]
[-0.11288681]
[-0.11288681]
[-0.11288681]
[-0.11288681]
[-0.11288681]
[-0.11288681]
[-0.11288681]
[-0.11288681]
[-0.11288681]
[-0.11288681]
[-0.11288681]
[-0.11288681]
[0.16177581]
[0.227242]
[-0.11288681]
[-0.11288681]
[-0.11288681]
[-0.11288681]
[-0.11288681]
[-0.11288681]
[-0.11288681]
[-0.11288681]
[-0.11288681]
[-0.11288681]
[-0.11288681]
[-0.11288681]
[-0.11288681]
[-0.11288681]
[-0.11288681]
[-0.11288681]
[-0.11288681]
[-0.11288681]
[-0.11288681]
[-0.11288681]
[-0.11288681]
[-0.11288681]
[-0.11288681]
[-0.11288681]
[-0.11288681]
[-0.11288681]
[-0.11288681]
[-0.11288681]
[-0.11288681]
[-0.11288681]
[-0.11288681]
[-0.11288681]
[-0.11288681]
[-0.11288681]
[-0.11288681]
[-0.11288681]
[-0.11288681]
[-0.11288681]
[-0.11288681]
[-0.11288681]
[-0.11288681]
[-0.11288681]
[-0.11288681]
[-0.11288681]
[-0.11288681]
[-0.11288681]
[-0.11288681]
[-0.11288681]
[0.14982767]
[-0.11288681]
[-0.11288681]
[-0.11288681]
[-0.11288681]
[-0.11288681]
[-0.11288681]
[-0.11288681]
[-0.11288681]
[-0.11288681]
[0.08545509]
[-0.11288681]
[-0.11288681]
[-0.11288681]
[-0.11288681]
[-0.11288681]
[-0.11288681]
[-0.11288681]
[-0.11288681]
[-0.11288681]
[-0.11288681]
[-0.11288681]
[-0.11288681]
[-0.11288681]
[-0.11288681]
[-0.11288681]
[-0.11288681]
[-0.11288681]
[-0.11288681]
[-0.11288681]
[-0.11288681]
[-0.11288681]
[-0.11288681]
[-0.11288681]
[-0.11288681]
[-0.11288681]
[-0.11288681]
[-0.11288681]
[-0.11288681]
[-0.11288681]
[-0.11288681]
[-0.11288681]
[-0.11288681]
[-0.11288681]
[-0.11288681]
[-0.11288681]
[-0.11288681]
[-0.11288681]
[-0.11288681]
[-0.11288681]
[-0.11288681]
[-0.11288681]
[-0.11288681]
[-0.11288681]
[-0.11288681]
[-0.11288681]
[-0.11288681]
[-0.11288681]
[-0.11288681]
[-0.11288681]
[-0.11288681]
[-0.11288681]
[0.2093572]
[-0.11288681]
[-0.11288681]
[-0.11288681]
[-0.11288681]
[-0.11288681]
[-0.11288681]
[0.21256973]
[-0.11288681]
[-0.11288681]
[-0.11288681]
[-0.11288681]
[-0.11288681]
[-0.11288681]
[-0.11288681]
[-0.11288681]
[-0.11288681]
[-0.11288681]
[-0.11288681]
[-0.11288681]
[-0.11288681]
[-0.11288681]
[-0.11288681]
[-0.11288681]
[-0.11288681]
[-0.11288681]
[-0.11288681]
[-0.11288681]
[-0.11288681]
[-0.11288681]
[-0.11288681]
[-0.11288681]
[-0.11288681]
[-0.11288681]
[-0.11288681]
[-0.11288681]
[-0.11288681]
[-0.11288681]
[-0.11288681]
[-0.11288681]
[-0.11288681]
[-0.11288681]
[-0.11288681]
[-0.11288681]
[-0.11288681]
[-0.11288681]
[-0.11288681]
[-0.11288681]
[-0.11288681]
[-0.11288681]
[-0.11288681]
[-0.11288681]
[-0.11288681]
[-0.11288681]
[-0.11288681]
[-0.11288681]
[-0.11288681]
[-0.11288681]
[-0.11288681]
[-0.11288681]
[-0.11288681]
[-0.11288681]
[-0.11288681]
[-0.11288681]
[-0.11288681]
[-0.11288681]
[-0.11288681]
[-0.11288681]
[-0.11288681]
[-0.11288681]
[-0.11288681]
[-0.11288681]
[-0.11288681]
[-0.11288681]
[-0.11288681]
[-0.11288681]
[-0.11288681]
[-0.11288681]
[-0.11288681]
[-0.11288681]
[-0.11288681]
[-0.11288681]
[-0.11288681]
[0.09957401]
[-0.11288681]
[-0.11288681]
[-0.11288681]
[-0.11288681]
[-0.11288681]
[-0.11288681]
[-0.11288681]
[-0.11288681]
[-0.11288681]
[-0.11288681]
[-0.11288681]
[-0.11288681]
[-0.11288681]
[-0.11288681]
[-0.11288681]
[-0.11288681]
[-0.11288681]
[-0.11288681]
[-0.11288681]
[-0.11288681]
[-0.11288681]
[-0.11288681]
[-0.11288681]
[0.16837803]
[-0.11288681]
[-0.11288681]
[-0.11288681]
[-0.11288681]
[-0.11288681]
[-0.11288681]
[-0.11288681]
[-0.11288681]
[-0.11288681]
[-0.11288681]
[-0.11288681]
[-0.11288681]
[-0.11288681]
[-0.11288681]
[-0.11288681]
[-0.11288681]
[-0.11288681]
[-0.11288681]
[-0.11288681]
[-0.11288681]
[-0.11288681]
[-0.11288681]
[-0.11288681]
[-0.11288681]
[-0.11288681]
[-0.11288681]
[-0.11288681]
[-0.11288681]
[-0.11288681]
[-0.11288681]
[-0.11288681]
[-0.11288681]
[-0.11288681]
[-0.11288681]
[-0.11288681]
[-0.11288681]
[-0.11288681]
[-0.11288681]
[-0.11288681]
[-0.11288681]
[-0.11288681]
[-0.11288681]
[-0.11288681]
[-0.11288681]
[-0.11288681]
[-0.11288681]
[0.12368643]
[-0.11288681]
[-0.11288681]
[-0.11288681]
[-0.11288681]
[-0.11288681]
[-0.11288681]
[-0.11288681]
[-0.11288681]
[-0.11288681]
[-0.11288681]
[-0.11288681]
[-0.11288681]
[-0.11288681]
[-0.11288681]
[-0.11288681]
[-0.11288681]
[-0.11288681]
[-0.11288681]
[-0.11288681]
[-0.11288681]
[-0.11288681]
[-0.11288681]
[-0.11288681]
[-0.11288681]
[-0.11288681]
[-0.11288681]
[-0.11288681]
[-0.11288681]
[-0.11288681]
[-0.11288681]
[-0.11288681]
[-0.11288681]
[-0.11288681]
[-0.11288681]
[-0.11288681]
[-0.11288681]
[-0.11288681]
[-0.11288681]
[-0.11288681]
[-0.11288681]
[-0.11288681]
[-0.11288681]
[-0.11288681]
[-0.11288681]
[-0.11288681]
[-0.11288681]
[-0.11288681]
[-0.11288681]
[-0.11288681]
[-0.11288681]
[-0.11288681]
[-0.12067281]
[-0.11288681]
[-0.11288681]
[-0.11288681]
[-0.11288681]
[-0.11288681]
[-0.11288681]
[-0.11288681]
[-0.11288681]
[-0.11288681]
[-0.11288681]
[-0.11288681]
[-0.11288681]
[-0.11288681]
[-0.11288681]
[-0.11288681]
[-0.11288681]
[-0.11288681]
[-0.11288681]
[-0.11288681]
[-0.11288681]
[-0.11288681]
[-0.11288681]
[-0.11288681]
[-0.11288681]
[-0.11288681]
[-0.11288681]
[-0.11288681]
[-0.11288681]
[-0.11288681]
[-0.11288681]
[-0.11288681]
[-0.11288681]
[-0.11288681]
[-0.11288681]
[-0.11288681]
[-0.11288681]
[-0.11288681]
[-0.11288681]
[-0.11288681]
[-0.11288681]
[-0.11288681]
[0.08329932]
[-0.11288681]
[-0.11288681]
[-0.11288681]
[-0.11288681]
[-0.11288681]
[-0.11288681]
[-0.11288681]
[-0.11288681]
[-0.11288681]
[-0.11288681]
[-0.11288681]
[-0.11288681]
[-0.11288681]
[-0.11288681]
[-0.11288681]
[-0.11288681]
[-0.11288681]
[-0.11288681]
[0.12393571]
[-0.11288681]
[-0.11288681]
[-0.11288681]
[-0.11288681]
[-0.11288681]
[-0.11288681]
[-0.11288681]
[-0.11288681]
[-0.11288681]
[-0.11288681]
[-0.11288681]
[-0.11288681]
[-0.11288681]
[-0.11288681]
[-0.11288681]
[-0.11288681]
[-0.11288681]
[-0.11288681]
[-0.11288681]
[-0.11288681]
[-0.11288681]
[-0.11288681]
[-0.11288681]
[-0.11288681]
[-0.11288681]
[-0.11288681]
[-0.11288681]
[-0.11288681]
[-0.11288681]
[-0.11288681]
[-0.11288681]
[-0.11288681]
[-0.11288681]
[-0.11288681]
[-0.11288681]
[-0.11288681]
[-0.11288681]
[-0.11288681]
[-0.11288681]
[-0.11288681]
[-0.11288681]
[-0.11288681]
[-0.11288681]
[-0.11288681]
[-0.11288681]
[-0.11288681]
[-0.11288681]
[-0.11288681]
[-0.11288681]
[-0.11288681]
[-0.11288681]
[-0.11288681]
[-0.11288681]
[-0.11288681]
[-0.11288681]
[-0.11288681]
[-0.11288681]
[0.01930524]
[-0.11288681]
[-0.11288681]
[-0.11288681]
[-0.11288681]
[-0.11288681]
[-0.11288681]
[-0.11288681]
[-0.11288681]
[-0.11288681]
[-0.11288681]
[-0.11288681]
[-0.11288681]
[-0.11288681]
[-0.11288681]
[-0.11288681]
[-0.11288681]
[-0.11288681]
[-0.11288681]
[-0.11288681]
[-0.11288681]
[-0.11288681]
[-0.11288681]
[-0.11288681]
[-0.11288681]
[-0.11288681]
[-0.11288681]
[-0.11288681]
[-0.11288681]
[-0.11288681]
[-0.11288681]
[-0.11288681]
[-0.11288681]
[-0.11288681]
[-0.11288681]
[-0.11288681]
[-0.11288681]
[-0.11288681]
[-0.11288681]
[-0.11288681]
[-0.11288681]
[-0.11288681]
[-0.11288681]
[-0.11288681]
[-0.11288681]
[-0.11288681]
[-0.11288681]
[-0.11288681]
[-0.11288681]
[-0.11288681]
[-0.11288681]
[-0.11288681]
[-0.11288681]
[-0.11288681]
[-0.11288681]
[-0.11288681]
[-0.11288681]
[-0.11288681]
[-0.11288681]
[-0.11288681]
[-0.11288681]
[-0.11288681]
[-0.11288681]
[-0.11288681]
[-0.11288681]
[-0.11288681]
[-0.11288681]
[-0.11288681]
[-0.11288681]
[-0.11288681]
[-0.11288681]
[-0.11288681]
[-0.11288681]
[-0.11288681]
[-0.11288681]
[-0.11288681]
[-0.11288681]
[-0.11288681]
[-0.11288681]
[-0.11288681]
[-0.11288681]
[-0.11288681]
[-0.11288681]
[-0.11288681]
[-0.11288681]
[-0.11288681]
[-0.11288681]
[-0.11822318]
[-0.11822318]
[-0.11822318]
[-0.11822318]
[-0.11822318]
[-0.11822318]
[-0.11822318]
[-0.11822318]
[-0.11822318]
[-0.11822318]
[-0.11822318]
[-0.11822318]
[-0.11822318]
[-0.11822318]
[-0.11822318]
[-0.11822318]
[0.1462504]
[-0.11822318]
[-0.11822318]
[-0.11822318]
[-0.11822318]
[-0.11822318]
[-0.11822318]
[-0.11822318]
[-0.11822318]
[-0.11822318]
[-0.11822318]
[-0.11822318]
[-0.11822318]
[-0.11822318]
[-0.11822318]
[-0.11822318]
[-0.11822318]
[-0.11822318]
[-0.11822318]
[-0.11822318]
[-0.11822318]
[-0.11822318]
[-0.11822318]
[-0.11822318]
[-0.11822318]
[-0.11822318]
[0.15041788]
[-0.11822318]
[-0.11822318]
[-0.11822318]
[-0.11822318]
[-0.11822318]
[-0.11822318]
[0.19958332]
[-0.11822318]
[-0.11822318]
[-0.11822318]
[-0.11822318]
[-0.11822318]
[-0.11822318]
[-0.11822318]
[-0.11822318]
[-0.11822318]
[0.20330054]
[-0.11822318]
[-0.11822318]
[-0.11822318]
[-0.11822318]
[-0.11822318]
[-0.11822318]
[-0.11822318]
[-0.11822318]
[-0.11822318]
[-0.11822318]
[-0.11822318]
[-0.11822318]
[-0.11822318]
[-0.11822318]
[-0.11822318]
[-0.11822318]
[-0.11822318]
[-0.11822318]
[-0.11822318]
[-0.11822318]
[-0.11822318]
[-0.11822318]
[-0.11822318]
[-0.11822318]
[-0.11822318]
[-0.11822318]
[-0.11822318]
[-0.11822318]
[-0.11822318]
[-0.11822318]
[-0.11822318]
[-0.11822318]
[-0.11822318]
[-0.11822318]
[-0.11822318]
[-0.11822318]
[-0.11822318]
[-0.11822318]
[-0.11822318]
[-0.11822318]
[-0.11822318]
[-0.11822318]
[-0.11822318]
[-0.11822318]
[-0.11822318]
[-0.11822318]
[-0.11822318]
[-0.11822318]
[-0.11822318]
[-0.11822318]
[-0.11822318]
[-0.11822318]
[-0.11822318]
[-0.11822318]
[-0.11822318]
[-0.11822318]
[-0.11822318]
[-0.11822318]
[-0.11822318]
[-0.11822318]
[-0.11822318]
[-0.11822318]
[-0.11822318]
[-0.11822318]
[-0.11822318]
[-0.11822318]
[-0.11822318]
[0.17106318]
[-0.11822318]
[-0.11822318]
[-0.11822318]
[-0.11822318]
[-0.11822318]
[-0.11822318]
[-0.11822318]
[-0.11822318]
[-0.11822318]
[-0.11822318]
[-0.11822318]
[-0.11822318]
[-0.11822318]
[-0.11822318]
[-0.11822318]
[-0.11822318]
[-0.11822318]
[-0.11822318]
[-0.11822318]
[-0.11822318]
[-0.11822318]
[-0.11822318]
[-0.11822318]
[-0.11822318]
[-0.11822318]
[-0.11822318]
[-0.11822318]
[-0.11822318]
[-0.11822318]
[-0.11822318]
[-0.11822318]
[-0.11822318]
[-0.11822318]
[-0.11822318]
[-0.11822318]
[-0.11822318]
[-0.11822318]
[-0.11822318]
[-0.11822318]
[-0.11822318]
[-0.11822318]
[-0.11822318]
[-0.11822318]
[-0.11822318]
[-0.11822318]
[-0.11822318]
[-0.11822318]
[-0.11822318]
[-0.11822318]
[-0.11822318]
[-0.11822318]
[-0.11822318]
[-0.11822318]
[-0.11822318]
[-0.11822318]
[-0.11822318]
[-0.11822318]
[-0.11822318]
[-0.11822318]
[-0.11822318]
[-0.11822318]
[-0.11822318]
[-0.11822318]
[-0.11822318]
[-0.11822318]
[-0.11822318]
[-0.11822318]
[-0.11822318]
[-0.11822318]
[-0.11822318]
[0.19178826]
[-0.11822318]
[-0.11822318]
[-0.11822318]
[-0.11822318]
[-0.11822318]
[-0.11822318]
[-0.11822318]
[-0.11822318]
[-0.11822318]
[-0.11822318]
[-0.11822318]
[-0.11822318]
[-0.11822318]
[-0.11822318]
[-0.11822318]
[-0.11822318]
[-0.11822318]
[-0.11822318]
[-0.11822318]
[-0.11822318]
[-0.11822318]
[-0.11822318]
[-0.11822318]
[-0.11822318]
[-0.11822318]
[-0.11822318]
[-0.11822318]
[-0.11822318]
[-0.11822318]
[-0.11822318]
[-0.11822318]
[-0.11822318]
[-0.11822318]
[-0.11822318]
[0.16106735]
[-0.11822318]
[-0.11822318]
[-0.11822318]
[-0.11822318]
[-0.11822318]
[-0.11822318]
[-0.11822318]
[-0.11822318]
[-0.11822318]
[-0.11822318]
[-0.11822318]
[-0.11822318]
[-0.11822318]
[-0.11822318]
[-0.11822318]
[-0.11822318]
[-0.11822318]
[-0.11822318]
[-0.11822318]
[-0.11822318]
[-0.11822318]
[-0.11822318]
[-0.11822318]
[-0.11822318]
[-0.11822318]
[0.05548939]
[-0.11822318]
[-0.11822318]
[-0.11822318]
[-0.11822318]
[-0.11822318]
[-0.11822318]
[-0.11822318]
[-0.11822318]
[-0.11822318]
[-0.11822318]
[0.13296473]
[-0.11822318]
[-0.11822318]
[-0.11822318]
[-0.11822318]
[-0.11822318]
[-0.11822318]
[-0.11822318]
[-0.11822318]
[-0.11822318]
[-0.11822318]
[-0.11822318]
[-0.11822318]
[-0.11822318]
[-0.11822318]
[-0.11822318]
[-0.11822318]
[-0.11822318]
[-0.11822318]
[-0.11822318]
[-0.11822318]
[-0.11822318]
[-0.11822318]
[-0.11822318]
[-0.11822318]
[-0.11822318]
[-0.11822318]
[-0.11822318]
[-0.11822318]
[-0.11822318]
[-0.11822318]
[-0.11822318]
[-0.11822318]
[-0.11822318]
[-0.11822315]
[-0.11822315]
