[-0.22674352]
[-0.22674352]
[-0.22674352]
[-0.22674352]
[-0.33825994]
[-0.22674352]
[-0.22674352]
[-0.22674352]
[-0.22674352]
[-0.22674352]
[-0.22674352]
[-0.22674352]
[-0.22674352]
[-0.22674352]
[-0.22674352]
[-0.22674352]
[-0.22674352]
[-0.22674352]
[-0.22674352]
[-0.22674352]
[-0.22674352]
[-0.22674352]
[-0.22674352]
[-0.22674352]
[-0.22674352]
[-0.22674352]
[-0.22674352]
[-0.3880642]
[-0.22674352]
[-0.22674352]
[-0.22674352]
[-0.22674352]
[-0.22674352]
[-0.22674352]
[-0.22674352]
[-0.22674352]
[-0.22674352]
[-0.34350777]
[-0.22674352]
[-0.22674352]
[-0.22674352]
[-0.22674352]
[-0.22674352]
[-0.22674352]
[-0.22674352]
[-0.22674352]
[-0.3718146]
[-0.22674352]
[-0.22674352]
[-0.22674352]
[-0.22674352]
[-0.22674352]
[-0.22674352]
[-0.22674352]
[-0.22674352]
[-0.22674352]
[-0.22674352]
[-0.22674352]
[-0.3867675]
[-0.22674352]
[-0.36269945]
[-0.22674352]
[-0.22674352]
[-0.22674352]
[-0.22674352]
[-0.22674352]
[-0.22674352]
[-0.22674352]
[-0.22674352]
[-0.22674352]
[-0.22674352]
[-0.22674352]
[-0.3705592]
[-0.22674352]
[-0.22674352]
[-0.22674352]
[-0.22674352]
[-0.22674352]
[-0.22674352]
[-0.22674352]
[-0.22674352]
[-0.22674352]
[-0.22674352]
[-0.37611794]
[-0.22674352]
[-0.22674352]
[-0.22674352]
[-0.22674352]
[-0.22674352]
[-0.22674352]
[-0.22674352]
[-0.22674352]
[-0.22674352]
[-0.38342166]
[-0.22674352]
[-0.22674352]
[-0.22674352]
[-0.22674352]
[-0.22674352]
[-0.22674352]
[-0.22674352]
[-0.22674352]
[-0.22674352]
[-0.22674352]
[-0.22674352]
[-0.22674352]
[-0.22674352]
[-0.22674352]
[-0.22674352]
[-0.22674352]
[-0.22674352]
[-0.22674352]
[-0.22674352]
[-0.22674352]
[-0.22674352]
[-0.22674352]
[-0.22674352]
[-0.22674352]
[-0.22674352]
[-0.22674352]
[-0.22674352]
[-0.22674352]
[-0.22674352]
[-0.22674352]
[-0.22674352]
[-0.22674352]
[-0.22674352]
[-0.22674352]
[-0.22674352]
[-0.22674352]
[-0.22674352]
[-0.22674352]
[-0.22674352]
[-0.22674352]
[-0.22674352]
[-0.22674352]
[-0.22674352]
[-0.22674352]
[-0.22674352]
[-0.36803624]
[-0.22674352]
[-0.22674352]
[-0.22674352]
[-0.22674352]
[-0.22674352]
[-0.22674352]
[-0.22674352]
[-0.22674352]
[-0.22674352]
[-0.22674352]
[-0.22674352]
[-0.22674352]
[-0.22674352]
[-0.22674352]
[-0.22674352]
[-0.22674352]
[-0.22674352]
[-0.3062715]
[-0.22674352]
[-0.22674352]
[-0.22674352]
[-0.22674352]
[-0.22674352]
[-0.22674352]
[-0.22674352]
[-0.22674352]
[-0.22674352]
[-0.22674352]
[-0.22674352]
[-0.22674352]
[-0.22674352]
[-0.22674352]
[-0.22674352]
[-0.22674352]
[-0.22674352]
[-0.22674352]
[-0.22674352]
[-0.22674352]
[-0.22674352]
[-0.22674352]
[-0.22674352]
[-0.22674352]
[-0.22674352]
[-0.22674352]
[-0.22674352]
[-0.22674352]
[-0.22674352]
[-0.22674352]
[-0.22674352]
[-0.3777526]
[-0.22674352]
[-0.22674352]
[-0.22674352]
[-0.35997644]
[-0.22674352]
[-0.22674352]
[-0.36119172]
[-0.22674352]
[-0.22674352]
[-0.22674352]
[-0.22674352]
[-0.22674352]
[-0.22674352]
[-0.22674352]
[-0.22674352]
[-0.22674352]
[-0.22674352]
[-0.22674352]
[-0.22674352]
[-0.28376082]
[-0.22674352]
[-0.22674352]
[-0.22674352]
[-0.22674352]
[-0.22674352]
[-0.22674352]
[-0.22674352]
[-0.37657118]
[-0.22674352]
[-0.22500366]
[-0.22674352]
[-0.22674352]
[-0.22674352]
[-0.22674352]
[-0.22674352]
[-0.22674352]
[-0.22674352]
[-0.22674352]
[-0.22674352]
[-0.22674352]
[-0.22674352]
[-0.22674352]
[-0.22674352]
[-0.22674352]
[-0.22674352]
[-0.3521724]
[-0.22674352]
[-0.22674352]
[-0.22674352]
[-0.22674352]
[-0.22674352]
[-0.22674352]
[-0.22674352]
[-0.22674352]
[-0.22674352]
[-0.22674352]
[-0.22674352]
[-0.22674352]
[-0.22674352]
[-0.22674352]
[-0.22674352]
[-0.22674352]
[-0.22674352]
[-0.267916]
[-0.22674352]
[-0.22674352]
[-0.22674352]
[-0.22674352]
[-0.22674352]
[-0.22674352]
[-0.22674352]
[-0.22674352]
[-0.22674352]
[-0.22674352]
[-0.22674352]
[-0.37211376]
[-0.22674352]
[-0.36796373]
[-0.22674352]
[-0.22674352]
[-0.22674352]
[-0.22674352]
[-0.22674352]
[-0.22674352]
[-0.22674352]
[-0.22674352]
[-0.22674352]
[-0.22674352]
[-0.22674352]
[-0.3664688]
[-0.22674352]
[-0.22674352]
[-0.37132502]
[-0.22674352]
[-0.22674352]
[-0.3726793]
[-0.22674352]
[-0.22674352]
[-0.22674352]
[-0.22674352]
[-0.22674352]
[-0.37532827]
[-0.22674352]
[-0.22674352]
[-0.22674352]
[-0.22674352]
[-0.22674352]
[-0.22674352]
[-0.22674352]
[-0.36260176]
[-0.22674352]
[-0.22674352]
[-0.22674352]
[-0.2934734]
[-0.22674352]
[-0.22674352]
[-0.22674352]
[-0.36732805]
[-0.22674352]
[-0.22674352]
[-0.22674352]
[-0.22674352]
[-0.22674352]
[-0.22674352]
[-0.22674352]
[-0.22674352]
[-0.22674352]
[-0.22674352]
[-0.22674352]
[-0.22674352]
[-0.22674352]
[-0.22674352]
[-0.22674352]
[-0.22674352]
[-0.22674352]
[-0.22674352]
[-0.22674352]
[-0.22674352]
[-0.22674352]
[-0.22674352]
[-0.22674352]
[-0.22674352]
[-0.22674352]
[-0.22674352]
[-0.38261715]
[-0.22674352]
[-0.22674352]
[-0.22674352]
[-0.22674352]
[-0.22674352]
[-0.22674352]
[-0.22674352]
[-0.22674352]
[-0.22674352]
[-0.22674352]
[-0.22674352]
[-0.22674352]
[-0.22674352]
[-0.22674352]
[-0.22674352]
[-0.22674352]
[-0.22674352]
[-0.22674352]
[-0.22674352]
[-0.22674352]
[-0.22674352]
[-0.36277676]
[-0.22674352]
[-0.22674352]
[-0.22674352]
[-0.22674352]
[-0.22674352]
[-0.22674352]
[-0.22674352]
[-0.22674352]
[-0.22674352]
[-0.22674352]
[-0.38108802]
[-0.38205633]
[-0.22674352]
[-0.22674352]
[-0.22674352]
[-0.22674352]
[-0.22674352]
[-0.22674352]
[-0.22674352]
[-0.22674352]
[-0.22674352]
[-0.22674352]
[-0.22674352]
[-0.22674352]
[-0.22674352]
[-0.22674352]
[-0.22674352]
[-0.22674352]
[-0.22674352]
[-0.3695112]
[-0.22674352]
[-0.22674352]
[-0.22674352]
[-0.22674352]
[-0.22674352]
[-0.22500366]
[-0.22674352]
[-0.22674352]
[-0.22674352]
[-0.22674352]
[-0.22674352]
[-0.22674352]
[-0.22674352]
[-0.22674352]
[-0.22674352]
[-0.22674352]
[-0.22674352]
[-0.22674352]
[-0.22674352]
[-0.22674352]
[-0.22674352]
[-0.22674352]
[-0.22674352]
[-0.22674352]
[-0.22674352]
[-0.22674352]
[-0.22674352]
[-0.22674352]
[-0.22674352]
[-0.3705852]
[-0.22674352]
[-0.22674352]
[-0.22674352]
[-0.22674352]
[-0.22674352]
[-0.22674352]
[-0.22674352]
[-0.22674352]
[-0.22674352]
[-0.22674352]
[-0.22674352]
[-0.22674352]
[-0.22674352]
[-0.22674352]
[-0.22674352]
[-0.22674352]
[-0.22674352]
[-0.22674352]
[-0.22674352]
[-0.22674352]
[-0.22674352]
[-0.36407682]
[-0.22674352]
[-0.22500366]
[-0.22674352]
[-0.22674352]
[-0.22674352]
[-0.22674352]
[-0.22674352]
[-0.22674352]
[-0.22674352]
[-0.22674352]
[-0.22674352]
[-0.22674352]
[-0.22674352]
[-0.22674352]
[-0.22674352]
[-0.22674352]
[-0.22674352]
[-0.22674352]
[-0.22674352]
[-0.22674352]
[-0.22674352]
[-0.22674352]
[-0.22674352]
[-0.22674352]
[-0.22674352]
[-0.22674352]
[-0.22674352]
[-0.22674352]
[-0.22674352]
[-0.22674352]
[-0.22674352]
[-0.22674352]
[-0.22674352]
[-0.22674352]
[-0.39259034]
[-0.22674352]
[-0.22674352]
[-0.22674352]
[-0.22674352]
[-0.22674352]
[-0.22674352]
[-0.22674352]
[-0.22674352]
[-0.22674352]
[-0.22674352]
[-0.22674352]
[-0.22674352]
[-0.22674352]
[-0.22674352]
[-0.22674352]
[-0.22674352]
[-0.22674352]
[-0.22674352]
[-0.22674352]
[-0.22674352]
[-0.3900226]
[-0.22674352]
[-0.22674352]
[-0.22674352]
[-0.22674352]
[-0.22674352]
[-0.22674352]
[-0.22674352]
[-0.22674352]
[-0.22674352]
[-0.22674352]
[-0.22674352]
[-0.22674352]
[-0.22674352]
[-0.22674352]
[-0.22674352]
[-0.22674352]
[-0.22674352]
[-0.22674352]
[-0.22674352]
[-0.22674352]
[-0.22674352]
[-0.22674352]
[-0.22674352]
[-0.22674352]
[-0.22674352]
[-0.22674352]
[-0.22674352]
[-0.22674352]
[-0.22674352]
[-0.22674352]
[-0.22674352]
[-0.22674352]
[-0.22674352]
[-0.22674352]
[-0.22674352]
[-0.22674352]
[-0.22674352]
[-0.22674352]
[-0.22674352]
[-0.22674352]
[-0.22674352]
[-0.22674352]
[-0.22500366]
[-0.22674352]
[-0.22674352]
[-0.22674352]
[-0.22674352]
[-0.3754504]
[-0.22674352]
[-0.22674352]
[-0.22674352]
[-0.22674352]
[-0.22674352]
[-0.22674352]
[-0.22674352]
[-0.22674352]
[-0.22674352]
[-0.22674352]
[-0.36707735]
[-0.22674352]
[-0.22674352]
[-0.22674352]
[-0.22674352]
[-0.22674352]
[-0.22674352]
[-0.22674352]
[-0.22674352]
[-0.37645727]
[-0.22674352]
[-0.22674352]
[-0.22674352]
[-0.22674352]
[-0.22674352]
[-0.22674352]
[-0.22674352]
[-0.22674352]
[-0.22674352]
[-0.22674352]
[-0.22674352]
[-0.22674352]
[-0.22674352]
[-0.22674352]
[-0.22674352]
[-0.22674352]
[-0.22674352]
[-0.22674352]
[-0.22674352]
[-0.22674352]
[-0.22674352]
[-0.22674352]
[-0.22674352]
[-0.22674352]
[-0.22674352]
[-0.22674352]
[-0.39093128]
[-0.22674352]
[-0.22674352]
[-0.22674352]
[-0.22674352]
[-0.22674352]
[-0.22674352]
[-0.22674352]
[-0.22674352]
[-0.22674352]
[-0.22674352]
[-0.22674352]
[-0.22674352]
[-0.22674352]
[-0.22674352]
[-0.22674352]
[-0.22674352]
[-0.22674352]
[-0.22674352]
[-0.22674352]
[-0.22674352]
[-0.22674352]
[-0.22674352]
[-0.22674352]
[-0.22674352]
[-0.22674352]
[-0.22674352]
[-0.36690146]
[-0.22674352]
[-0.22674352]
[-0.22674352]
[-0.22674352]
[-0.22674352]
[-0.22674352]
[-0.22674352]
[-0.22674352]
[-0.22674352]
[-0.22674352]
[-0.22674352]
[-0.22674352]
[-0.22674352]
[-0.22674352]
[-0.22674352]
[-0.22674352]
[-0.37861764]
[-0.22674352]
[-0.22674352]
[-0.22674352]
[-0.37504733]
[-0.37753803]
[-0.22674352]
[-0.22674352]
[-0.22674352]
[-0.22674352]
[-0.22674352]
[-0.22674352]
[-0.22674352]
[-0.22674352]
[-0.22674352]
[-0.22674352]
[-0.36262706]
[-0.22674352]
[-0.22674352]
[-0.22674352]
[-0.22674352]
[-0.22674352]
[-0.22674352]
[-0.22674352]
[-0.22674352]
[-0.22674352]
[-0.22674352]
[-0.22674352]
[-0.22674352]
[-0.22674352]
[-0.22674352]
[-0.22674352]
[-0.22674352]
[-0.22674352]
[-0.22674352]
[-0.22674352]
[-0.22674352]
[-0.22674352]
[-0.3707338]
[-0.22674352]
[-0.22674352]
[-0.22674352]
[-0.22674352]
[-0.22674352]
[-0.22674352]
[-0.22674352]
[-0.22674352]
[-0.22674352]
[-0.22674352]
[-0.22674352]
[-0.22674352]
[-0.3635611]
[-0.3604333]
[-0.22674352]
[-0.22674352]
[-0.22674352]
[-0.22674352]
[-0.22674352]
[-0.34909028]
[-0.22674352]
[-0.22674352]
[-0.22674352]
[-0.22674352]
[-0.22674352]
[-0.22674352]
[-0.22674352]
[-0.22674352]
[-0.22674352]
[-0.22674352]
[-0.22674352]
[-0.22674352]
[-0.22674352]
[-0.22674352]
[-0.22674352]
[-0.22674352]
[-0.22674352]
[-0.22674352]
[-0.22674352]
[-0.22674352]
[-0.22674352]
[-0.22674352]
[-0.22674352]
[-0.34390444]
[-0.22674352]
[-0.38759547]
[-0.22674352]
[-0.22674352]
[-0.22674352]
[-0.22674352]
[-0.22674352]
[-0.36794388]
[-0.22674352]
[-0.22674352]
[-0.22674352]
[-0.22674352]
[-0.22674352]
[-0.22674352]
[-0.22674352]
[-0.22674352]
[-0.22674352]
[-0.22674352]
[-0.22674352]
[-0.22674352]
[-0.22674352]
[-0.22674352]
[-0.22674352]
[-0.23335773]
[-0.22674352]
[-0.22674352]
[-0.22674352]
[-0.22674352]
[-0.22674352]
[-0.22674352]
[-0.22674352]
[-0.22674352]
[-0.22674352]
[-0.35050124]
[-0.22674352]
[-0.22674352]
[-0.22674352]
[-0.22674352]
[-0.22674352]
[-0.22674352]
[-0.22674352]
[-0.22674352]
[-0.22674352]
[-0.22674352]
[-0.22674352]
[-0.3818316]
[-0.22674352]
[-0.22674352]
[-0.22674352]
[-0.22674352]
[-0.22674352]
[-0.22674352]
[-0.22674352]
[-0.22674352]
[-0.22674352]
[-0.22674352]
[-0.22674352]
[-0.22674352]
[-0.22674352]
[-0.22674352]
[-0.22674352]
[-0.22674352]
[-0.22674352]
[-0.22674352]
[-0.22674352]
[-0.22674352]
[-0.22674352]
[-0.3787893]
[-0.22674352]
[-0.22674352]
[-0.22674352]
[-0.22674352]
[-0.22674352]
[-0.22674352]
[-0.22674352]
[-0.22674352]
[-0.22674352]
[-0.22674352]
[-0.22674352]
[-0.22674352]
[-0.3817651]
[-0.22674352]
[-0.22674352]
[-0.22674352]
[-0.22674352]
[-0.22674352]
[-0.22674352]
[-0.22674352]
[-0.22674352]
[-0.22674352]
[-0.22674352]
[-0.22674352]
[-0.38700584]
[-0.22674352]
[-0.22674352]
[-0.22674352]
[-0.22674352]
[-0.22674352]
[-0.22674352]
[-0.22674352]
[-0.22674352]
[-0.22674352]
[-0.22674352]
[-0.22674352]
[-0.22674352]
[-0.22674352]
[-0.22674352]
[-0.22674352]
[-0.22674352]
[-0.22674352]
[-0.22674352]
[-0.22674352]
[-0.22674352]
[-0.22674352]
[-0.22674352]
[-0.22674352]
[-0.22674352]
[-0.37273622]
[-0.38212284]
[-0.22674352]
[-0.22674352]
[-0.22674352]
[-0.22674352]
[-0.22674352]
[-0.22674352]
[-0.22674352]
[-0.22674352]
[-0.22674352]
[-0.22674352]
[-0.34319636]
[-0.22674352]
[-0.22674352]
[-0.22674352]
[-0.22674352]
[-0.22674352]
[-0.22674352]
[-0.22674352]
[-0.22674352]
[-0.22674352]
[-0.22674352]
[-0.22674352]
[-0.22674352]
[-0.22674352]
[-0.22674352]
[-0.35360232]
[-0.22674352]
[-0.22674352]
[-0.22674352]
[-0.22674352]
[-0.38652012]
[-0.22674352]
[-0.22674352]
[-0.22674352]
[-0.22674352]
[-0.22674352]
[-0.22674352]
[-0.22674352]
[-0.22674352]
[-0.22674352]
[-0.3711241]
[-0.22674352]
[-0.22674352]
[-0.22500366]
[-0.22674352]
[-0.22674352]
[-0.22674352]
[-0.22674352]
[-0.22674352]
[-0.22674352]
[-0.22674352]
[-0.22674352]
[-0.22674352]
[-0.22674352]
[-0.22674352]
[-0.22674352]
[-0.22674352]
[-0.22674352]
[-0.22674352]
[-0.22674352]
[-0.22674352]
[-0.22674352]
[-0.22674352]
[-0.22674352]
[-0.22674352]
[-0.22674352]
[-0.22674352]
[-0.22674352]
[-0.22674352]
[-0.22674352]
[-0.22674352]
[-0.22674352]
[-0.22500366]
[-0.22674352]
[-0.22674352]
[-0.22674352]
[-0.22674352]
[-0.22674352]
[-0.22674352]
[-0.22674352]
[-0.22674352]
[-0.22674352]
[-0.22674352]
[-0.22674352]
[-0.22674352]
[-0.22674352]
[-0.22674352]
[-0.22674352]
[-0.3740099]
[-0.22674352]
[-0.22674352]
[-0.22674352]
[-0.22674352]
[-0.22674352]
[-0.22674352]
[-0.3284181]
[-0.22674352]
[-0.22674352]
[-0.22674352]
[-0.22674352]
[-0.22674352]
[-0.22674352]
[-0.22674352]
[-0.22674352]
[-0.22674352]
[-0.27357316]
[-0.22674352]
[-0.22674352]
[-0.22674352]
[-0.22674352]
[-0.22674352]
[-0.22674352]
[-0.22674352]
[-0.22674352]
[-0.22674352]
[-0.22674352]
[-0.22674352]
[-0.22674352]
[-0.22674352]
[-0.22674352]
[-0.22674352]
[-0.22674352]
[-0.22500366]
[-0.22674352]
[-0.33760124]
[-0.22674352]
[-0.22674352]
[-0.22674352]
[-0.22674352]
[-0.22674352]
[-0.22674352]
[-0.22674352]
[-0.22674352]
[-0.22674352]
[-0.22674352]
[-0.22674352]
[-0.22674352]
[-0.22674352]
[-0.22674352]
[-0.22674352]
[-0.22674352]
[-0.22674352]
[-0.22674352]
[-0.22674352]
[-0.22674352]
[-0.22674352]
[-0.22674352]
[-0.22674352]
[-0.22674352]
[-0.22674352]
[-0.22674352]
[-0.22674352]
[-0.22674352]
[-0.22674352]
[-0.22674352]
[-0.3572427]
[-0.22674352]
[-0.22674352]
[-0.22674352]
[-0.22674352]
[-0.22674352]
[-0.22674352]
[-0.22674352]
[-0.22674352]
[-0.22674352]
[-0.23780623]
[-0.23780623]
[-0.23780623]
[-0.23780623]
[-0.23780623]
[-0.23780623]
[-0.23780623]
[-0.23780623]
[-0.23780623]
[-0.23780623]
[-0.23780623]
[-0.23780623]
[-0.23780623]
[-0.23780623]
[-0.23780623]
[-0.23780623]
[-0.23780623]
[-0.23780623]
[-0.23780623]
[-0.23780623]
[-0.23780623]
[-0.35813883]
[-0.23780623]
[-0.23780623]
[-0.23780623]
[-0.23780623]
[-0.23780623]
[-0.23780623]
[-0.23780623]
[-0.23780623]
[-0.23780623]
[-0.23780623]
[-0.23780623]
[-0.3469256]
[-0.23780623]
[-0.23780623]
[-0.23780623]
[-0.23780623]
[-0.23780623]
[-0.23780623]
[-0.23780623]
[-0.23780623]
[-0.23780623]
[-0.23780623]
[-0.23780623]
[-0.23780623]
[-0.23780623]
[-0.23780623]
[-0.23780623]
[-0.23780623]
[-0.23780623]
[-0.23780623]
[-0.23780623]
[-0.23780623]
[-0.23780623]
[-0.23780623]
[-0.23780623]
[-0.23780623]
[-0.30963355]
[-0.23780623]
[-0.23780623]
[-0.3748941]
[-0.23780623]
[-0.34340972]
[-0.23780623]
[-0.23780623]
[-0.23780623]
[-0.23780623]
[-0.23780623]
[-0.23780623]
[-0.23780623]
[-0.23780623]
[-0.23780623]
[-0.23780623]
[-0.23780623]
[-0.23780623]
[-0.23780623]
[-0.23780623]
[-0.23780623]
[-0.35390013]
[-0.23780623]
[-0.35041258]
[-0.23780623]
[-0.23780623]
[-0.23780623]
[-0.23780623]
[-0.23780623]
[-0.23780623]
[-0.23780623]
[-0.23780623]
[-0.23780623]
[-0.23780623]
[-0.3813131]
[-0.36507168]
[-0.23780623]
[-0.23780623]
[-0.23780623]
[-0.23780623]
[-0.23780623]
[-0.23780623]
[-0.38783595]
[-0.23780623]
[-0.23780623]
[-0.23780623]
[-0.23780623]
[-0.23780623]
[-0.23780623]
[-0.23780623]
[-0.23780623]
[-0.23780623]
[-0.23780623]
[-0.23780623]
[-0.23780623]
[-0.23780623]
[-0.37531754]
[-0.23780623]
[-0.23780623]
[-0.23780623]
[-0.23780623]
[-0.23780623]
[-0.23780623]
[-0.23780623]
[-0.23780623]
[-0.23780623]
[-0.23780623]
[-0.23780623]
[-0.23780623]
[-0.23780623]
[-0.23780623]
[-0.23780623]
[-0.23780623]
[-0.23780623]
[-0.23780623]
[-0.38219702]
[-0.23780623]
[-0.23780623]
[-0.23780623]
[-0.23780623]
[-0.23780623]
[-0.23780623]
[-0.23780623]
[-0.23780623]
[-0.23780623]
[-0.23780623]
[-0.23780623]
[-0.23780623]
[-0.23780623]
[-0.23780623]
[-0.23780623]
[-0.23780623]
[-0.39073008]
[-0.23780623]
[-0.23780623]
[-0.23780623]
[-0.23780623]
[-0.23780623]
[-0.23780623]
[-0.23780623]
[-0.23780623]
[-0.23780623]
[-0.23780623]
[-0.23780623]
[-0.3609904]
[-0.23780623]
[-0.23780623]
[-0.39374533]
[-0.23780623]
[-0.23780623]
[-0.23780623]
[-0.23780623]
[-0.23780623]
[-0.23780623]
[-0.23780623]
[-0.23780623]
[-0.23780623]
[-0.23780623]
[-0.23780623]
[-0.23780623]
[-0.23780623]
[-0.23780623]
[-0.23780623]
[-0.23780623]
[-0.23780623]
[-0.2811337]
[-0.23780623]
[-0.23780623]
[-0.23780623]
[-0.23780623]
[-0.23780623]
[-0.23780623]
[-0.23780623]
[-0.23780623]
[-0.23780623]
[-0.23780623]
[-0.23780623]
[-0.23780623]
[-0.23780623]
[-0.23780623]
[-0.36261845]
[-0.23780623]
[-0.23780623]
[-0.23780623]
[-0.23780623]
[-0.23780623]
[-0.23780623]
[-0.23780623]
[-0.23780623]
[-0.23780623]
[-0.23780623]
[-0.23780623]
[-0.23780623]
[-0.23780623]
[-0.23780623]
[-0.23780623]
[-0.23780623]
[-0.23780623]
[-0.23780623]
[-0.23780623]
[-0.23780623]
[-0.37857318]
[-0.23780623]
[-0.23780623]
[-0.23780623]
[-0.23780623]
[-0.23780623]
[-0.23780623]
[-0.23780623]
[-0.23780623]
[-0.24378204]
[-0.23780623]
[-0.23780623]
[-0.23780623]
[-0.23780623]
[-0.23780623]
[-0.23780623]
[-0.37438005]
[-0.23780623]
[-0.23780623]
[-0.23780623]
[-0.23780623]
[-0.23780623]
[-0.23780623]
[-0.23780623]
[-0.23780623]
[-0.23780623]
[-0.23780623]
[-0.23780623]
[-0.23780623]
[-0.23780623]
[-0.23780623]
[-0.23780623]
[-0.23780623]
[-0.23780623]
[-0.23780623]
[-0.23780623]
[-0.37861386]
[-0.23780623]
[-0.23780623]
[-0.23780623]
[-0.23780623]
[-0.23780623]
[-0.23780623]
[-0.23780623]
[-0.23780623]
[-0.23780623]
[-0.23780623]
[-0.23780623]
[-0.23780623]
[-0.23780623]
[-0.23780623]
[-0.23780623]
[-0.23780623]
[-0.23780623]
[-0.23780623]
[-0.23780623]
[-0.23780623]
[-0.23780623]
[-0.23780623]
[-0.23780623]
[-0.23780623]
[-0.390497]
[-0.23780623]
[-0.23780623]
[-0.23780623]
[-0.23780623]
[-0.23780623]
[-0.23780623]
[-0.23780623]
[-0.23780623]
[-0.23780623]
[-0.32576573]
[-0.23780623]
[-0.23780623]
[-0.23780623]
[-0.23780623]
[-0.23780623]
[-0.24378204]
[-0.23780623]
[-0.23780623]
[-0.23780623]
[-0.23780623]
[-0.23780623]
[-0.23780623]
[-0.23780623]
[-0.23780623]
[-0.23780623]
[-0.23780623]
[-0.23780623]
[-0.23780623]
[-0.23780623]
[-0.23780623]
[-0.24378204]
[-0.23780623]
[-0.23780623]
[-0.23780623]
[-0.23780623]
[-0.23780623]
[-0.23780623]
[-0.23780623]
[-0.23780623]
[-0.23780623]
[-0.23780623]
[-0.23780623]
[-0.23780623]
[-0.3791111]
[-0.23780623]
[-0.23780623]
[-0.23780623]
[-0.23780623]
[-0.23780623]
[-0.23780623]
[-0.23780623]
[-0.23780623]
[-0.23780623]
[-0.23780623]
[-0.38138133]
[-0.23780623]
[-0.23780623]
[-0.23780623]
[-0.23780623]
[-0.23780623]
[-0.23780623]
[-0.23780623]
[-0.23780623]
[-0.23780623]
[-0.23780623]
[-0.23780623]
[-0.23780623]
[-0.38475525]
[-0.23780623]
[-0.23780623]
[-0.23780623]
[-0.23780623]
[-0.37696356]
[-0.23780623]
[-0.23780623]
[-0.23780623]
[-0.23780623]
[-0.23780623]
[-0.23780623]
[-0.23780623]
[-0.3843801]
[-0.23780623]
[-0.23780623]
[-0.23780623]
[-0.23780623]
[-0.23780623]
[-0.23780623]
[-0.23780623]
[-0.23780623]
[-0.23780623]
[-0.23780623]
[-0.23780623]
[-0.23780623]
[-0.23780623]
[-0.23780623]
[-0.23780623]
[-0.23780623]
[-0.3658152]
[-0.23780623]
[-0.23780623]
[-0.24378204]
[-0.23780623]
[-0.23780623]
[-0.23780623]
[-0.23780623]
[-0.23780623]
[-0.23780623]
[-0.23780623]
[-0.23780623]
[-0.23780623]
[-0.23780623]
[-0.23780623]
[-0.23780623]
[-0.23780623]
[-0.23780623]
[-0.23780623]
[-0.23780623]
[-0.23780623]
[-0.23780623]
[-0.23780623]
[-0.23780623]
[-0.23780623]
[-0.3983046]
[-0.23780623]
[-0.23780623]
[-0.23780623]
[-0.23780623]
[-0.23780623]
[-0.23780623]
[-0.23780623]
[-0.23780623]
[-0.23780623]
[-0.23780623]
[-0.23780623]
[-0.23780623]
[-0.23780623]
[-0.23780623]
[-0.3774814]
[-0.3799175]
[-0.23780623]
[-0.23780623]
[-0.23780623]
[-0.23780623]
[-0.23780623]
[-0.3726521]
[-0.23780623]
[-0.2545148]
[-0.23780623]
[-0.23780623]
[-0.38437182]
[-0.23780623]
[-0.23780623]
[-0.23780623]
[-0.23780623]
[-0.289655]
[-0.23780623]
[-0.23780623]
[-0.23780623]
[-0.23780623]
[-0.23780623]
[-0.23780623]
[-0.23780623]
[-0.23780623]
[-0.23780623]
[-0.23780623]
[-0.23780623]
[-0.23780623]
[-0.29341793]
[-0.23780623]
[-0.23780623]
[-0.23780623]
[-0.23780623]
[-0.23780623]
[-0.23780623]
[-0.23780623]
[-0.23780623]
[-0.23780623]
[-0.23780623]
[-0.23780623]
[-0.23780623]
[-0.23780623]
[-0.37778592]
[-0.23780623]
[-0.23780623]
[-0.23780623]
[-0.23780623]
[-0.23780623]
[-0.23780623]
[-0.23780623]
[-0.23780623]
[-0.23780623]
[-0.23780623]
[-0.3702361]
[-0.23780623]
[-0.23780623]
[-0.23780623]
[-0.23780623]
[-0.375339]
[-0.23780623]
[-0.23780623]
[-0.23780623]
[-0.298624]
[-0.23780623]
[-0.23780623]
[-0.23780623]
[-0.23780623]
[-0.23780623]
[-0.23780623]
[-0.23780623]
[-0.23780623]
[-0.23780623]
[-0.23780623]
[-0.23780623]
[-0.23780623]
[-0.23780623]
[-0.38394082]
[-0.23780623]
[-0.23780623]
[-0.23780623]
[-0.23780623]
[-0.23780623]
[-0.23780623]
[-0.23780623]
[-0.23780623]
[-0.23780623]
[-0.39088735]
[-0.23780623]
[-0.23780623]
[-0.37891397]
[-0.23780623]
[-0.23780623]
[-0.23780623]
[-0.23780623]
[-0.23780623]
[-0.23780623]
[-0.23780623]
[-0.23780623]
[-0.23780623]
[-0.23780623]
[-0.23780623]
[-0.23780623]
[-0.23780623]
[-0.23780623]
[-0.23780623]
[-0.23780623]
[-0.23780623]
[-0.37419206]
[-0.23780623]
[-0.23780623]
[-0.23780623]
[-0.23780623]
[-0.23780623]
[-0.23780623]
[-0.23780623]
[-0.23780623]
[-0.23780623]
[-0.23780623]
[-0.23780623]
[-0.23780623]
[-0.23780623]
[-0.23780623]
[-0.23780623]
[-0.23780623]
[-0.23780623]
[-0.23780623]
[-0.23780623]
[-0.23780623]
[-0.23780623]
[-0.3803252]
[-0.23780623]
[-0.23780623]
[-0.23780623]
[-0.23780623]
[-0.23780623]
[-0.23780623]
[-0.23780623]
[-0.23780623]
[-0.23780623]
[-0.23780623]
[-0.23780623]
[-0.23780623]
[-0.23780623]
[-0.23780623]
[-0.23780623]
[-0.23780623]
[-0.23780623]
[-0.23780623]
[-0.3777035]
[-0.23780623]
[-0.38713497]
[-0.23780623]
[-0.23780623]
[-0.23780623]
[-0.23780623]
[-0.27917388]
[-0.23780623]
[-0.23780623]
[-0.23780623]
[-0.23780623]
[-0.23780623]
[-0.23780623]
[-0.23780623]
[-0.23780623]
[-0.23780623]
[-0.23780623]
[-0.23780623]
[-0.23780623]
[-0.23780623]
[-0.23780623]
[-0.23780623]
[-0.23780623]
[-0.23780623]
[-0.23780623]
[-0.23780623]
[-0.3799914]
[-0.23780623]
[-0.23780623]
[-0.23780623]
[-0.23780623]
[-0.23780623]
[-0.23780623]
[-0.23780623]
[-0.23780623]
[-0.23780623]
[-0.23780623]
[-0.23780623]
[-0.3901795]
[-0.23780623]
[-0.23780623]
[-0.23780623]
[-0.23780623]
[-0.23780623]
[-0.23780623]
[-0.23780623]
[-0.3380008]
[-0.23780623]
[-0.23780623]
[-0.23780623]
[-0.23780623]
[-0.23780623]
[-0.23780623]
[-0.23780623]
[-0.23780623]
[-0.23780623]
[-0.23780623]
[-0.23780623]
[-0.23780623]
[-0.3768257]
[-0.23780623]
[-0.23780623]
[-0.23780623]
[-0.23780623]
[-0.23780623]
[-0.23780623]
[-0.23780623]
[-0.23780623]
[-0.23780623]
[-0.23780623]
[-0.23780623]
[-0.23780623]
[-0.23780623]
[-0.23780623]
[-0.23780623]
[-0.23780623]
[-0.23780623]
[-0.23780623]
[-0.23780623]
[-0.23780623]
[-0.23780623]
[-0.23780623]
[-0.23780623]
[-0.3685947]
[-0.23780623]
[-0.23780623]
[-0.37534612]
[-0.3856485]
[-0.23780623]
[-0.23780623]
[-0.23780623]
[-0.23780623]
[-0.23780623]
[-0.23780623]
[-0.23780623]
[-0.23780623]
[-0.23780623]
[-0.23780623]
[-0.23780623]
[-0.23780623]
[-0.23780623]
[-0.23780623]
[-0.38855052]
[-0.23780623]
[-0.23780623]
[-0.37857395]
[-0.23780623]
[-0.23780623]
[-0.23780623]
[-0.23780623]
[-0.23780623]
[-0.23780623]
[-0.23780623]
[-0.23780623]
[-0.23780623]
[-0.23780623]
[-0.23780623]
[-0.23780623]
[-0.23780623]
[-0.23780623]
[-0.39561394]
[-0.23780623]
[-0.23780623]
[-0.23780623]
[-0.23780623]
[-0.23780623]
[-0.23780623]
[-0.23780623]
[-0.23780623]
[-0.23780623]
[-0.23780623]
[-0.23780623]
[-0.23780623]
[-0.23780623]
[-0.23780623]
[-0.23780623]
[-0.23780623]
[-0.23780623]
[-0.23780623]
[-0.23780623]
[-0.23780623]
[-0.23780623]
[-0.23780623]
[-0.23780623]
[-0.23780623]
[-0.23780623]
[-0.23780623]
[-0.23780623]
[-0.23780623]
[-0.23780623]
[-0.23780623]
[-0.23780623]
[-0.23780623]
[-0.23780623]
[-0.23780623]
[-0.23780623]
[-0.23780623]
[-0.23780623]
[-0.23780623]
[-0.23780623]
[-0.23780623]
[-0.23780623]
[-0.23780623]
[-0.23780623]
[-0.23780623]
[-0.23780623]
[-0.23780623]
[-0.23780623]
[-0.23780623]
[-0.23780623]
[-0.23780623]
[-0.23780623]
[-0.23780623]
[-0.23780623]
[-0.23780623]
[-0.23780623]
[-0.23780623]
[-0.23780623]
[-0.23780623]
[-0.36904347]
[-0.23780623]
[-0.23780623]
[-0.23780623]
[-0.23780623]
[-0.23780623]
[-0.23780623]
[-0.23780623]
[-0.23780623]
[-0.23780623]
[-0.23780623]
[-0.23780623]
[-0.23780623]
[-0.23780623]
[-0.23780623]
[-0.23780623]
[-0.23780623]
[-0.23780623]
[-0.23780623]
[-0.23780623]
[-0.23780623]
[-0.28493735]
[-0.23780623]
[-0.23780623]
[-0.23780623]
[-0.23780623]
[-0.23780623]
[-0.23780623]
[-0.23780623]
[-0.23780623]
[-0.23780623]
[-0.23780623]
[-0.23780623]
[-0.23780623]
[-0.35388607]
[-0.23780623]
[-0.23780623]
[-0.23780623]
[-0.23780623]
[-0.23780623]
[-0.23780623]
[-0.23780623]
[-0.23780623]
[-0.23780623]
[-0.23780623]
[-0.23780623]
[-0.23780623]
[-0.23780623]
[-0.23780623]
[-0.23780623]
[-0.23780623]
[-0.23780623]
[-0.23780623]
[-0.23780623]
[-0.23780623]
[-0.38092813]
[-0.23780623]
[-0.23780623]
[-0.23780623]
[-0.23780623]
[-0.23780623]
[-0.23780623]
[-0.23780623]
[-0.23780623]
[-0.23780623]
[-0.23780623]
[-0.37090096]
[-0.23780623]
[-0.23780623]
[-0.29172248]
[-0.3742484]
[-0.23780623]
[-0.23780623]
[-0.23780623]
[-0.23780623]
[-0.23780623]
[-0.23780623]
[-0.23780623]
[-0.23780623]
[-0.38849807]
[-0.3737068]
[-0.23780623]
[-0.23780623]
[-0.23780623]
[-0.35985553]
[-0.23780623]
[-0.23780623]
[-0.23780623]
[-0.35550007]
[-0.23780623]
[-0.23780623]
[-0.23780623]
[-0.23780623]
[-0.23780623]
[-0.23780623]
[-0.23780623]
[-0.23780623]
[-0.23780623]
[-0.23780623]
[-0.23780623]
[-0.23780623]
[-0.23780623]
[-0.23780623]
[-0.23780623]
[-0.23780623]
[-0.23780623]
[-0.23780623]
[-0.23780623]
[-0.23780623]
[-0.23780623]
[-0.23780623]
[-0.23780623]
[-0.23780623]
[-0.23780623]
[-0.23780623]
[-0.23780623]
[-0.3877862]
[-0.35427457]
[-0.23780623]
[-0.23780623]
[-0.29990512]
[-0.23780623]
[-0.23780623]
[-0.23780623]
[-0.23780623]
[-0.23780623]
[-0.23780623]
[-0.23780623]
[-0.23780623]
[-0.23780623]
[-0.23780623]
[-0.23780623]
[-0.23780623]
[-0.36041623]
[-0.23780623]
[-0.23780623]
[-0.23780623]
[-0.23780623]
[-0.23780623]
[-0.23780623]
[-0.23780623]
[-0.23780623]
[-0.23780623]
[-0.23780623]
[-0.23780623]
[-0.23780623]
[-0.23780623]
[-0.23780623]
[-0.23780623]
[-0.23780623]
[-0.23780623]
[-0.23780623]
[-0.23780623]
[-0.23780623]
[-0.23780623]
[-0.23780623]
[-0.23780623]
[-0.23780623]
[-0.23780623]
[-0.23780623]
[-0.3854592]
[-0.23780623]
[-0.23780623]
[-0.23780623]
[-0.23780623]
[-0.23780623]
[-0.23780623]
[-0.23780623]
[-0.23780623]
[-0.23780623]
[-0.23780623]
[-0.23780623]
[-0.34914482]
[-0.23780623]
[-0.23780623]
[-0.23780623]
[-0.23780623]
[-0.23780623]
[-0.23780623]
[-0.23780623]
[-0.23780623]
[-0.23780623]
[-0.23780623]
[-0.23780623]
[-0.23780623]
[-0.23780623]
[-0.23780623]
[-0.23780623]
[-0.23780623]
[-0.23780623]
[-0.23780623]
[-0.23780623]
[-0.23780623]
[-0.23780623]
[-0.23780623]
[-0.38046852]
[-0.23780623]
[-0.23780623]
[-0.23780623]
[-0.23780623]
[-0.23780623]
[-0.39073735]
[-0.25670463]
[-0.23780623]
[-0.23780623]
[-0.23780623]
[-0.23780623]
[-0.23780623]
[-0.23780623]
[-0.23780623]
[-0.23780623]
[-0.389081]
[-0.23780623]
[-0.23780623]
[-0.23780623]
[-0.23780623]
[-0.23780623]
[-0.23780623]
[-0.23780623]
[-0.23780623]
[-0.23780623]
[-0.23780623]
[-0.23780623]
[-0.33152556]
[-0.23780623]
[-0.23780623]
[-0.23780623]
[-0.3613389]
[-0.23780623]
[-0.23780623]
[-0.23780623]
[-0.23780623]
[-0.23780623]
[-0.23780623]
[-0.23780623]
[-0.23780623]
[-0.23780623]
[-0.23780623]
[-0.23780623]
[-0.23780623]
[-0.23780623]
[-0.23780623]
[-0.29309347]
[-0.23780623]
[-0.23780623]
[-0.23780623]
[-0.23780623]
[-0.23780623]
[-0.23780623]
[-0.23780623]
[-0.23780623]
[-0.23780623]
[-0.23516272]
[-0.23516272]
[-0.23516272]
[-0.23516272]
[-0.23516272]
[-0.23516272]
[-0.23516272]
[-0.23516272]
[-0.23516272]
[-0.23516272]
[-0.23516272]
[-0.23516272]
[-0.23516272]
[-0.23516272]
[-0.23516272]
[-0.23516272]
[-0.23516272]
[-0.23516272]
[-0.23516272]
[-0.23516272]
[-0.23516272]
[-0.36400214]
[-0.23516272]
[-0.23516272]
[-0.23516272]
[-0.23516272]
[-0.23516272]
[-0.23516272]
[-0.23516272]
[-0.37375087]
[-0.3788857]
[-0.23516272]
[-0.36209354]
[-0.23516272]
[-0.23516272]
[-0.23516272]
[-0.23516272]
[-0.23516272]
[-0.23516272]
[-0.23516272]
[-0.3807018]
[-0.23516272]
[-0.23516272]
[-0.23516272]
[-0.23516272]
[-0.23516272]
[-0.23516272]
[-0.23516272]
[-0.3858422]
[-0.23516272]
[-0.23516272]
[-0.23516272]
[-0.23516272]
[-0.3678469]
[-0.23516272]
[-0.23516272]
[-0.3603936]
[-0.23516272]
[-0.23516272]
[-0.23516272]
[-0.23516272]
[-0.23516272]
[-0.23516272]
[-0.23516272]
[-0.27236676]
[-0.23516272]
[-0.23516272]
[-0.23516272]
[-0.23516272]
[-0.23516272]
[-0.23516272]
[-0.23516272]
[-0.23516272]
[-0.23516272]
[-0.23516272]
[-0.23516272]
[-0.23516272]
[-0.23516272]
[-0.36065197]
[-0.23516272]
[-0.23516272]
[-0.23516272]
[-0.23516272]
[-0.23516272]
[-0.23516272]
[-0.23516272]
[-0.37065694]
[-0.23516272]
[-0.23516272]
[-0.23516272]
[-0.23516272]
[-0.3695128]
[-0.38079932]
[-0.23516272]
[-0.23516272]
[-0.23516272]
[-0.23516272]
[-0.23516272]
[-0.23516272]
[-0.3841843]
[-0.23516272]
[-0.23516272]
[-0.23516272]
[-0.23516272]
[-0.23516272]
[-0.23516272]
[-0.23516272]
[-0.23516272]
[-0.23516272]
[-0.23516272]
[-0.23516272]
[-0.23516272]
[-0.23516272]
[-0.23516272]
[-0.23516272]
[-0.23516272]
[-0.23516272]
[-0.23516272]
[-0.23516272]
[-0.23516272]
[-0.23516272]
[-0.23516272]
[-0.23516272]
[-0.23516272]
[-0.23516272]
[-0.23516272]
[-0.23516272]
[-0.23516272]
[-0.23516272]
[-0.23516272]
[-0.23516272]
[-0.23516272]
[-0.23516272]
[-0.23516272]
[-0.23516272]
[-0.23516272]
[-0.23516272]
[-0.23516272]
[-0.23516272]
[-0.23516272]
[-0.23516272]
[-0.23516272]
[-0.23516272]
[-0.23516272]
[-0.23516272]
[-0.23516272]
[-0.23516272]
[-0.23516272]
[-0.23516272]
[-0.23516272]
[-0.23516272]
[-0.23516272]
[-0.23516272]
[-0.37000775]
[-0.23516272]
[-0.23516272]
[-0.23516272]
[-0.23516272]
[-0.23248821]
[-0.3125267]
[-0.23516272]
[-0.23516272]
[-0.23516272]
[-0.23516272]
[-0.23516272]
[-0.23516272]
[-0.23516272]
[-0.23516272]
[-0.23516272]
[-0.29893765]
[-0.23516272]
[-0.23516272]
[-0.23516272]
[-0.23516272]
[-0.23516272]
[-0.23516272]
[-0.23516272]
[-0.23516272]
[-0.23516272]
[-0.23516272]
[-0.23516272]
[-0.23516272]
[-0.23516272]
[-0.23516272]
[-0.23516272]
[-0.23516272]
[-0.23516272]
[-0.38515094]
[-0.23516272]
[-0.23516272]
[-0.23516272]
[-0.23516272]
[-0.23516272]
[-0.23516272]
[-0.23516272]
[-0.23516272]
[-0.23516272]
[-0.23516272]
[-0.26506263]
[-0.23516272]
[-0.23516272]
[-0.23516272]
[-0.23516272]
[-0.23516272]
[-0.23516272]
[-0.23516272]
[-0.23516272]
[-0.23516272]
[-0.23516272]
[-0.23516272]
[-0.23516272]
[-0.23516272]
[-0.23516272]
[-0.38131845]
[-0.23516272]
[-0.23516272]
[-0.23516272]
[-0.23516272]
[-0.23516272]
[-0.23516272]
[-0.23516272]
[-0.23516272]
[-0.23516272]
[-0.23516272]
[-0.23516272]
[-0.23516272]
[-0.23516272]
[-0.23516272]
[-0.23516272]
[-0.23516272]
[-0.23516272]
[-0.23516272]
[-0.23516272]
[-0.23516272]
[-0.23516272]
[-0.23516272]
[-0.23516272]
[-0.23516272]
[-0.23516272]
[-0.23516272]
[-0.23516272]
[-0.23516272]
[-0.23516272]
[-0.3800206]
[-0.23516272]
[-0.23516272]
[-0.23516272]
[-0.23516272]
[-0.23516272]
[-0.23516272]
[-0.23516272]
[-0.23516272]
[-0.34587818]
[-0.23516272]
[-0.23516272]
[-0.23516272]
[-0.23516272]
[-0.23516272]
[-0.23516272]
[-0.36023104]
[-0.23516272]
[-0.23516272]
[-0.23516272]
[-0.23516272]
[-0.23516272]
[-0.23516272]
[-0.23516272]
[-0.23516272]
[-0.23516272]
[-0.23516272]
[-0.23516272]
[-0.23516272]
[-0.23516272]
[-0.35144916]
[-0.23516272]
[-0.23516272]
[-0.23516272]
[-0.23516272]
[-0.23516272]
[-0.23516272]
[-0.23516272]
[-0.23516272]
[-0.23516272]
[-0.23516272]
[-0.23516272]
[-0.23516272]
[-0.23516272]
[-0.23516272]
[-0.23516272]
[-0.23516272]
[-0.23516272]
[-0.23516272]
[-0.23516272]
[-0.23516272]
[-0.23516272]
[-0.23516272]
[-0.35023]
[-0.23516272]
[-0.23516272]
[-0.23516272]
[-0.23516272]
[-0.23516272]
[-0.23516272]
[-0.23516272]
[-0.23516272]
[-0.23516272]
[-0.23516272]
[-0.23516272]
[-0.23516272]
[-0.23516272]
[-0.23516272]
[-0.36941624]
[-0.23516272]
[-0.23516272]
[-0.23516272]
[-0.23516272]
[-0.23516272]
[-0.23516272]
[-0.23516272]
[-0.23516272]
[-0.23516272]
[-0.23516272]
[-0.3838876]
[-0.23516272]
[-0.23516272]
[-0.23516272]
[-0.23516272]
[-0.23516272]
[-0.23516272]
[-0.23516272]
[-0.23516272]
[-0.368859]
[-0.23516272]
[-0.23516272]
[-0.36346206]
[-0.36915517]
[-0.37642184]
[-0.23516272]
[-0.23516272]
[-0.23516272]
[-0.23516272]
[-0.23516272]
[-0.23516272]
[-0.23516272]
[-0.23516272]
[-0.3528886]
[-0.23516272]
[-0.23516272]
[-0.23516272]
[-0.23516272]
[-0.23516272]
[-0.23516272]
[-0.23516272]
[-0.23516272]
[-0.23516272]
[-0.23516272]
[-0.23516272]
[-0.23516272]
[-0.3776189]
[-0.23516272]
[-0.23516272]
[-0.23516272]
[-0.35484588]
[-0.23516272]
[-0.23516272]
[-0.23516272]
[-0.23516272]
[-0.23516272]
[-0.23516272]
[-0.367041]
[-0.23516272]
[-0.23516272]
[-0.23516272]
[-0.23516272]
[-0.23516272]
[-0.23516272]
[-0.23516272]
[-0.23516272]
[-0.23516272]
[-0.23516272]
[-0.23516272]
[-0.23516272]
[-0.23516272]
[-0.23516272]
[-0.23516272]
[-0.23516272]
[-0.23516272]
[-0.23516272]
[-0.23516272]
[-0.23516272]
[-0.23516272]
[-0.23516272]
[-0.23248821]
[-0.23516272]
[-0.23516272]
[-0.23516272]
[-0.23516272]
[-0.23516272]
[-0.23516272]
[-0.23516272]
[-0.23516272]
[-0.23516272]
[-0.23516272]
[-0.23516272]
[-0.23516272]
[-0.23516272]
[-0.23516272]
[-0.23516272]
[-0.23516272]
[-0.3700148]
[-0.23516272]
[-0.23516272]
[-0.23516272]
[-0.23516272]
[-0.23516272]
[-0.23516272]
[-0.23516272]
[-0.23516272]
[-0.23516272]
[-0.23516272]
[-0.23516272]
[-0.23516272]
[-0.23516272]
[-0.23516272]
[-0.23516272]
[-0.23516272]
[-0.23516272]
[-0.23516272]
[-0.23516272]
[-0.23516272]
[-0.23516272]
[-0.37626868]
[-0.23516272]
[-0.23516272]
[-0.23248821]
[-0.23516272]
[-0.23516272]
[-0.23516272]
[-0.23516272]
[-0.23516272]
[-0.23516272]
[-0.23516272]
[-0.37395948]
[-0.23516272]
[-0.23516272]
[-0.23516272]
[-0.23516272]
[-0.23516272]
[-0.23516272]
[-0.23516272]
[-0.3390112]
[-0.23516272]
[-0.35709485]
[-0.23516272]
[-0.23516272]
[-0.23516272]
[-0.23516272]
[-0.23516272]
[-0.23516272]
[-0.23516272]
[-0.23516272]
[-0.23516272]
[-0.35055134]
[-0.23516272]
[-0.23516272]
[-0.23516272]
[-0.37521034]
[-0.23516272]
[-0.23516272]
[-0.23516272]
[-0.23516272]
[-0.23516272]
[-0.23516272]
[-0.23516272]
[-0.23516272]
[-0.3620579]
[-0.26536086]
[-0.23516272]
[-0.23516272]
[-0.37637395]
[-0.23516272]
[-0.23516272]
[-0.23516272]
[-0.23516272]
[-0.23516272]
[-0.23516272]
[-0.23516272]
[-0.23516272]
[-0.23516272]
[-0.23516272]
[-0.23516272]
[-0.23516272]
[-0.23516272]
[-0.23516272]
[-0.23516272]
[-0.23516272]
[-0.23516272]
[-0.23516272]
[-0.23516272]
[-0.23516272]
[-0.23248821]
[-0.23516272]
[-0.23516272]
[-0.23516272]
[-0.23516272]
[-0.23516272]
[-0.23516272]
[-0.23516272]
[-0.23516272]
[-0.23063815]
[-0.23516272]
[-0.37312266]
[-0.23516272]
[-0.23516272]
[-0.35890043]
[-0.23516272]
[-0.23516272]
[-0.23516272]
[-0.23516272]
[-0.23516272]
[-0.23516272]
[-0.34942433]
[-0.37746435]
[-0.23516272]
[-0.23516272]
[-0.23516272]
[-0.23516272]
[-0.23516272]
[-0.23516272]
[-0.23516272]
[-0.23516272]
[-0.23516272]
[-0.23516272]
[-0.23516272]
[-0.23516272]
[-0.23516272]
[-0.23516272]
[-0.23516272]
[-0.23516272]
[-0.23516272]
[-0.23516272]
[-0.23516272]
[-0.3825636]
[-0.23516272]
[-0.23516272]
[-0.23516272]
[-0.23516272]
[-0.23516272]
[-0.23516272]
[-0.23516272]
[-0.34932348]
[-0.23516272]
[-0.37422252]
[-0.23516272]
[-0.23516272]
[-0.23516272]
[-0.23516272]
[-0.23516272]
[-0.37484485]
[-0.23516272]
[-0.28670907]
[-0.23516272]
[-0.23516272]
[-0.23516272]
[-0.23516272]
[-0.23516272]
[-0.23516272]
[-0.23516272]
[-0.23516272]
[-0.23516272]
[-0.23516272]
[-0.23516272]
[-0.23516272]
[-0.23516272]
[-0.23516272]
[-0.23516272]
[-0.23516272]
[-0.23516272]
[-0.23516272]
[-0.23516272]
[-0.23516272]
[-0.23516272]
[-0.23516272]
[-0.23516272]
[-0.23516272]
[-0.3698206]
[-0.23516272]
[-0.23516272]
[-0.23516272]
[-0.23516272]
[-0.37078243]
[-0.23516272]
[-0.23516272]
[-0.23516272]
[-0.23516272]
[-0.23516272]
[-0.23516272]
[-0.23516272]
[-0.23516272]
[-0.23516272]
[-0.3753321]
[-0.37924847]
[-0.23516272]
[-0.23516272]
[-0.23516272]
[-0.23516272]
[-0.3439952]
[-0.23516272]
[-0.23516272]
[-0.23516272]
[-0.23516272]
[-0.23516272]
[-0.23516272]
[-0.37394193]
[-0.23516272]
[-0.38237828]
[-0.23516272]
[-0.23516272]
[-0.23516272]
[-0.23516272]
[-0.23516272]
[-0.23516272]
[-0.23516272]
[-0.23516272]
[-0.23516272]
[-0.23516272]
[-0.23516272]
[-0.23516272]
[-0.23516272]
[-0.23516272]
[-0.23516272]
[-0.38574988]
[-0.23516272]
[-0.23516272]
[-0.23516272]
[-0.23516272]
[-0.23516272]
[-0.23516272]
[-0.23516272]
[-0.23516272]
[-0.23516272]
[-0.23516272]
[-0.23516272]
[-0.23516272]
[-0.23516272]
[-0.23516272]
[-0.23516272]
[-0.23516272]
[-0.23516287]
[-0.23516287]
[-0.23516287]
[-0.23516287]
