[0.10024463]
[0.10024463]
[0.10024463]
[0.10024463]
[0.10024463]
[0.10024463]
[0.10024463]
[0.10024463]
[0.10024463]
[0.10024463]
[0.10024463]
[0.10024463]
[0.10024463]
[0.10024463]
[0.10024463]
[0.10024463]
[0.10024463]
[0.10024463]
[0.10024463]
[0.10024463]
[0.10024463]
[0.10024463]
[0.10024463]
[0.10024463]
[0.04715768]
[0.10024463]
[0.10024463]
[0.10024463]
[0.10024463]
[0.10024463]
[0.10024463]
[0.10024463]
[0.10024463]
[0.10024463]
[0.10024463]
[0.10024463]
[0.10024463]
[0.10024463]
[0.10024463]
[0.10024463]
[0.10024463]
[0.10024463]
[0.10024463]
[0.10024463]
[0.10024463]
[0.10024463]
[0.10024463]
[0.10024463]
[0.10024463]
[0.10024463]
[0.10024463]
[0.10024463]
[0.10024463]
[0.10024463]
[0.10024463]
[0.10024463]
[0.10024463]
[0.10024463]
[0.10024463]
[0.10024463]
[0.10024463]
[0.10024463]
[0.10024463]
[0.10024463]
[0.10024463]
[0.10024463]
[0.10024463]
[0.10024463]
[0.10024463]
[0.10024463]
[0.03510137]
[0.10024463]
[0.10024463]
[0.10024463]
[0.10024463]
[0.10024463]
[0.10024463]
[0.10024463]
[0.10024463]
[0.10024463]
[0.05462729]
[0.10024463]
[0.10024463]
[0.10024463]
[0.10024463]
[0.10024463]
[0.10024463]
[0.10024463]
[0.10024463]
[0.10024463]
[0.10024463]
[0.10024463]
[0.10024463]
[0.04033754]
[0.10024463]
[0.10024463]
[0.04069591]
[0.10024463]
[0.10024463]
[0.10024463]
[0.10024463]
[0.10024463]
[0.10024463]
[0.10024463]
[0.10024463]
[0.10024463]
[0.10024463]
[0.02694468]
[0.10024463]
[0.10024463]
[0.10024463]
[0.10024463]
[0.10024463]
[0.10024463]
[0.10024463]
[0.10024463]
[0.10024463]
[0.10024463]
[0.10024463]
[0.10024463]
[0.10024463]
[0.02888615]
[0.10024463]
[0.10024463]
[0.10024463]
[0.10024463]
[0.10024463]
[0.10024463]
[0.10024463]
[0.10024463]
[0.10024463]
[0.10024463]
[0.10024463]
[0.10024463]
[0.10024463]
[0.10024463]
[0.10024463]
[0.10024463]
[0.10024463]
[0.10024463]
[0.10024463]
[0.10024463]
[0.10024463]
[0.10024463]
[0.10024463]
[0.10024463]
[0.10024463]
[0.10024463]
[0.10024463]
[0.10024463]
[0.10024463]
[0.10024463]
[0.10024463]
[0.10024463]
[0.10024463]
[0.10024463]
[0.10024463]
[0.10024463]
[0.10024463]
[0.10024463]
[0.10024463]
[0.10024463]
[0.10024463]
[0.10024463]
[0.10024463]
[0.10024463]
[0.10024463]
[0.10024463]
[0.10024463]
[0.10024463]
[0.10024463]
[0.10024463]
[0.10024463]
[0.10024463]
[0.10024463]
[0.10024463]
[0.10024463]
[0.10024463]
[0.10024463]
[0.10024463]
[0.10024463]
[0.10024463]
[0.10024463]
[0.10024463]
[0.10024463]
[0.10024463]
[0.10024463]
[0.10024463]
[0.10024463]
[0.10024463]
[0.10024463]
[0.10024463]
[0.10024463]
[0.10024463]
[0.10024463]
[0.10024463]
[0.10024463]
[0.10024463]
[0.10024463]
[0.10024463]
[-0.01561475]
[0.10024463]
[0.10024463]
[0.10024463]
[0.10024463]
[0.10024463]
[0.10024463]
[0.10024463]
[0.10024463]
[0.10024463]
[0.10024463]
[0.10024463]
[0.10024463]
[0.10024463]
[0.10024463]
[0.10024463]
[0.10024463]
[0.10024463]
[0.10024463]
[0.10024463]
[0.10024463]
[0.10024463]
[0.10024463]
[0.05151182]
[0.10024463]
[0.10024463]
[0.10024463]
[0.10024463]
[0.10024463]
[0.10024463]
[0.10024463]
[0.10024463]
[0.10024463]
[0.10024463]
[0.10024463]
[0.10024463]
[0.10024463]
[0.10024463]
[0.10024463]
[0.10024463]
[0.10024463]
[0.10024463]
[0.10024463]
[0.10024463]
[0.10024463]
[0.10024463]
[0.10024463]
[0.10024463]
[0.10024463]
[0.10024463]
[0.10024463]
[0.10024463]
[0.10024463]
[0.10024463]
[0.10024463]
[0.10024463]
[0.10024463]
[0.10024463]
[0.10024463]
[0.10024463]
[0.10024463]
[0.10024463]
[0.10024463]
[0.10024463]
[0.10024463]
[0.10024463]
[0.10024463]
[0.10024463]
[0.10024463]
[0.10024463]
[0.10024463]
[0.10024463]
[0.10024463]
[0.10024463]
[0.10024463]
[0.10024463]
[0.10024463]
[0.10024463]
[0.10024463]
[0.10024463]
[0.10024463]
[0.10024463]
[0.10024463]
[0.10024463]
[0.10024463]
[0.10024463]
[0.10024463]
[0.10024463]
[0.10024463]
[0.10024463]
[0.10024463]
[0.10024463]
[0.10024463]
[0.10024463]
[0.10024463]
[0.02958052]
[0.10024463]
[0.10024463]
[0.10024463]
[0.10024463]
[0.10024463]
[0.10024463]
[0.10024463]
[0.10024463]
[0.10024463]
[0.10024463]
[0.10024463]
[0.04105316]
[0.10024463]
[0.10024463]
[0.10024463]
[0.10024463]
[0.10024463]
[0.10024463]
[0.10024463]
[0.10024463]
[0.10024463]
[0.10024463]
[0.10024463]
[0.10024463]
[0.10024463]
[0.10024463]
[0.10024463]
[0.10024463]
[0.10024463]
[0.10024463]
[0.10024463]
[0.10024463]
[0.10024463]
[0.10024463]
[0.10024463]
[0.10024463]
[0.03898456]
[0.10024463]
[0.10024463]
[0.10024463]
[0.10024463]
[0.10024463]
[0.10024463]
[0.10024463]
[0.10024463]
[0.10024463]
[0.10024463]
[0.10024463]
[0.10024463]
[0.10024463]
[0.10024463]
[0.10024463]
[0.10024463]
[0.10024463]
[0.10024463]
[0.10024463]
[0.10024463]
[0.10024463]
[0.10024463]
[0.10024463]
[0.10024463]
[0.10024463]
[0.10024463]
[0.10024463]
[0.10024463]
[0.10024463]
[0.10024463]
[0.10024463]
[0.10024463]
[0.10024463]
[0.10024463]
[0.03415263]
[0.10024463]
[0.10024463]
[0.10024463]
[0.10024463]
[0.10024463]
[0.10024463]
[0.10024463]
[0.10024463]
[0.0385404]
[0.10024463]
[0.10024463]
[0.10024463]
[0.10024463]
[0.10024463]
[0.10024463]
[0.10024463]
[0.10024463]
[0.10024463]
[0.10024463]
[0.10024463]
[0.10024463]
[0.10024463]
[0.10024463]
[0.10024463]
[0.10024463]
[0.10024463]
[0.10024463]
[0.10024463]
[0.10024463]
[0.10024463]
[0.10024463]
[0.10024463]
[0.10024463]
[0.10024463]
[0.10024463]
[0.10024463]
[0.10024463]
[0.10024463]
[0.10024463]
[0.10024463]
[0.10024463]
[0.10024463]
[0.10024463]
[0.10024463]
[0.10024463]
[0.10024463]
[0.10024463]
[0.10024463]
[0.10024463]
[0.10024463]
[0.10024463]
[0.10024463]
[0.10024463]
[0.10024463]
[0.10024463]
[0.10024463]
[0.10024463]
[0.10024463]
[0.10024463]
[0.10024463]
[0.10024463]
[0.10024463]
[0.10024463]
[0.10024463]
[0.10024463]
[0.10024463]
[0.10024463]
[0.10024463]
[0.10024463]
[0.10024463]
[0.10024463]
[0.10024463]
[0.10024463]
[0.10024463]
[0.10024463]
[0.10024463]
[0.10024463]
[0.10024463]
[0.10024463]
[0.10024463]
[0.10024463]
[0.10024463]
[0.10024463]
[0.10024463]
[0.10024463]
[0.10024463]
[0.10024463]
[0.10024463]
[0.10024463]
[0.04190903]
[0.10024463]
[0.10024463]
[0.10024463]
[0.10024463]
[0.10024463]
[0.10024463]
[0.10024463]
[0.10024463]
[0.10024463]
[0.10024463]
[0.10024463]
[0.10024463]
[0.10024463]
[0.10024463]
[0.10024463]
[0.10024463]
[0.10024463]
[0.10024463]
[0.10024463]
[0.10024463]
[0.10024463]
[0.10024463]
[0.10024463]
[0.10024463]
[0.10024463]
[0.10024463]
[0.10024463]
[0.10024463]
[0.10024463]
[0.10024463]
[0.10024463]
[0.10024463]
[0.10024463]
[0.10024463]
[0.10024463]
[0.10024463]
[0.10024463]
[0.10024463]
[0.10024463]
[0.10024463]
[0.10024463]
[0.10024463]
[0.10024463]
[0.10024463]
[0.10024463]
[0.10024463]
[0.10024463]
[0.10024463]
[0.10024463]
[0.10024463]
[0.10024463]
[0.10024463]
[0.10024463]
[0.10024463]
[0.10024463]
[0.10024463]
[0.10024463]
[0.10024463]
[0.10024463]
[0.10024463]
[0.10024463]
[0.10024463]
[0.10024463]
[0.10024463]
[0.10024463]
[0.10024463]
[0.10024463]
[0.10024463]
[0.10024463]
[0.10024463]
[0.10024463]
[0.10024463]
[0.10024463]
[0.10024463]
[0.10024463]
[0.10024463]
[0.10024463]
[0.10024463]
[0.10024463]
[0.03235468]
[0.10024463]
[0.10024463]
[0.10024463]
[0.10024463]
[0.10024463]
[0.10024463]
[0.10024463]
[0.10024463]
[0.10024463]
[0.10024463]
[0.10024463]
[0.10024463]
[0.10024463]
[0.10024463]
[0.10024463]
[0.10024463]
[0.10024463]
[0.10024463]
[0.10024463]
[0.10024463]
[0.10024463]
[0.10024463]
[0.10024463]
[0.10024463]
[0.10024463]
[0.03520516]
[0.10024463]
[0.10024463]
[0.10024463]
[0.10024463]
[0.04534408]
[0.10024463]
[0.10024463]
[0.05340149]
[0.10024463]
[0.10024463]
[0.10024463]
[0.10024463]
[0.10024463]
[0.10024463]
[0.10024463]
[0.03525399]
[0.10024463]
[0.10024463]
[0.10024463]
[0.10024463]
[0.10024463]
[0.10024463]
[0.10024463]
[0.10024463]
[0.10024463]
[0.10024463]
[0.10024463]
[0.10024463]
[0.10024463]
[0.10024463]
[0.10024463]
[0.10024463]
[0.10024463]
[0.10024463]
[0.10024463]
[0.10024463]
[0.10024463]
[0.10024463]
[0.10024463]
[0.10024463]
[0.10024463]
[0.10024463]
[0.10024463]
[0.10024463]
[0.10024463]
[0.10024463]
[0.10024463]
[0.10024463]
[0.10024463]
[0.10024463]
[0.10024463]
[0.10024463]
[0.10024463]
[0.10024463]
[0.10024463]
[0.10024463]
[0.10024463]
[0.10024463]
[0.10024463]
[0.10024463]
[0.10024463]
[0.10024463]
[0.10024463]
[0.10024463]
[0.10024463]
[0.10024463]
[0.10024463]
[0.10024463]
[0.10024463]
[0.10024463]
[0.10024463]
[0.10024463]
[0.10024463]
[0.10024463]
[0.03763379]
[0.10024463]
[0.10024463]
[0.10024463]
[0.10024463]
[0.10024463]
[0.10024463]
[0.10024463]
[0.10024463]
[0.10024463]
[0.10024463]
[0.10024463]
[0.10024463]
[0.10024463]
[0.03589483]
[0.10024463]
[0.10024463]
[0.10024463]
[0.10024463]
[0.10024463]
[0.10024463]
[0.10024463]
[0.10024463]
[0.10024463]
[0.10024463]
[0.10024463]
[0.10024463]
[0.10024463]
[0.10024463]
[0.10024463]
[0.10024463]
[0.10024463]
[0.10024463]
[0.10024463]
[0.10024463]
[0.10024463]
[0.10024463]
[0.10024463]
[0.10024463]
[0.10024463]
[0.10024463]
[0.10024463]
[0.10024463]
[0.10024463]
[0.10024463]
[0.10024463]
[0.10024463]
[0.10024463]
[0.10024463]
[0.10024463]
[0.10024463]
[0.10024463]
[0.10024463]
[0.10024463]
[0.10024463]
[0.10024463]
[0.10024463]
[0.10024463]
[0.10024463]
[0.10024463]
[0.10024463]
[0.10024463]
[0.10024463]
[0.10024463]
[0.10024463]
[0.10024463]
[0.10024463]
[0.10024463]
[0.10024463]
[0.10024463]
[0.10024463]
[0.10024463]
[0.10024463]
[0.10024463]
[0.10024463]
[0.10024463]
[0.10024463]
[0.10024463]
[0.10024463]
[0.10024463]
[0.10024463]
[0.10024463]
[0.10024463]
[0.10024463]
[0.10024463]
[0.10024463]
[0.10024463]
[0.10024463]
[0.10024463]
[0.10024463]
[0.10024463]
[0.10024463]
[0.10024463]
[0.10024463]
[0.10024463]
[0.10024463]
[0.10024463]
[0.10024463]
[0.10024463]
[0.10024463]
[0.10024463]
[0.10024463]
[0.10024463]
[0.10024463]
[0.10024463]
[0.10024463]
[0.10024463]
[0.10024463]
[0.10024463]
[0.10024463]
[0.10024463]
[0.10024463]
[0.10024463]
[0.10024463]
[0.10024463]
[0.10024463]
[0.10024463]
[0.10024463]
[0.10024463]
[0.10024463]
[0.10024463]
[0.10024463]
[0.10024463]
[0.10024463]
[0.10024463]
[0.10024463]
[0.10024463]
[0.10024463]
[0.10024463]
[0.10024463]
[0.10024463]
[0.10024463]
[0.10024463]
[0.10024463]
[0.10024463]
[0.10024463]
[0.10024463]
[0.10024463]
[0.10024463]
[0.10024463]
[0.10024463]
[0.10024463]
[0.10024463]
[0.10024463]
[0.10024463]
[0.10024463]
[0.10024463]
[0.10024463]
[0.10024463]
[0.10024463]
[0.10024463]
[0.10024463]
[0.10024463]
[0.10024463]
[0.10024463]
[0.10024463]
[0.10024463]
[0.10024463]
[0.10024463]
[0.10024463]
[0.10024463]
[0.10024463]
[0.10024463]
[0.10024463]
[0.10024463]
[0.10024463]
[0.10024463]
[0.10024463]
[0.10024463]
[0.10024463]
[0.10024463]
[0.10024463]
[0.10024463]
[0.03720687]
[0.10024463]
[0.10024463]
[0.10024463]
[0.10024463]
[0.10024463]
[0.10024463]
[0.10024463]
[0.10024463]
[0.10024463]
[0.10024463]
[0.10024463]
[0.10024463]
[0.10024463]
[0.10024463]
[0.10024463]
[0.10024463]
[0.10024463]
[0.10024463]
[0.10024463]
[0.10024463]
[0.10024463]
[0.10024463]
[0.10024463]
[0.10024463]
[0.10024463]
[0.10024463]
[0.10024463]
[0.10024463]
[0.10024463]
[0.10024463]
[0.10024463]
[0.10024463]
[0.10024463]
[0.10024463]
[0.10024463]
[0.10024463]
[0.10024463]
[0.10024463]
[0.10024463]
[0.10024463]
[0.10024463]
[0.10024463]
[0.10024463]
[0.10024463]
[0.04584073]
[0.10024463]
[0.10024463]
[0.10024463]
[0.10024463]
[0.10024463]
[0.10024463]
[0.10024463]
[0.10024463]
[0.10024463]
[0.10024463]
[0.10024463]
[0.10024463]
[0.10024463]
[0.10024463]
[0.10024463]
[0.10024463]
[0.10024463]
[0.10024463]
[0.10024463]
[0.10024463]
[0.10024463]
[0.10024463]
[0.10024463]
[0.10024463]
[0.10024463]
[0.10024463]
[0.10024463]
[0.10024463]
[0.10024463]
[0.10024463]
[0.10024463]
[0.10024463]
[0.10024463]
[0.04527256]
[0.10024463]
[0.10024463]
[0.10024463]
[0.10024463]
[0.10024463]
[0.10024463]
[0.10024463]
[0.10024463]
[0.10024463]
[0.10024463]
[0.10024463]
[0.10024463]
[0.10024463]
[0.03977901]
[0.10024463]
[0.10024463]
[0.10024463]
[0.10024463]
[0.10024463]
[0.10024463]
[0.10024463]
[0.10024463]
[0.10024463]
[0.10024463]
[0.10024463]
[0.10024463]
[0.10024463]
[0.10024463]
[0.10024463]
[0.10024463]
[0.10024463]
[0.10024463]
[0.10024463]
[0.10024463]
[0.10024463]
[0.10024463]
[0.10024463]
[0.10024463]
[0.10024463]
[0.10024463]
[0.10024463]
[0.10024463]
[0.10024463]
[0.10024463]
[0.10024463]
[0.10024463]
[0.10024463]
[0.10024463]
[0.10024463]
[0.10024463]
[0.10024463]
[0.10024463]
[0.10024463]
[0.10024463]
[0.10024463]
[0.10024463]
[0.10024463]
[0.10024463]
[0.10024463]
[0.10024463]
[0.10024463]
[0.10024463]
[0.10024463]
[0.10024463]
[0.10024463]
[0.10024463]
[0.10024463]
[0.10024463]
[0.10024463]
[0.10024463]
[0.10024463]
[0.10024463]
[0.10024463]
[0.10024463]
[0.10024463]
[0.10024463]
[0.10024463]
[0.10024463]
[0.10024463]
[0.10024463]
[0.10024463]
[0.10024463]
[0.10024463]
[0.10024463]
[0.10024463]
[0.10024463]
[0.10024463]
[0.10024463]
[0.10024463]
[0.10024463]
[0.10024463]
[0.10024463]
[0.10024463]
[0.10024463]
[0.10024463]
[0.10024463]
[0.10024463]
[0.10024463]
[0.10024463]
[0.10024463]
[0.10024463]
[0.10024463]
[0.10024463]
[0.03755711]
[0.10024463]
[0.10024463]
[0.10024463]
[0.10024463]
[0.10024463]
[0.09618677]
[0.09618677]
[0.09618677]
[0.09618677]
[0.09618677]
[0.09618677]
[0.09618677]
[0.09618677]
