0.027582666
-0.007185657
-0.004090963
-0.0084700715
0.012516162
-0.007185657
0.01580932
0.018462278
0.017421138
0.021145705
0.025539475
-0.010280351
-0.010280351
0.015259123
0.011451729
0.0
-0.010280351
-0.010280351
0.011451729
0.017971987
0.012778868
0.014631468
0.013592879
0.011939271
-0.007185657
0.009284083
0.00181028
0.0142811155
0.012649448
-0.0053753774
0.010280351
0.017850766
0.012516162
0.006715254
0.006189388
0.006189388
-0.0046871407
0.015110287
-0.010280351
0.01127662
0.02457057
0.019422686
0.014546423
0.010051342
0.024669489
-0.00072559825
0.011620228
0.012778868
0.012904642
0.0
0.010705883
-0.010280351
-0.004090963
0.015185325
0.010498185
0.009554753
0.006189388
0.013592879
-0.010280351
-0.0053753774
-0.010280351
0.012904642
0.010498185
-0.0019233164
0.017093735
-0.010280351
0.012904642
0.006189388
0.009554753
0.009284083
-0.003094694
-0.010280351
0.016634103
0.008687905
0.012778868
0.0110943625
-0.0004704031
0.010904347
0.010280351
0.013262009
-0.0009962689
0.0142811155
-0.007185657
0.021337353
0.016121665
0.019964525
-0.010280351
0.010498185
0.010904347
0.017510435
0.004090963
-0.010280351
0.008687905
-0.004090963
0.016995605
0.015677996
0.013375046
0.012378776
0.0142811155
0.0110943625
0.012090632
0.003094694
-0.010280351
0.01302697
0.010705883
0.010904347
0.0110943625
-0.010280351
0.007185657
0.012904642
0.015936892
-0.010280351
0.014459727
0.012378776
0.007185657
0.01728375
0.01789154
0.013375046
0.008357035
0.017330017
0.022141974
0.017641118
0.018805886
0.01704494
-0.004090963
0.008357035
0.013592879
0.01646974
0.01689527
0.013146036
0.01694572
0.013697935
0.008687905
0.010280351
0.01646974
0.01302697
0.011620228
0.013592879
0.0155426925
0.010705883
0.010280351
0.00021783344
0.014371314
0.010280351
0.01893625
0.01728375
0.018462278
-0.0035650972
0.014714923
-0.0019233164
-0.00022900917
0.0076111886
0.009554753
-0.010280351
0.006715254
-0.006189388
0.006189388
0.0076111886
0.010280351
0.012778868
0.012378776
0.015110287
0.009554753
0.013800576
0.015999336
0.014459727
0.019124929
-0.010280351
0.023307322
0.017597979
0.008687905
0.018497853
0.017237
0.010498185
0.013146036
0.015185325
0.015999336
0.0110943625
0.015873563
0.013697935
0.0
0.017809616
0.003094694
-0.0053753774
0.015033965
-0.010280351
0.017641118
0.015677996
0.0049049743
0.0049049743
0.006189388
0.0049049743
-0.0046871407
0.007999668
-0.004090963
0.0
0.021680266
0.020515831
0.014631468
0.0
0.0098099485
0.00181028
0.009284083
0.009284083
0.012237028
-0.010280351
0.009284083
0.016299093
0.013262009
0.0098099485
-0.007185657
0.0049049743
0.010280351
0.010705883
0.008995937
0.020164099
0.012237028
0.004090963
0.01646974
0.0098099485
0.011451729
0.0098099485
-0.010280351
0.015873563
-0.010280351
0.003094694
-0.010280351
0.0049049743
0.010705883
-0.0084700715
0.0110943625
0.014714923
0.011782599
0.018353818
-0.010280351
0.015677996
0.003094694
-0.002280683
0.010498185
0.018805886
0.018166984
0.0
0.006189388
0.0
0.01409506
-0.010280351
0.006715254
-0.0015924466
0.026236068
0.011620228
0.006189388
0.010705883
0.013800576
0.012778868
0.016356703
0.022219623
0.012378776
0.01399904
0.01348529
-0.0046871407
0.004090963
0.020308133
0.010498185
0.012378776
0.009284083
0.0
0.01348529
-0.010280351
-0.010280351
0.009284083
0.007185657
-0.0012844141
0.008687905
0.008357035
-0.007185657
0.0049049743
0.006189388
-0.010280351
0.010705883
0.008687905
-0.007185657
-0.007185657
0.01127662
0.003094694
0.017466009
0.007999668
0.011939271
0.009554753
0.016121665
0.021949913
0.019335425
0.01409506
0.006715254
0.012237028
0.015677996
0.019647371
-0.0004704031
-0.007185657
0.023677664
0.010498185
0.019479927
-0.003094694
0.01689527
-0.007185657
0.012237028
0.010498185
0.007185657
0.006715254
0.0110943625
0.013146036
0.0049049743
-0.0046871407
0.010705883
0.012649448
-0.007185657
0.021484958
0.013146036
-0.007185657
0.007185657
0.026509317
0.0
0.015936892
0.008687905
0.011451729
0.010280351
0.01674041
0.010705883
-0.010280351
0.006189388
0.008995937
0.012904642
0.012090632
0.018317072
0.011451729
0.012090632
0.011620228
0.013262009
0.01399904
-0.00072559825
-0.003094694
-0.0015924466
0.0049049743
0.019808764
0.0
0.011451729
-0.010280351
0.007999668
0.012649448
-0.010280351
0.018462278
0.004090963
0.0076111886
0.01127662
0.01302697
0.014956316
0.014459727
0.006189388
0.009284083
0.01127662
0.014546423
-0.004090963
0.014956316
0.0049049743
0.011451729
0.02251738
0.011782599
0.018637387
0.010705883
0.014956316
0.012904642
0.009554753
0.013375046
0.007999668
-0.010280351
0.00181028
0.007185657
0.0098099485
0.0142811155
0.0098099485
0.011782599
0.009284083
0.009554753
0.013146036
0.012904642
0.01127662
0.0076111886
0.020883592
0.022173196
0.014189056
0.015936892
0.014371314
0.012904642
0.011620228
0.007185657
0.012378776
0.018671598
0.01399904
0.012649448
0.0
0.003094694
0.008995937
0.009284083
-0.002280683
0.013697935
0.007185657
0.010904347
0.015110287
-0.006189388
0.022046976
0.015473471
0.021592546
0.022430118
0.00181028
0.012090632
0.018317072
0.011782599
0.023172574
-0.010280351
0.0098099485
0.010705883
-0.002280683
0.016995605
0.0049049743
-0.007185657
-0.010280351
0.013592879
0.014546423
0.015610857
0.025069073
0.004090963
0.011782599
-0.004090963
0.003094694
0.017237
0.013900911
0.015677996
0.003094694
-0.00072559825
-0.010280351
0.014956316
-0.010280351
0.015259123
0.01606092
0.014546423
0.010051342
0.006189388
0.006715254
0.013800576
0.012090632
0.007999668
0.013375046
0.007185657
0.003094694
0.013900911
0.015110287
0.007185657
-0.010280351
0.012904642
0.0076111886
0.01127662
0.010280351
-0.010280351
0.014631468
0.01704494
-0.004090963
0.003094694
0.0110943625
-0.0012844141
0.023754738
-0.010280351
0.01606092
-0.007185657
-0.007185657
0.019094031
0.003094694
0.009554753
-0.007185657
-0.007185657
0.019335425
-0.010280351
0.02391555
0.0055932105
-0.0012844141
0.013592879
0.0
0.007185657
0.006189388
0.0049049743
0.018166984
0.012237028
0.02271459
0.008995937
0.01694572
0.017768085
0.010904347
0.0
0.01580932
0.023967892
0.011451729
0.0055932105
-0.0053753774
0.011620228
-0.003094694
0.019755611
0.012237028
0.007185657
0.011451729
0.007999668
0.012778868
0.003094694
0.014459727
0.008995937
0.007185657
0.0049049743
0.017768085
-0.003094694
0.013697935
0.014877293
0.018637387
0.017237
-0.003094694
-0.007185657
0.004090963
0.018204981
0.008357035
-0.010280351
0.008995937
-0.004090963
0.013900911
0.010498185
0.010705883
0.019393787
0.01580932
0.013592879
0.014189056
0.010051342
0.018968256
0.003094694
0.012904642
0.016844245
0.014371314
0.015033965
0.007185657
0.01127662
0.025612073
0.012378776
0.007185657
0.0055932105
0.022280784
0.009284083
0.018011674
-0.007185657
0.0055932105
0.010051342
0.01624073
-0.010280351
0.010051342
0.018637387
0.017809616
0.018090004
0.009284083
0.008357035
0.016579984
0.015473471
-0.010280351
-0.010280351
-0.0053753774
0.0098099485
0.011620228
0.019000033
0.01409506
-0.0046871407
0.011451729
0.015033965
-0.0053753774
0.010051342
-0.0046871407
0.016792629
0.013900911
0.009284083
0.007185657
-0.003094694
0.018739248
-0.00022900917
0.014956316
-0.004090963
0.0098099485
-0.006189388
-0.010280351
0.018637387
-0.004090963
0.010280351
0.0055932105
0.008995937
0.017421138
-0.0009962689
0.016687574
0.009284083
0.021448512
0.015936892
0.0098099485
0.017510435
0.016579984
0.010051342
-0.0053753774
0.012904642
0.003094694
-0.00022900917
0.003094694
-0.003094694
0.008995937
0.015259123
0.009554753
0.019393787
0.01409506
0.010904347
0.014371314
0.014189056
-0.0053753774
-0.010280351
0.010904347
-0.003094694
-0.004090963
-0.010280351
0.010051342
0.00181028
0.012778868
0.012378776
-0.007185657
-0.0035650972
-0.010280351
0.011782599
0.017237
0.012237028
-0.006189388
0.009284083
0.0055932105
0.015331722
0.013375046
0.009284083
0.013262009
-0.010280351
0.01399904
0.003094694
0.024995273
0.006189388
0.020260636
0.015259123
-0.010280351
0.007999668
-0.010280351
-0.0053753774
0.011782599
-0.007185657
-0.003094694
0.016356703
0.003094694
0.003094694
0.011451729
0.011782599
0.022850307
-0.010280351
0.025938312
0.018204981
0.010498185
0.011782599
0.007185657
0.021884013
-0.004090963
-0.007185657
0.006189388
0.020560702
0.0
0.010280351
0.0055932105
0.013262009
-0.010280351
0.003094694
-0.004090963
0.004090963
0.022810023
0.01348529
0.013592879
0.007185657
-0.003094694
0.012904642
0.02173208
0.020284448
0.023414623
0.013697935
0.019031586
-0.010280351
0.012237028
0.01127662
0.01606092
0.0032049392
0.0
0.008687905
-0.010280351
0.00181028
0.014631468
-0.0015924466
0.017189754
-0.010280351
-0.010280351
0.01409506
-0.0053753774
-0.006189388
0.0098099485
0.0049049743
-0.007185657
-0.007185657
-0.010280351
0.019479927
-0.007185657
-0.0084700715
-0.010280351
0.006189388
0.004090963
0.007999668
0.0049049743
0.013375046
0.020778537
0.0
0.01302697
0.02234112
0.009554753
0.003094694
-0.0046871407
0.0
0.006715254
-0.0004704031
0.01689527
-0.007185657
0.013375046
0.014877293
0.010904347
-0.010280351
0.006189388
0.014877293
0.011782599
0.01860291
-0.007185657
0.0049049743
0.020470504
-0.010280351
0.015033965
-0.007185657
0.021280717
0.011939271
-0.004090963
0.0055932105
0.019335425
-0.00022900917
0.01399904
0.015744142
0.010280351
0.004090963
0.010051342
0.012516162
0.021627842
-0.003094694
0.019536441
0.009554753
0.0055932105
0.022250308
0.003094694
-0.002280683
0.014877293
0.007185657
-0.0026691628
0.013900911
0.008687905
0.011451729
-0.0046871407
-0.010280351
0.021430176
-0.007185657
0.015744142
0.010498185
0.009284083
0.019155614
0.007185657
0.01409506
0.015033965
-0.007185657
0.012090632
0.015259123
0.015610857
0.003094694
-0.010280351
0.025236668
0.008995937
0.00181028
0.009554753
0.012904642
0.008687905
0.0
0.01399904
0.0076111886
-0.010280351
-0.00022900917
-0.00022900917
-0.007185657
0.010705883
-0.010280351
0.0098099485
0.010904347
0.009284083
0.01674041
0.0049049743
-0.010280351
0.008687905
0.020115035
0.010904347
0.0049049743
-0.010280351
0.01302697
-0.007185657
0.010904347
0.003094694
0.01606092
0.01302697
0.006189388
0.0098099485
-0.010280351
0.006189388
0.013697935
-0.010280351
0.011782599
0.00181028
0.011939271
0.008995937
0.0244787
0.012904642
0.013800576
0.024970401
0.015999336
0.028139303
0.0142811155
0.006715254
0.011782599
0.0
0.015873563
0.0110943625
-0.010280351
0.011620228
0.01789154
0.013262009
0.009284083
0.018011674
0.01127662
0.003094694
0.008357035
0.013697935
0.023109956
0.014459727
0.011620228
0.011451729
0.007999668
0.017330017
0.012090632
0.007999668
-0.010280351
0.012237028
-0.010280351
-0.004090963
-0.010280351
0.008995937
-0.00072559825
-0.010280351
-0.007185657
0.019592252
0.014371314
-0.010280351
0.006715254
0.019728797
0.003094694
0.017809616
0.014371314
0.009554753
0.024660585
0.025918186
-0.010280351
0.011782599
0.014631468
-0.0084700715
0.0098099485
0.020212628
0.014877293
-0.0009962689
0.004090963
0.017554421
0.008357035
0.008995937
0.010498185
0.007185657
-0.004090963
0.018353818
0.008687905
0.019216359
0.013800576
0.007999668
-0.010280351
0.017597979
0.011782599
-0.010280351
0.0055932105
0.016687574
-0.0084700715
-0.007185657
0.023473138
0.003094694
0.023222046
0.016525201
-0.0053753774
0.021337353
-0.0015924466
0.01409506
0.018968256
0.015331722
0.0155426925
0.018090004
0.00181028
0.010051342
0.021448512
-0.0035650972
0.011451729
0.019364702
0.025704721
0.012649448
0.003094694
-0.010280351
0.0049049743
0.0
0.0110943625
0.0
0.0
0.014714923
0.008687905
0.0098099485
0.022219623
0.02193353
0.010498185
0.018637387
0.012378776
0.015677996
-0.007185657
0.014189056
0.01127662
0.011451729
0.014546423
0.011782599
0.013375046
0.016792629
0.015473471
0.0110943625
0.012649448
0.019246424
-0.007185657
0.017237
-0.010280351
0.0076111886
0.005718985
0.010051342
0.022929799
0.008687905
0.017510435
0.01606092
0.017421138
0.004090963
-0.010280351
-0.010280351
0.015473471
0.012090632
0.016356703
0.015259123
0.009284083
0.025732845
0.00181028
0.022488482
0.0098099485
-0.010280351
0.003094694
0.003094694
0.006715254
0.01127662
-0.010280351
0.02102664
0.003094694
0.01302697
0.014877293
0.021466773
-0.007185657
-0.0053753774
0.01970182
-0.010280351
0.018497853
0.023258792
-0.010280351
-0.010280351
0.010705883
0.0142811155
-0.010280351
0.0110943625
-0.003094694
0.02042471
0.017421138
0.010904347
0.009554753
0.010904347
0.008687905
0.018497853
-0.0012844141
0.015185325
0.012516162
-0.0053753774
0.008687905
-0.0084700715
0.006189388
-0.004090963
0.009284083
0.01860291
-0.002280683
0.003094694
0.007999668
0.008995937
0.0110943625
0.009554753
-0.0004704031
0.01399904
-0.010280351
-0.010280351
0.017768085
0.016995605
0.013146036
-0.007185657
0.012778868
-0.0053753774
0.014631468
0.0110943625
0.0098099485
0.018462278
0.015610857
-0.007185657
0.007185657
-0.0004704031
0.01399904
0.015473471
0.0
-0.006189388
0.010705883
-0.007185657
-0.0053753774
0.020065427
0.01127662
0.017597979
0.02595168
-0.010280351
-0.010280351
0.017189754
0.0098099485
0.012904642
0.010280351
0.012904642
0.007999668
-0.007185657
-0.007185657
-0.0015924466
0.010280351
0.022141974
-0.010280351
0.018011674
0.006189388
0.019728797
0.009284083
0.010705883
0.016356703
-0.010280351
-0.010280351
0.009284083
0.017554421
-0.00022900917
0.003094694
-0.006189388
0.011782599
0.010904347
-0.0053753774
0.013375046
-0.0012844141
0.012778868
0.0
0.011939271
0.012904642
0.01302697
0.010498185
0.003094694
0.00181028
0.013375046
0.01302697
0.015110287
0.007999668
-0.0053753774
0.01580932
0.010280351
0.003094694
0.003094694
0.009284083
0.016579984
0.008995937
0.0055932105
0.016687574
0.020605128
-0.0053753774
0.020164099
-0.007185657
0.014189056
0.01127662
0.008687905
0.016844245
0.0142811155
-0.0084700715
0.006189388
-0.010280351
0.017726162
0.02058297
0.017189754
-0.0012844141
-0.007185657
0.016181594
0.008995937
0.011782599
0.010498185
0.012090632
0.008687905
-0.0009962689
0.015259123
0.015110287
0.009284083
0.016995605
0.0055932105
0.011939271
0.008687905
-0.010280351
0.007185657
0.01127662
0.009284083
0.016356703
0.014714923
0.0
0.012649448
0.011620228
0.012778868
-0.003094694
0.003094694
0.008357035
0.0
0.008995937
0.0098099485
0.010280351
0.008687905
0.01828002
0.015610857
0.015110287
0.015259123
0.0142811155
0.008995937
0.004090963
-0.010280351
0.010705883
0.0076111886
-0.010280351
0.008995937
0.0
0.010051342
0.007185657
0.02058297
0.003094694
-0.0012844141
-0.006189388
0.012649448
-0.004090963
0.018871544
0.015744142
0.006189388
0.013375046
0.013146036
0.009284083
-0.010280351
-0.010280351
0.006189388
0.0098099485
0.003094694
0.010051342
-0.010280351
0.015610857
0.02811059
0.006189388
-0.006189388
0.024346821
-0.010280351
0.017466009
0.0049049743
0.01399904
0.014189056
0.0142811155
0.011939271
0.0098099485
0.010904347
0.008687905
0.00181028
0.011620228
-0.0012844141
0.011782599
0.017554421
-0.003094694
0.007999668
-0.010280351
-0.010280351
0.009284083
0.003094694
0.010280351
0.021982502
0.007185657
0.010280351
0.008687905
0.01409506
0.009554753
0.008357035
-0.002280683
0.012090632
-0.003094694
0.014714923
0.027882664
0.01674041
0.01694572
0.017189754
0.006189388
0.015677996
-0.010280351
0.010498185
0.012090632
0.008995937
0.012090632
0.007185657
0.010280351
0.009284083
-0.010280351
0.021484958
0.004090963
0.014714923
0.014631468
0.006189388
0.006715254
0.013592879
0.014459727
0.015033965
0.008687905
0.019422686
-0.0015924466
0.006189388
0.016579984
0.014546423
-0.0004704031
0.025583176
0.016634103
0.0049049743
0.010705883
0.016181594
0.0
0.00181028
-0.007185657
0.012378776
0.012516162
0.0098099485
0.012378776
-0.010280351
0.020401638
0.017330017
0.017971987
0.014631468
0.01348529
0.014796846
0.012778868
0.018871544
0.016687574
0.004090963
-0.004090963
-0.006189388
0.003094694
-0.010280351
0.014371314
0.008687905
-0.007185657
0.01580932
0.004090963
-0.010280351
-0.0009962689
0.021448512
-0.004090963
0.0076111886
0.014631468
0.01877269
0.015936892
0.003094694
0.0
