[-0.36776733]
[-0.36776733]
[-0.36776733]
[-0.36776733]
[-0.36776733]
[-0.36776733]
[-0.36776733]
[-0.36776733]
[-0.36776733]
[-0.36776733]
[-0.36776733]
[-0.36776733]
[-0.36776733]
[-0.36776733]
[-0.3769217]
[-0.36776733]
[-0.36776733]
[-0.36776733]
[-0.36776733]
[-0.38107586]
[-0.36776733]
[-0.16737549]
[-0.36776733]
[-0.27561733]
[-0.36776733]
[-0.36776733]
[-0.36776733]
[-0.36776733]
[-0.36776733]
[-0.36776733]
[-0.36776733]
[-0.23187622]
[-0.36776733]
[-0.36776733]
[-0.36776733]
[-0.36776733]
[-0.36776733]
[-0.3977725]
[-0.36776733]
[-0.36776733]
[-0.36776733]
[-0.36776733]
[-0.36776733]
[-0.36776733]
[-0.28336698]
[-0.36776733]
[-0.36776733]
[-0.36776733]
[-0.36776733]
[-0.36776733]
[-0.36776733]
[-0.36776733]
[-0.36776733]
[-0.36776733]
[-0.3068109]
[-0.36776733]
[-0.36776733]
[-0.36776733]
[-0.36776733]
[-0.36776733]
[-0.36776733]
[-0.36776733]
[-0.36776733]
[-0.36776733]
[-0.36116803]
[-0.36776733]
[-0.3459195]
[-0.36776733]
[-0.36776733]
[-0.36776733]
[-0.36776733]
[-0.36776733]
[-0.36776733]
[-0.36776733]
[-0.3965834]
[-0.36776733]
[-0.36776733]
[-0.36776733]
[-0.36776733]
[-0.36776733]
[-0.36776733]
[-0.36776733]
[-0.31923792]
[-0.36776733]
[-0.36776733]
[-0.36776733]
[-0.36776733]
[-0.36776733]
[-0.36776733]
[-0.36776733]
[-0.36776733]
[-0.36776733]
[-0.36776733]
[-0.36776733]
[-0.27400112]
[-0.36776733]
[-0.36776733]
[-0.36776733]
[-0.30398387]
[-0.36776733]
[-0.36776733]
[-0.36776733]
[-0.36776733]
[-0.38047418]
[-0.36776733]
[-0.36776733]
[-0.36776733]
[-0.36776733]
[-0.401506]
[-0.36776733]
[-0.36776733]
[-0.36776733]
[-0.36776733]
[-0.36776733]
[-0.36776733]
[-0.36776733]
[-0.36776733]
[-0.36776733]
[-0.36776733]
[-0.36776733]
[-0.36776733]
[-0.36776733]
[-0.36776733]
[-0.36776733]
[-0.36776733]
[-0.36776733]
[-0.36776733]
[-0.36776733]
[-0.36776733]
[-0.36776733]
[-0.36776733]
[-0.36776733]
[-0.36776733]
[-0.36776733]
[-0.36776733]
[-0.36776733]
[-0.36776733]
[-0.36776733]
[-0.36776733]
[-0.38047418]
[-0.36776733]
[-0.36776733]
[-0.36776733]
[-0.36776733]
[-0.36776733]
[-0.36776733]
[-0.36776733]
[-0.36776733]
[-0.36776733]
[-0.36776733]
[-0.36776733]
[-0.36776733]
[-0.36776733]
[-0.36776733]
[-0.36776733]
[-0.36776733]
[-0.36776733]
[-0.36776733]
[-0.3605494]
[-0.36776733]
[-0.36776733]
[-0.36776733]
[-0.36776733]
[-0.36776733]
[-0.36776733]
[-0.36776733]
[-0.23971742]
[-0.36776733]
[-0.36776733]
[-0.36776733]
[-0.25914767]
[-0.36776733]
[-0.36776733]
[-0.36776733]
[-0.36776733]
[-0.36776733]
[-0.36776733]
[-0.36776733]
[-0.36776733]
[-0.36776733]
[-0.36776733]
[-0.36776733]
[-0.35887238]
[-0.36776733]
[-0.36776733]
[-0.36776733]
[-0.36776733]
[-0.36776733]
[-0.36776733]
[-0.36776733]
[-0.36776733]
[-0.36776733]
[-0.36776733]
[-0.36776733]
[-0.36776733]
[-0.36776733]
[-0.36776733]
[-0.36776733]
[-0.36776733]
[-0.36776733]
[-0.36776733]
[-0.36776733]
[-0.36776733]
[-0.36776733]
[-0.36776733]
[-0.36776733]
[-0.36776733]
[-0.36776733]
[-0.36776733]
[-0.36776733]
[-0.36776733]
[-0.36776733]
[-0.36776733]
[-0.36776733]
[-0.36776733]
[-0.36776733]
[-0.36776733]
[-0.36776733]
[-0.36776733]
[-0.36776733]
[-0.36776733]
[-0.36776733]
[-0.36776733]
[-0.36776733]
[-0.36776733]
[-0.36776733]
[-0.36776733]
[-0.36776733]
[-0.36776733]
[-0.36776733]
[-0.36776733]
[-0.36776733]
[-0.36776733]
[-0.36776733]
[-0.36776733]
[-0.36776733]
[-0.36776733]
[-0.36776733]
[-0.36776733]
[-0.36776733]
[-0.36776733]
[-0.36776733]
[-0.36776733]
[-0.36776733]
[-0.36776733]
[-0.36776733]
[-0.36776733]
[-0.36776733]
[-0.36776733]
[-0.36776733]
[-0.36776733]
[-0.36776733]
[-0.36776733]
[-0.39519173]
[-0.36776733]
[-0.36776733]
[-0.36776733]
[-0.36776733]
[-0.36776733]
[-0.36776733]
[-0.36776733]
[-0.36776733]
[-0.36776733]
[-0.38348508]
[-0.36776733]
[-0.36776733]
[-0.36776733]
[-0.36776733]
[-0.36776733]
[-0.36776733]
[-0.36776733]
[-0.36776733]
[-0.36776733]
[-0.36776733]
[-0.36776733]
[-0.3724804]
[-0.36776733]
[-0.39110762]
[-0.36776733]
[-0.36776733]
[-0.36776733]
[-0.36776733]
[-0.36776733]
[-0.36776733]
[-0.36776733]
[-0.36776733]
[-0.36776733]
[-0.36776733]
[-0.36776733]
[-0.36776733]
[-0.36776733]
[-0.36776733]
[-0.36776733]
[-0.36776733]
[-0.36776733]
[-0.36776733]
[-0.36776733]
[-0.36776733]
[-0.36776733]
[-0.36776733]
[-0.24663377]
[-0.36776733]
[-0.36776733]
[-0.36776733]
[-0.36776733]
[-0.36776733]
[-0.36776733]
[-0.36776733]
[-0.36776733]
[-0.36776733]
[-0.36776733]
[-0.36776733]
[-0.36776733]
[-0.36776733]
[-0.36776733]
[-0.36776733]
[-0.28370512]
[-0.36776733]
[-0.36776733]
[-0.36776733]
[-0.36776733]
[-0.36776733]
[-0.36776733]
[-0.36776733]
[-0.36776733]
[-0.36776733]
[-0.3959534]
[-0.36776733]
[-0.36776733]
[-0.36776733]
[-0.36776733]
[-0.36776733]
[-0.36776733]
[-0.36776733]
[-0.36776733]
[-0.36776733]
[-0.36776733]
[-0.36776733]
[-0.36776733]
[-0.35887238]
[-0.36776733]
[-0.34017208]
[-0.36776733]
[-0.36776733]
[-0.4102612]
[-0.36812788]
[-0.36776733]
[-0.36776733]
[-0.36776733]
[-0.36776733]
[-0.36776733]
[-0.36776733]
[-0.36776733]
[-0.29153058]
[-0.36776733]
[-0.36776733]
[-0.36776733]
[-0.36776733]
[-0.36776733]
[-0.36776733]
[-0.36776733]
[-0.36776733]
[-0.36776733]
[-0.36776733]
[-0.36776733]
[-0.36776733]
[-0.36776733]
[-0.36776733]
[-0.36776733]
[-0.36776733]
[-0.36776733]
[-0.36776733]
[-0.36776733]
[-0.36776733]
[-0.27925754]
[-0.36776733]
[-0.36776733]
[-0.36776733]
[-0.36776733]
[-0.36776733]
[-0.36776733]
[-0.36776733]
[-0.36776733]
[-0.36776733]
[-0.36776733]
[-0.36776733]
[-0.36776733]
[-0.36776733]
[-0.36776733]
[-0.36776733]
[-0.36776733]
[-0.36776733]
[-0.36776733]
[-0.36776733]
[-0.36776733]
[-0.36776733]
[-0.25552088]
[-0.36776733]
[-0.36776733]
[-0.36776733]
[-0.36776733]
[-0.36776733]
[-0.36776733]
[-0.36776733]
[-0.36776733]
[-0.36776733]
[-0.36776733]
[-0.3111749]
[-0.36776733]
[-0.36776733]
[-0.36776733]
[-0.36776733]
[-0.28452995]
[-0.36776733]
[-0.36776733]
[-0.36776733]
[-0.36776733]
[-0.36776733]
[-0.36776733]
[-0.36776733]
[-0.36776733]
[-0.36776733]
[-0.36776733]
[-0.39137504]
[-0.36776733]
[-0.36776733]
[-0.36776733]
[-0.36776733]
[-0.36776733]
[-0.36776733]
[-0.36776733]
[-0.36776733]
[-0.36776733]
[-0.36776733]
[-0.36776733]
[-0.36776733]
[-0.36776733]
[-0.36776733]
[-0.36776733]
[-0.36776733]
[-0.36776733]
[-0.36776733]
[-0.36776733]
[-0.36776733]
[-0.36776733]
[-0.36776733]
[-0.36776733]
[-0.36776733]
[-0.36776733]
[-0.36776733]
[-0.36776733]
[-0.36776733]
[-0.36776733]
[-0.36776733]
[-0.36776733]
[-0.36776733]
[-0.31281614]
[-0.36776733]
[-0.36776733]
[-0.36776733]
[-0.36776733]
[-0.36776733]
[-0.36776733]
[-0.36776733]
[-0.23189071]
[-0.36776733]
[-0.36776733]
[-0.36776733]
[-0.36776733]
[-0.36776733]
[-0.36776733]
[-0.36776733]
[-0.36776733]
[-0.32588935]
[-0.36776733]
[-0.36776733]
[-0.36776733]
[-0.36776733]
[-0.36776733]
[-0.36776733]
[-0.36776733]
[-0.36776733]
[-0.36776733]
[-0.36776733]
[-0.36776733]
[-0.36776733]
[-0.36776733]
[-0.36776733]
[-0.36776733]
[-0.36776733]
[-0.36776733]
[-0.36776733]
[-0.36776733]
[-0.36776733]
[-0.36776733]
[-0.36776733]
[-0.36776733]
[-0.36776733]
[-0.36776733]
[-0.36776733]
[-0.36776733]
[-0.36776733]
[-0.36776733]
[-0.32924685]
[-0.36776733]
[-0.3251857]
[-0.36776733]
[-0.36776733]
[-0.36776733]
[-0.36776733]
[-0.36776733]
[-0.36776733]
[-0.36776733]
[-0.36776733]
[-0.36776733]
[-0.36776733]
[-0.36776733]
[-0.36776733]
[-0.36776733]
[-0.36776733]
[-0.36776733]
[-0.36776733]
[-0.36776733]
[-0.36776733]
[-0.36776733]
[-0.36776733]
[-0.36776733]
[-0.36776733]
[-0.36776733]
[-0.36776733]
[-0.36776733]
[-0.36776733]
[-0.36776733]
[-0.36776733]
[-0.36776733]
[-0.36776733]
[-0.36776733]
[-0.36776733]
[-0.36776733]
[-0.36776733]
[-0.36776733]
[-0.36776733]
[-0.36776733]
[-0.36776733]
[-0.36776733]
[-0.36776733]
[-0.36776733]
[-0.36776733]
[-0.36776733]
[-0.36776733]
[-0.36776733]
[-0.36776733]
[-0.36776733]
[-0.36776733]
[-0.29851288]
[-0.36776733]
[-0.36776733]
[-0.36776733]
[-0.36776733]
[-0.36776733]
[-0.36776733]
[-0.30548108]
[-0.36776733]
[-0.36776733]
[-0.36776733]
[-0.36776733]
[-0.36776733]
[-0.36776733]
[-0.36776733]
[-0.36776733]
[-0.36776733]
[-0.36776733]
[-0.36776733]
[-0.36776733]
[-0.36776733]
[-0.36776733]
[-0.36776733]
[-0.36776733]
[-0.36776733]
[-0.36776733]
[-0.36776733]
[-0.36776733]
[-0.36776733]
[-0.36776733]
[-0.36776733]
[-0.36776733]
[-0.36776733]
[-0.36776733]
[-0.36776733]
[-0.36776733]
[-0.36776733]
[-0.36776733]
[-0.36776733]
[-0.36776733]
[-0.36776733]
[-0.36776733]
[-0.37870544]
[-0.36776733]
[-0.36776733]
[-0.29299197]
[-0.241977]
[-0.36776733]
[-0.36776733]
[-0.36776733]
[-0.38047418]
[-0.36776733]
[-0.36776733]
[-0.36776733]
[-0.38047418]
[-0.20741704]
[-0.36776733]
[-0.36776733]
[-0.36776733]
[-0.36776733]
[-0.36776733]
[-0.36776733]
[-0.36776733]
[-0.36776733]
[-0.31397784]
[-0.36776733]
[-0.36776733]
[-0.36776733]
[-0.36776733]
[-0.36776733]
[-0.36776733]
[-0.36776733]
[-0.36776733]
[-0.36776733]
[-0.36776733]
[-0.3378067]
[-0.36776733]
[-0.36776733]
[-0.36776733]
[-0.36776733]
[-0.38047418]
[-0.36776733]
[-0.36776733]
[-0.36776733]
[-0.36776733]
[-0.36776733]
[-0.36776733]
[-0.36776733]
[-0.36776733]
[-0.36776733]
[-0.36776733]
[-0.36776733]
[-0.36776733]
[-0.36776733]
[-0.36776733]
[-0.36776733]
[-0.36776733]
[-0.22831853]
[-0.36776733]
[-0.36776733]
[-0.36776733]
[-0.3661635]
[-0.36776733]
[-0.36776733]
[-0.36776733]
[-0.36776733]
[-0.36776733]
[-0.36776733]
[-0.36776733]
[-0.36776733]
[-0.36776733]
[-0.36776733]
[-0.34833553]
[-0.36776733]
[-0.36776733]
[-0.36776733]
[-0.36776733]
[-0.36776733]
[-0.36776733]
[-0.36776733]
[-0.36776733]
[-0.3566863]
[-0.36776733]
[-0.36776733]
[-0.36776733]
[-0.36776733]
[-0.36776733]
[-0.36776733]
[-0.36776733]
[-0.36776733]
[-0.36776733]
[-0.36776733]
[-0.36776733]
[-0.36776733]
[-0.36776733]
[-0.36776733]
[-0.36776733]
[-0.36776733]
[-0.36776733]
[-0.36776733]
[-0.36776733]
[-0.36776733]
[-0.36776733]
[-0.36776733]
[-0.36776733]
[-0.3787583]
[-0.36776733]
[-0.36776733]
[-0.36776733]
[-0.36776733]
[-0.36776733]
[-0.36776733]
[-0.3370486]
[-0.36776733]
[-0.36776733]
[-0.36776733]
[-0.36776733]
[-0.36776733]
[-0.36776733]
[-0.39113486]
[-0.36776733]
[-0.36776733]
[-0.36776733]
[-0.36776733]
[-0.36776733]
[-0.36776733]
[-0.36776733]
[-0.36776733]
[-0.36776733]
[-0.36776733]
[-0.36776733]
[-0.36776733]
[-0.36776733]
[-0.36776733]
[-0.36776733]
[-0.36776733]
[-0.36776733]
[-0.36776733]
[-0.36776733]
[-0.36776733]
[-0.36776733]
[-0.36776733]
[-0.36776733]
[-0.36776733]
[-0.36776733]
[-0.36776733]
[-0.36776733]
[-0.36776733]
[-0.36776733]
[-0.36776733]
[-0.36776733]
[-0.36776733]
[-0.36776733]
[-0.22155882]
[-0.36776733]
[-0.36776733]
[-0.36776733]
[-0.36776733]
[-0.36776733]
[-0.36776733]
[-0.39535904]
[-0.36776733]
[-0.36776733]
[-0.36776733]
[-0.36776733]
[-0.36776733]
[-0.36776733]
[-0.36776733]
[-0.36776733]
[-0.36776733]
[-0.36222517]
[-0.2625384]
[-0.36776733]
[-0.36776733]
[-0.36776733]
[-0.36776733]
[-0.36776733]
[-0.36776733]
[-0.36776733]
[-0.36776733]
[-0.36776733]
[-0.36776733]
[-0.36776733]
[-0.3900308]
[-0.36776733]
[-0.36776733]
[-0.36776733]
[-0.36776733]
[-0.36776733]
[-0.36776733]
[-0.36776733]
[-0.36776733]
[-0.36776733]
[-0.19688672]
[-0.36776733]
[-0.36776733]
[-0.36776733]
[-0.29534525]
[-0.36776733]
[-0.36776733]
[-0.36776733]
[-0.36776733]
[-0.36776733]
[-0.36776733]
[-0.36776733]
[-0.36776733]
[-0.36776733]
[-0.36776733]
[-0.36776733]
[-0.2364302]
[-0.36776733]
[-0.36776733]
[-0.36776733]
[-0.36776733]
[-0.36776733]
[-0.30201876]
[-0.36776733]
[-0.36776733]
[-0.36776733]
[-0.36776733]
[-0.36776733]
[-0.36776733]
[-0.36776733]
[-0.36776733]
[-0.36776733]
[-0.36776733]
[-0.36776733]
[-0.36776733]
[-0.36776733]
[-0.36776733]
[-0.36776733]
[-0.36776733]
[-0.35328335]
[-0.36776733]
[-0.36776733]
[-0.36776733]
[-0.36776733]
[-0.36776733]
[-0.36776733]
[-0.36776733]
[-0.36776733]
[-0.36776733]
[-0.36776733]
[-0.36776733]
[-0.36776733]
[-0.36776733]
[-0.36776733]
[-0.36776733]
[-0.36776733]
[-0.36776733]
[-0.36776733]
[-0.36776733]
[-0.36776733]
[-0.36776733]
[-0.36776733]
[-0.320953]
[-0.36776733]
[-0.36776733]
[-0.36776733]
[-0.36776733]
[-0.36776733]
[-0.36776733]
[-0.36776733]
[-0.36776733]
[-0.36776733]
[-0.36776733]
[-0.36776733]
[-0.36776733]
[-0.36776733]
[-0.36776733]
[-0.36776733]
[-0.36776733]
[-0.36776733]
[-0.36776733]
[-0.36776733]
[-0.36776733]
[-0.36776733]
[-0.36776733]
[-0.36776733]
[-0.36776733]
[-0.36776733]
[-0.36776733]
[-0.36776733]
[-0.36776733]
[-0.36776733]
[-0.36776733]
[-0.36776733]
[-0.2912585]
[-0.36776733]
[-0.36776733]
[-0.37414405]
[-0.36776733]
[-0.36776733]
[-0.36776733]
[-0.36776733]
[-0.33200184]
[-0.36776733]
[-0.36776733]
[-0.36776733]
[-0.36776733]
[-0.36776733]
[-0.36776733]
[-0.37648195]
[-0.3868893]
[-0.36776733]
[-0.30336595]
[-0.36776733]
[-0.36776733]
[-0.24946322]
[-0.36776733]
[-0.36776733]
[-0.36776733]
[-0.36776733]
[-0.36776733]
[-0.36776733]
[-0.36776733]
[-0.36776733]
[-0.36776733]
[-0.36776733]
[-0.36776733]
[-0.36776733]
[-0.36776733]
[-0.36776733]
[-0.36776733]
[-0.36776733]
[-0.36776733]
[-0.1675261]
[-0.36776733]
[-0.2620282]
[-0.36776733]
[-0.36776733]
[-0.36776733]
[-0.36776733]
[-0.36776733]
[-0.36776733]
[-0.36776733]
[-0.36776733]
[-0.36776733]
[-0.36776733]
[-0.36776733]
[-0.36776733]
[-0.24891514]
[-0.36776733]
[-0.36776733]
[-0.23839387]
[-0.27837077]
[-0.31711185]
[-0.36776733]
[-0.36776733]
[-0.36776733]
[-0.36776733]
[-0.36776733]
[-0.36776733]
[-0.36776733]
[-0.3918337]
[-0.36776733]
[-0.36776733]
[-0.36776733]
[-0.36776733]
[-0.36776733]
[-0.36776733]
[-0.36776733]
[-0.36776733]
[-0.36776733]
[-0.36776733]
[-0.36776733]
[-0.36776733]
[-0.36776733]
[-0.36776733]
[-0.36776733]
[-0.36776733]
[-0.36776733]
[-0.36776733]
[-0.36776733]
[-0.36776733]
[-0.39219946]
[-0.36776733]
[-0.36776733]
[-0.29822558]
[-0.34755754]
[-0.36776733]
[-0.36776733]
[-0.36776733]
[-0.36776733]
[-0.36776733]
[-0.36776733]
[-0.36776733]
[-0.36776733]
[-0.36776733]
[-0.31585762]
[-0.36776733]
[-0.36776733]
[-0.36776733]
[-0.36776733]
[-0.36776733]
[-0.36776733]
[-0.36776733]
[-0.36776733]
[-0.36776733]
[-0.36776733]
[-0.36776733]
[-0.36776733]
[-0.36776733]
[-0.36776733]
[-0.36776733]
[-0.36776733]
[-0.37883443]
[-0.37883443]
[-0.37883443]
[-0.37883443]
[-0.37883443]
[-0.37883443]
[-0.37883443]
[-0.37883443]
[-0.37883443]
[-0.37883443]
[-0.3969862]
[-0.37883443]
[-0.37883443]
[-0.37883443]
[-0.37883443]
[-0.37883443]
[-0.37883443]
[-0.37883443]
[-0.37883443]
[-0.37930542]
[-0.37883443]
[-0.37883443]
[-0.37883443]
[-0.37883443]
[-0.31343758]
[-0.37883443]
[-0.33192948]
[-0.37883443]
[-0.37883443]
[-0.37883443]
[-0.37883443]
[-0.37883443]
[-0.37883443]
[-0.37883443]
[-0.37883443]
[-0.37883443]
[-0.37883443]
[-0.37883443]
[-0.37883443]
[-0.37883443]
[-0.37883443]
[-0.37883443]
[-0.37883443]
[-0.41499263]
[-0.37883443]
[-0.37883443]
[-0.37883443]
[-0.37883443]
[-0.37883443]
[-0.37883443]
[-0.37883443]
[-0.37883443]
[-0.37883443]
[-0.3909344]
[-0.37883443]
[-0.37883443]
[-0.37883443]
[-0.37883443]
[-0.37883443]
[-0.37883443]
[-0.36810994]
[-0.38705963]
[-0.37883443]
[-0.37883443]
[-0.37883443]
[-0.37883443]
[-0.37883443]
[-0.37883443]
[-0.37883443]
[-0.37883443]
[-0.37883443]
[-0.37883443]
[-0.37883443]
[-0.37883443]
[-0.37883443]
[-0.37883443]
[-0.37883443]
[-0.37883443]
[-0.41174185]
[-0.3845348]
[-0.37883443]
[-0.37883443]
[-0.37883443]
[-0.37883443]
[-0.37883443]
[-0.37883443]
[-0.4042681]
[-0.37883443]
[-0.37883443]
[-0.37883443]
[-0.37883443]
[-0.37883443]
[-0.37883443]
[-0.37883443]
[-0.37883443]
[-0.37883443]
[-0.37883443]
[-0.37883443]
[-0.37883443]
[-0.37883443]
[-0.37313938]
[-0.37883443]
[-0.37883443]
[-0.37883443]
[-0.37883443]
[-0.37883443]
[-0.37883443]
[-0.37883443]
[-0.37883443]
[-0.37883443]
[-0.37883443]
[-0.37883443]
[-0.37883443]
[-0.37883443]
[-0.39184913]
[-0.37883443]
[-0.37883443]
[-0.37883443]
[-0.37883443]
[-0.37883443]
[-0.37883443]
[-0.37883443]
[-0.37883443]
[-0.37883443]
[-0.37883443]
[-0.37883443]
[-0.37883443]
[-0.37883443]
[-0.37883443]
[-0.37883443]
[-0.37883443]
[-0.37883443]
[-0.37883443]
[-0.37883443]
[-0.38248274]
[-0.37883443]
[-0.37883443]
[-0.37883443]
[-0.37883443]
[-0.37883443]
[-0.37883443]
[-0.37883443]
[-0.37883443]
[-0.37883443]
[-0.37883443]
[-0.37883443]
[-0.37883443]
[-0.37883443]
[-0.41092753]
[-0.37883443]
[-0.37883443]
[-0.37883443]
[-0.37883443]
[-0.37883443]
[-0.37883443]
[-0.37883443]
[-0.37883443]
[-0.37883443]
[-0.37883443]
[-0.37883443]
[-0.37883443]
[-0.37883443]
[-0.37883443]
[-0.37883443]
[-0.39489365]
[-0.37883443]
[-0.37883443]
[-0.37883443]
[-0.37883443]
[-0.37883443]
[-0.37883443]
[-0.37883443]
[-0.37883443]
[-0.37883443]
[-0.37883443]
[-0.37883443]
[-0.37883443]
[-0.37883443]
[-0.37883443]
[-0.37883443]
[-0.37883443]
[-0.37883443]
[-0.38796675]
[-0.37883443]
[-0.37883443]
[-0.35190678]
[-0.3955822]
[-0.37883443]
[-0.37883443]
[-0.37883443]
[-0.37883443]
[-0.37883443]
[-0.37883443]
[-0.37883443]
[-0.37883443]
[-0.37883443]
[-0.37883443]
[-0.37883443]
[-0.37883443]
[-0.37883443]
[-0.37883443]
[-0.37883443]
[-0.37883443]
[-0.37883443]
[-0.37883443]
[-0.37883443]
[-0.37883443]
[-0.37883443]
[-0.3850058]
[-0.37883443]
[-0.38206708]
[-0.37883443]
[-0.37883443]
[-0.37883443]
[-0.37883443]
[-0.37883443]
[-0.37883443]
[-0.37883443]
[-0.38431194]
[-0.37883443]
[-0.37883443]
[-0.37883443]
[-0.37883443]
[-0.37883443]
[-0.37883443]
[-0.37774155]
[-0.37883443]
[-0.37883443]
[-0.37883443]
[-0.37883443]
[-0.37883443]
[-0.37883443]
[-0.37883443]
[-0.37883443]
[-0.37334102]
[-0.37883443]
[-0.37883443]
[-0.37883443]
[-0.37883443]
[-0.3913133]
[-0.37883443]
[-0.37883443]
[-0.37883443]
[-0.37883443]
[-0.37883443]
[-0.3564699]
[-0.37883443]
[-0.37883443]
[-0.37883443]
[-0.37883443]
[-0.37883443]
[-0.37883443]
[-0.37883443]
[-0.37883443]
[-0.37883443]
[-0.37883443]
[-0.37883443]
[-0.37883443]
[-0.37883443]
[-0.35763657]
[-0.37883443]
[-0.37883443]
[-0.37883443]
[-0.37883443]
[-0.40347221]
[-0.37883443]
[-0.37883443]
[-0.37883443]
[-0.37883443]
[-0.37883443]
[-0.37883443]
[-0.37883443]
[-0.37883443]
[-0.3676512]
[-0.37883443]
[-0.37883443]
[-0.37883443]
[-0.3499074]
[-0.37883443]
[-0.37883443]
[-0.37883443]
[-0.37883443]
[-0.37883443]
[-0.40074623]
[-0.37883443]
[-0.37883443]
[-0.37883443]
[-0.37883443]
[-0.37883443]
[-0.37883443]
[-0.37883443]
[-0.37883443]
[-0.37883443]
[-0.37883443]
[-0.37883443]
[-0.37883443]
[-0.38222367]
[-0.37883443]
[-0.37883443]
[-0.37883443]
[-0.37883443]
[-0.37883443]
[-0.37883443]
[-0.37883443]
[-0.37883443]
[-0.37883443]
[-0.37883443]
[-0.37883443]
[-0.37883443]
[-0.37883443]
[-0.37883443]
[-0.37883443]
[-0.37883443]
[-0.37883443]
[-0.37883443]
[-0.37883443]
[-0.37883443]
[-0.37883443]
[-0.37883443]
[-0.37883443]
[-0.37883443]
[-0.37883443]
[-0.37883443]
[-0.35426363]
[-0.37883443]
[-0.38423055]
[-0.37883443]
[-0.37883443]
[-0.37883443]
[-0.37883443]
[-0.37883443]
[-0.37883443]
[-0.37883443]
[-0.37883443]
[-0.37883443]
[-0.37883443]
[-0.37883443]
[-0.37883443]
[-0.37883443]
[-0.37883443]
[-0.37883443]
[-0.37883443]
[-0.37883443]
[-0.37883443]
[-0.37883443]
[-0.37883443]
[-0.37883443]
[-0.37883443]
[-0.37883443]
[-0.37883443]
[-0.37883443]
[-0.37883443]
[-0.37883443]
[-0.37883443]
[-0.37883443]
[-0.37883443]
[-0.37883443]
[-0.35919785]
[-0.37883443]
[-0.37883443]
[-0.37883443]
[-0.37883443]
[-0.37883443]
[-0.37883443]
[-0.37883443]
[-0.37883443]
[-0.37883443]
[-0.37883443]
[-0.37883443]
[-0.37883443]
[-0.37883443]
[-0.37883443]
[-0.37883443]
[-0.37883443]
[-0.37883443]
[-0.37883443]
[-0.3894444]
[-0.37883443]
[-0.37883443]
[-0.37883443]
[-0.37883443]
[-0.37883443]
[-0.38840312]
[-0.37883443]
[-0.37883443]
[-0.37883443]
[-0.37883443]
[-0.37883443]
[-0.37883443]
[-0.39049825]
[-0.37883443]
[-0.39661437]
[-0.37883443]
[-0.37883443]
[-0.37883443]
[-0.37883443]
[-0.37883443]
[-0.37883443]
[-0.37883443]
[-0.37883443]
[-0.37883443]
[-0.37883443]
[-0.37883443]
[-0.37883443]
[-0.37883443]
[-0.37883443]
[-0.37883443]
[-0.37883443]
[-0.37883443]
[-0.37883443]
[-0.37883443]
[-0.37883443]
[-0.37883443]
[-0.37883443]
[-0.37883443]
[-0.37883443]
[-0.37883443]
[-0.37883443]
[-0.37883443]
[-0.37883443]
[-0.37883443]
[-0.37883443]
[-0.37883443]
[-0.37883443]
[-0.37883443]
[-0.37883443]
[-0.37883443]
[-0.37883443]
[-0.37883443]
[-0.39249772]
[-0.37883443]
[-0.37883443]
[-0.37883443]
[-0.37883443]
[-0.37883443]
[-0.37883443]
[-0.37883443]
[-0.37883443]
[-0.40590265]
[-0.37883443]
[-0.37883443]
[-0.37883443]
[-0.37883443]
[-0.37883443]
[-0.37883443]
[-0.37883443]
[-0.37883443]
[-0.37883443]
[-0.37883443]
[-0.37883443]
[-0.37883443]
[-0.37883443]
[-0.39008844]
[-0.37883443]
[-0.37883443]
[-0.37883443]
[-0.3862688]
[-0.38246948]
[-0.39020947]
[-0.37883443]
[-0.37883443]
[-0.37883443]
[-0.37883443]
[-0.37883443]
[-0.37883443]
[-0.37883443]
[-0.39182317]
[-0.37883443]
[-0.37883443]
[-0.37883443]
[-0.37883443]
[-0.37883443]
[-0.3805229]
[-0.37983114]
[-0.37883443]
[-0.37883443]
[-0.37883443]
[-0.37883443]
[-0.35891563]
[-0.37883443]
[-0.37883443]
[-0.37883443]
[-0.37883443]
[-0.37883443]
[-0.37883443]
[-0.37883443]
[-0.37883443]
[-0.37883443]
[-0.37883443]
[-0.37883443]
[-0.37883443]
[-0.37883443]
[-0.37883443]
[-0.37883443]
[-0.37883443]
[-0.38700548]
[-0.37883443]
[-0.37883443]
[-0.37883443]
[-0.37883443]
[-0.37883443]
[-0.37883443]
[-0.37883443]
[-0.37883443]
[-0.37883443]
[-0.37883443]
[-0.37883443]
[-0.37883443]
[-0.37883443]
[-0.37883443]
[-0.37883443]
[-0.37883443]
[-0.37883443]
[-0.37883443]
[-0.37480837]
[-0.37883443]
[-0.37883443]
[-0.37883443]
[-0.37883443]
[-0.37883443]
[-0.37883443]
[-0.37883443]
[-0.37883443]
[-0.37883443]
[-0.37883443]
[-0.37883443]
[-0.37883443]
[-0.37883443]
[-0.37883443]
[-0.37883443]
[-0.37883443]
[-0.37883443]
[-0.38083035]
[-0.37883443]
[-0.37883443]
[-0.37883443]
[-0.37883443]
[-0.37883443]
[-0.37883443]
[-0.37883443]
[-0.37883443]
[-0.37883443]
[-0.37883443]
[-0.37883443]
[-0.37883443]
[-0.37883443]
[-0.37883443]
[-0.37883443]
[-0.37883443]
[-0.37883443]
[-0.37883443]
[-0.37883443]
[-0.37883443]
[-0.38123152]
[-0.3863539]
[-0.37883443]
[-0.37883443]
[-0.37883443]
[-0.37883443]
[-0.37883443]
[-0.37883443]
[-0.40150854]
[-0.37883443]
[-0.37883443]
[-0.37883443]
[-0.37883443]
[-0.37883443]
[-0.37883443]
[-0.37883443]
[-0.37883443]
[-0.37883443]
[-0.37883443]
[-0.37883443]
[-0.37883443]
[-0.35417092]
[-0.37883443]
[-0.37883443]
[-0.37883443]
[-0.37883443]
[-0.37883443]
[-0.37883443]
[-0.37883443]
[-0.37883443]
[-0.37883443]
[-0.37883443]
[-0.37883443]
[-0.37883443]
[-0.37883443]
[-0.37883443]
[-0.37883443]
[-0.37883443]
[-0.37883443]
[-0.37883443]
[-0.37883443]
[-0.37883443]
[-0.37883443]
[-0.37883443]
[-0.37883443]
[-0.37883443]
[-0.37883443]
[-0.37883443]
[-0.37883443]
[-0.37883443]
[-0.37883443]
[-0.37883443]
[-0.37883443]
[-0.37883443]
[-0.37883443]
[-0.37883443]
[-0.37883443]
[-0.37883443]
[-0.37883443]
[-0.37883443]
[-0.38083035]
[-0.37883443]
[-0.37883443]
[-0.37883443]
[-0.37883443]
[-0.37883443]
[-0.37883443]
[-0.37883443]
[-0.37883443]
[-0.37883443]
[-0.37883443]
[-0.37883443]
[-0.37883443]
[-0.37883443]
[-0.37883443]
[-0.37883443]
[-0.37883443]
[-0.37883443]
[-0.37883443]
[-0.37883443]
[-0.37883443]
[-0.37883443]
[-0.37883443]
[-0.37883443]
[-0.37883443]
[-0.37883443]
[-0.37883443]
[-0.3990597]
[-0.37883443]
[-0.39295053]
[-0.37883443]
[-0.37883443]
[-0.37883443]
[-0.40679643]
[-0.37883443]
[-0.37552962]
[-0.37883443]
[-0.37883443]
[-0.37883443]
[-0.37883443]
[-0.37883443]
[-0.37883443]
[-0.3856772]
[-0.37883443]
[-0.37974754]
[-0.37883443]
[-0.37883443]
[-0.37883443]
[-0.37883443]
[-0.37883443]
[-0.37883443]
[-0.37883443]
[-0.37883443]
[-0.37883443]
[-0.37883443]
[-0.37883443]
[-0.37883443]
[-0.37883443]
[-0.3568823]
[-0.37883443]
[-0.37883443]
[-0.37883443]
[-0.37883443]
[-0.37883443]
[-0.37883443]
[-0.3460812]
[-0.37883443]
[-0.37883443]
[-0.37883443]
[-0.37883443]
[-0.37883443]
[-0.37883443]
[-0.37883443]
[-0.37883443]
[-0.37883443]
[-0.37883443]
[-0.37883443]
[-0.37883443]
[-0.37883443]
[-0.37883443]
[-0.37883443]
[-0.37883443]
[-0.37883443]
[-0.37883443]
[-0.3773794]
[-0.37883443]
[-0.3911634]
[-0.37883443]
[-0.37883443]
[-0.37883443]
[-0.37883443]
[-0.37883443]
[-0.37883443]
[-0.37883443]
[-0.37883443]
[-0.37883443]
[-0.37883443]
[-0.37883443]
[-0.37883443]
[-0.37883443]
[-0.37883443]
[-0.37883443]
[-0.37883443]
[-0.37883443]
[-0.37883443]
[-0.37883443]
[-0.37883443]
[-0.37883443]
[-0.37883443]
[-0.37883443]
[-0.3887209]
[-0.37883443]
[-0.37883443]
[-0.35873318]
[-0.37883443]
[-0.37883443]
[-0.3804992]
[-0.39923143]
[-0.37883443]
[-0.37883443]
[-0.37263095]
[-0.37883443]
[-0.37883443]
[-0.36589125]
[-0.37883443]
[-0.37883443]
[-0.37883443]
[-0.37883443]
[-0.37883443]
[-0.37883443]
[-0.37883443]
[-0.37883443]
[-0.37883443]
[-0.37883443]
[-0.37883443]
[-0.37883443]
[-0.37883443]
[-0.37883443]
[-0.37883443]
[-0.37883443]
[-0.37883443]
[-0.37883443]
[-0.37883443]
[-0.37883443]
[-0.33389086]
[-0.37883443]
[-0.37883443]
[-0.37883443]
[-0.37883443]
[-0.37883443]
[-0.37883443]
[-0.37883443]
[-0.37883443]
[-0.37883443]
[-0.37883443]
[-0.37883443]
[-0.37883443]
[-0.37883443]
[-0.37883443]
[-0.37883443]
[-0.37883443]
[-0.37883443]
[-0.37883443]
[-0.37883443]
[-0.37883443]
[-0.37883443]
[-0.37883443]
[-0.37883443]
[-0.37883443]
[-0.37883443]
[-0.40627968]
[-0.37883443]
[-0.37883443]
[-0.37883443]
[-0.36589888]
[-0.37883443]
[-0.37883443]
[-0.37883443]
[-0.37883443]
[-0.37883443]
[-0.37883443]
[-0.37883443]
[-0.37883443]
[-0.37883443]
[-0.37883443]
[-0.40342134]
[-0.37883443]
[-0.37883443]
[-0.3871566]
[-0.37883443]
[-0.37883443]
[-0.37883443]
[-0.37883443]
[-0.37883443]
[-0.34852082]
[-0.37883443]
[-0.37883443]
[-0.37883443]
[-0.37883443]
[-0.37883443]
[-0.37883443]
[-0.37883443]
[-0.37883443]
[-0.37883443]
[-0.37883443]
[-0.37883443]
[-0.37883443]
[-0.37883443]
[-0.37883443]
[-0.37883443]
[-0.35603178]
[-0.37883443]
[-0.38202107]
[-0.37883443]
[-0.39306295]
[-0.37883443]
[-0.37883443]
[-0.37883443]
[-0.37883443]
[-0.37883443]
[-0.3965575]
[-0.37883443]
[-0.37883443]
[-0.37883443]
[-0.37883443]
[-0.37883443]
[-0.37883443]
[-0.37883443]
[-0.37883443]
[-0.37883443]
[-0.37883443]
[-0.37883443]
[-0.37883443]
[-0.37883443]
[-0.37883443]
[-0.37883443]
[-0.37883443]
[-0.37883443]
[-0.37883443]
[-0.37883443]
[-0.37883443]
[-0.37883443]
[-0.37883443]
[-0.39253235]
[-0.3554473]
[-0.37883443]
[-0.39984012]
[-0.37883443]
[-0.37883443]
[-0.37883443]
[-0.37883443]
[-0.37883443]
[-0.37883443]
[-0.37883443]
[-0.37883443]
[-0.37883443]
[-0.37883443]
[-0.37883443]
[-0.38083035]
[-0.3834269]
[-0.37883443]
[-0.37690383]
[-0.37883443]
[-0.37883443]
[-0.37883443]
[-0.37883443]
[-0.37883443]
[-0.37883443]
[-0.37883443]
[-0.37883443]
[-0.37883443]
[-0.37883443]
[-0.37883443]
[-0.37883443]
[-0.42955002]
[-0.36935833]
[-0.37883443]
[-0.37883443]
[-0.37883443]
[-0.40998352]
[-0.37883443]
[-0.37883443]
[-0.37883443]
[-0.33917618]
[-0.37883443]
[-0.37883443]
[-0.37883443]
[-0.3919239]
[-0.38820833]
[-0.37883443]
[-0.37883443]
[-0.38653666]
[-0.37883443]
[-0.37883443]
[-0.37883443]
[-0.37883443]
[-0.37883443]
[-0.40374145]
[-0.37883443]
[-0.37883443]
[-0.37883443]
[-0.37883443]
[-0.37883443]
[-0.37883443]
[-0.37883443]
[-0.37883443]
[-0.37883443]
[-0.37883443]
[-0.37883443]
[-0.37883443]
[-0.37883443]
[-0.37883443]
[-0.37883443]
[-0.37976232]
[-0.37883443]
[-0.37883443]
[-0.37883443]
[-0.37342855]
[-0.37883443]
[-0.37883443]
[-0.37883443]
[-0.37883443]
[-0.37883443]
[-0.37883443]
[-0.37883443]
[-0.37883443]
[-0.39608058]
[-0.37883443]
[-0.37883443]
[-0.37883443]
[-0.37883443]
[-0.37883443]
[-0.37883443]
[-0.4020365]
[-0.37883443]
[-0.37883443]
[-0.39513996]
[-0.37883443]
[-0.37883443]
[-0.39173383]
[-0.37883443]
[-0.37883443]
[-0.37883443]
[-0.37883443]
[-0.37883443]
[-0.37883443]
[-0.37883443]
[-0.37883443]
[-0.37883443]
[-0.37883443]
[-0.37883443]
[-0.37883443]
[-0.37883443]
[-0.37883443]
[-0.37883443]
[-0.37883443]
[-0.37883443]
[-0.37883443]
[-0.37883443]
[-0.37883443]
[-0.37883443]
[-0.37883443]
[-0.37883443]
[-0.38669288]
[-0.37883443]
[-0.37883443]
[-0.37883443]
[-0.37883443]
[-0.37883443]
[-0.37883443]
[-0.37883443]
[-0.37883443]
[-0.37883443]
[-0.37883443]
[-0.3978968]
[-0.37883443]
[-0.37883443]
[-0.37883443]
[-0.37883443]
[-0.37883443]
[-0.37883443]
[-0.37883443]
[-0.37883443]
[-0.37883443]
[-0.37883443]
[-0.37883443]
[-0.37883443]
[-0.36677766]
[-0.36677766]
[-0.36677766]
[-0.36677766]
[-0.37355435]
[-0.36677766]
[-0.36677766]
[-0.36677766]
[-0.3737657]
[-0.36677766]
[-0.36677766]
[-0.36677766]
[-0.36677766]
[-0.36677766]
[-0.38118246]
[-0.36677766]
[-0.36677766]
[-0.36500618]
[-0.36677766]
[-0.36677766]
[-0.3882291]
[-0.36677766]
[-0.36677766]
[-0.36677766]
[-0.36677766]
[-0.36677766]
[-0.36677766]
[-0.36677766]
[-0.36677766]
[-0.36677766]
[-0.36677766]
[-0.36677766]
[-0.36677766]
[-0.36677766]
[-0.36677766]
[-0.36677766]
[-0.36677766]
[-0.36677766]
[-0.36677766]
[-0.36677766]
[-0.36677766]
[-0.36677766]
[-0.36677766]
[-0.36677766]
[-0.36677766]
[-0.36677766]
[-0.36677766]
[-0.36677766]
[-0.36677766]
[-0.36677766]
[-0.33738804]
[-0.36677766]
[-0.36677766]
[-0.36677766]
[-0.36677766]
[-0.36677766]
[-0.36677766]
[-0.36677766]
[-0.36677766]
[-0.36677766]
[-0.36677766]
[-0.36677766]
[-0.36677766]
[-0.36677766]
[-0.36677766]
[-0.36677766]
[-0.36677766]
[-0.36677766]
[-0.36677766]
[-0.36677766]
[-0.36677766]
[-0.36677766]
[-0.36677766]
[-0.36677766]
[-0.36677766]
[-0.36677766]
[-0.36677766]
[-0.36677766]
[-0.36677766]
[-0.36677766]
[-0.36677766]
[-0.36677766]
[-0.36677766]
[-0.36677766]
[-0.36677766]
[-0.36677766]
[-0.36677766]
[-0.36677766]
[-0.36677766]
[-0.36677766]
[-0.36677766]
[-0.36677766]
[-0.36677766]
[-0.36677766]
[-0.36677766]
[-0.36677766]
[-0.36677766]
[-0.36677766]
[-0.3772613]
[-0.36677766]
[-0.36677766]
[-0.36677766]
[-0.36677766]
[-0.36677766]
[-0.36677766]
[-0.36677766]
[-0.36677766]
[-0.36677766]
[-0.38607475]
[-0.36677766]
[-0.36677766]
[-0.36677766]
[-0.36677766]
[-0.36677766]
[-0.36677766]
[-0.36677766]
[-0.36677766]
[-0.36677766]
[-0.36677766]
[-0.36677766]
[-0.36677766]
[-0.36677766]
[-0.36677766]
[-0.3611753]
[-0.3878817]
[-0.36677766]
[-0.36677766]
[-0.36677766]
[-0.36677766]
[-0.36677766]
[-0.36677766]
[-0.39546892]
[-0.36677766]
[-0.36677766]
[-0.36677766]
[-0.36677766]
[-0.36677766]
[-0.38580534]
[-0.36677766]
[-0.36677766]
[-0.36677766]
[-0.36677766]
[-0.36677766]
[-0.36677766]
[-0.36677766]
[-0.36677766]
[-0.36677766]
[-0.36677766]
[-0.36677766]
[-0.36677766]
[-0.3833068]
[-0.36677766]
[-0.3793848]
[-0.37099046]
[-0.38274077]
[-0.36677766]
[-0.36677766]
[-0.36677766]
[-0.36677766]
[-0.36677766]
[-0.36677766]
[-0.36677766]
[-0.36677766]
[-0.36677766]
[-0.36677766]
[-0.36677766]
[-0.36677766]
[-0.36677766]
[-0.36677766]
[-0.36677766]
[-0.39505073]
[-0.36677766]
[-0.38652712]
[-0.36677766]
[-0.36677766]
[-0.36677766]
[-0.36677766]
[-0.3657157]
[-0.36677766]
[-0.36677766]
[-0.36677766]
[-0.36677766]
[-0.36677766]
[-0.36677766]
[-0.36677766]
[-0.36677766]
[-0.36677766]
[-0.36677766]
[-0.38932216]
[-0.36677766]
[-0.36677766]
[-0.36677766]
[-0.36677766]
[-0.36677766]
[-0.36677766]
[-0.36677766]
[-0.36677766]
[-0.36677766]
[-0.36677766]
[-0.37698376]
[-0.36677766]
[-0.36677766]
[-0.35496157]
[-0.36677766]
[-0.36677766]
[-0.36677766]
[-0.36677766]
[-0.3695411]
[-0.36677766]
[-0.36677766]
[-0.36677766]
[-0.36677766]
[-0.36677766]
[-0.36677766]
[-0.36677766]
[-0.36677766]
[-0.36677766]
[-0.36677766]
[-0.36677766]
[-0.36677766]
[-0.36677766]
[-0.36677766]
[-0.36677766]
[-0.36677766]
[-0.36677766]
[-0.36677766]
[-0.38469738]
[-0.36677766]
[-0.36677766]
[-0.36677766]
[-0.36677766]
[-0.36677766]
[-0.36677766]
[-0.36677766]
[-0.36677766]
[-0.36677766]
[-0.36677766]
[-0.36677766]
[-0.36677766]
[-0.36677766]
[-0.36677766]
[-0.36677766]
[-0.36677766]
[-0.36677766]
[-0.36677766]
[-0.36677766]
[-0.36677766]
[-0.36677766]
[-0.36677766]
[-0.36677766]
[-0.36677766]
[-0.3725407]
[-0.36677766]
[-0.33818498]
[-0.36677766]
[-0.36677766]
[-0.32740563]
[-0.36677766]
[-0.36677766]
[-0.36677766]
[-0.36677766]
[-0.36677766]
[-0.36677766]
[-0.36677766]
[-0.36677766]
[-0.37345243]
[-0.36677766]
[-0.36677766]
[-0.36677766]
[-0.36677766]
[-0.36677766]
[-0.36677766]
[-0.36677766]
[-0.36677766]
[-0.38844356]
[-0.36677766]
[-0.36677766]
[-0.36677766]
[-0.36677766]
[-0.36677766]
[-0.36677766]
[-0.36677766]
[-0.36677766]
[-0.36677766]
[-0.36677766]
[-0.36677766]
[-0.36677766]
[-0.36677766]
[-0.36677766]
[-0.36677766]
[-0.36677766]
[-0.36677766]
[-0.36677766]
[-0.30498737]
[-0.36677766]
[-0.36677766]
[-0.36677766]
[-0.36677766]
[-0.36677766]
[-0.36677766]
[-0.36677766]
[-0.36677766]
[-0.36677766]
[-0.36677766]
[-0.36677766]
[-0.36677766]
[-0.36677766]
[-0.36677766]
[-0.36677766]
[-0.36677766]
[-0.36677766]
[-0.36677766]
[-0.36677766]
[-0.36677766]
[-0.36677766]
[-0.36677766]
[-0.370682]
[-0.36677766]
[-0.36677766]
[-0.36677766]
[-0.36677766]
[-0.36677766]
[-0.36677766]
[-0.36677766]
[-0.36677766]
[-0.36677766]
[-0.36677766]
[-0.373097]
[-0.36677766]
[-0.36677766]
[-0.36677766]
[-0.40883368]
[-0.36677766]
[-0.36677766]
[-0.36677766]
[-0.30938345]
[-0.36677766]
[-0.38641125]
[-0.36677766]
[-0.36677766]
[-0.36677766]
[-0.36677766]
[-0.36677766]
[-0.36677766]
[-0.36677766]
[-0.36677766]
[-0.35904044]
[-0.36677766]
[-0.36677766]
[-0.36677766]
[-0.36677766]
[-0.36677766]
[-0.36677766]
[-0.36677766]
[-0.36677766]
[-0.36677766]
[-0.36677766]
[-0.36677766]
[-0.36677766]
[-0.36677766]
[-0.36677766]
[-0.36677766]
[-0.36677766]
[-0.36677766]
[-0.36677766]
[-0.36677766]
[-0.36677766]
[-0.36677766]
[-0.36677766]
[-0.36677766]
[-0.36677766]
[-0.36677766]
[-0.36677766]
[-0.3469235]
[-0.36677766]
[-0.36677766]
[-0.36677766]
[-0.36677766]
[-0.36677766]
[-0.36677766]
[-0.36677766]
[-0.39525074]
[-0.36677766]
[-0.36677766]
[-0.36677766]
[-0.36677766]
[-0.37877393]
[-0.36677766]
[-0.36677766]
[-0.36677766]
[-0.36677766]
[-0.36677766]
[-0.36677766]
[-0.36677766]
[-0.36677766]
[-0.36677766]
[-0.36677766]
[-0.36677766]
[-0.36677766]
[-0.36677766]
[-0.36677766]
[-0.36677766]
[-0.36677766]
[-0.36677766]
[-0.36677766]
[-0.36677766]
[-0.36677766]
[-0.40514854]
[-0.36677766]
[-0.36677766]
[-0.36677766]
[-0.36677766]
[-0.36677766]
[-0.36677766]
[-0.36677766]
[-0.36677766]
[-0.36677766]
[-0.36677766]
[-0.36677766]
[-0.36677766]
[-0.36677766]
[-0.36677766]
[-0.36677766]
[-0.36677766]
[-0.36677766]
[-0.36677766]
[-0.36677766]
[-0.36677766]
[-0.36677766]
[-0.36677766]
[-0.36677766]
[-0.36677766]
[-0.36677766]
[-0.36677766]
[-0.36677766]
[-0.36677766]
[-0.36677766]
[-0.31679815]
[-0.36677766]
[-0.36677766]
[-0.36677766]
[-0.36677766]
[-0.36677766]
[-0.36677766]
[-0.36677766]
[-0.36677766]
[-0.36677766]
[-0.36677766]
[-0.39304915]
[-0.36677766]
[-0.36677766]
[-0.36677766]
[-0.36677766]
[-0.36677766]
[-0.36677766]
[-0.36677766]
[-0.36677766]
[-0.36677766]
[-0.36677766]
[-0.36677766]
[-0.3244434]
[-0.36677766]
[-0.36677766]
[-0.36677766]
[-0.36677766]
[-0.36677766]
[-0.36677766]
[-0.36677766]
[-0.36677766]
[-0.36677766]
[-0.3869614]
[-0.36677766]
[-0.36677766]
[-0.36677766]
[-0.36677766]
[-0.36677766]
[-0.36677766]
[-0.36677766]
[-0.36677766]
[-0.36677766]
[-0.36677766]
[-0.36677766]
[-0.387892]
[-0.36677766]
[-0.36677766]
[-0.36677766]
[-0.36633343]
[-0.36677766]
[-0.36677766]
[-0.36677766]
[-0.36677766]
[-0.36677766]
[-0.36677766]
[-0.3835736]
[-0.36677766]
[-0.36677766]
[-0.36677766]
[-0.36677766]
[-0.36677766]
[-0.36677766]
[-0.36677766]
[-0.36677766]
[-0.36677766]
[-0.36677766]
[-0.36677766]
[-0.36677766]
[-0.36677766]
[-0.36677766]
[-0.36677766]
[-0.36677766]
[-0.36677766]
[-0.36677766]
[-0.36677766]
[-0.3857584]
[-0.36677766]
[-0.36677766]
[-0.34516776]
[-0.36677766]
[-0.37345243]
[-0.36677766]
[-0.36677766]
[-0.36677766]
[-0.36113554]
[-0.36677766]
[-0.39059377]
[-0.36677766]
[-0.36677766]
[-0.36677766]
[-0.40495604]
[-0.36677766]
[-0.36677766]
[-0.36677766]
[-0.36677766]
[-0.36452192]
[-0.36677766]
[-0.36677766]
[-0.36677766]
[-0.36754832]
[-0.36677766]
[-0.36677766]
[-0.36677766]
[-0.36677766]
[-0.36677766]
[-0.36677766]
[-0.36677766]
[-0.36677766]
[-0.36677766]
[-0.36677766]
[-0.38751164]
[-0.36677766]
[-0.36677766]
[-0.36677766]
[-0.36677766]
[-0.36677766]
[-0.36677766]
[-0.3717469]
[-0.36677766]
[-0.36677766]
[-0.397246]
[-0.36677766]
[-0.36677766]
[-0.36677766]
[-0.3867299]
[-0.36677766]
[-0.36677766]
[-0.36677766]
[-0.36677766]
[-0.36677766]
[-0.36677766]
[-0.36677766]
[-0.39158517]
[-0.36677766]
[-0.36677766]
[-0.36677766]
[-0.36677766]
[-0.36677766]
[-0.36677766]
[-0.36677766]
[-0.36677766]
[-0.36677766]
[-0.36677766]
[-0.36677766]
[-0.36677766]
[-0.36677766]
[-0.36677766]
[-0.36677766]
[-0.3725265]
[-0.36677766]
[-0.3926761]
[-0.36677766]
[-0.36677766]
[-0.36677766]
[-0.36677766]
[-0.36677766]
[-0.36677766]
[-0.36677766]
[-0.36677766]
[-0.36677766]
[-0.36677766]
[-0.34605616]
[-0.36677766]
[-0.36677766]
[-0.36677766]
[-0.36677766]
[-0.36677766]
[-0.36677766]
[-0.36677766]
[-0.36677766]
[-0.36677766]
[-0.36677766]
[-0.36677766]
[-0.36677766]
[-0.36677766]
[-0.36677766]
[-0.36677766]
[-0.36677766]
[-0.36677766]
[-0.36677766]
[-0.36677766]
[-0.36677766]
[-0.36677766]
[-0.36677766]
[-0.36677766]
[-0.36677766]
[-0.36677766]
[-0.36677766]
[-0.36677766]
[-0.36677766]
[-0.37904626]
[-0.36137265]
[-0.36677766]
[-0.36677766]
[-0.36677766]
[-0.36677766]
[-0.36391556]
[-0.36677766]
[-0.36677766]
[-0.36677766]
[-0.36677766]
[-0.36677766]
[-0.36677766]
[-0.3595357]
[-0.36677766]
[-0.36677766]
[-0.36677766]
[-0.36677766]
[-0.37521255]
[-0.36677766]
[-0.37396953]
[-0.36677766]
[-0.3360818]
[-0.36677766]
[-0.36677766]
[-0.36677766]
[-0.36677766]
[-0.36677766]
[-0.36677766]
[-0.38916036]
[-0.36677766]
[-0.36677766]
[-0.36677766]
[-0.37715492]
[-0.36677766]
[-0.36677766]
[-0.36677766]
[-0.36677766]
[-0.36677766]
[-0.36677766]
[-0.38089472]
[-0.36677766]
[-0.36677766]
[-0.36677766]
[-0.36677766]
[-0.36677766]
[-0.36677766]
[-0.36677766]
[-0.36677766]
[-0.41195136]
[-0.36677766]
[-0.36677766]
[-0.36677766]
[-0.36677766]
[-0.36677766]
[-0.36677766]
[-0.38645133]
[-0.36677766]
[-0.36677766]
[-0.36677766]
[-0.36677766]
[-0.36677766]
[-0.36677766]
[-0.36677766]
[-0.36677766]
[-0.3949936]
[-0.36677766]
[-0.36677766]
[-0.36677766]
[-0.36677766]
[-0.36677766]
[-0.36677766]
[-0.36677766]
[-0.36677766]
[-0.36677766]
[-0.36677766]
[-0.38017896]
[-0.36677766]
[-0.36677766]
[-0.36677766]
[-0.36677766]
[-0.40874428]
[-0.36677766]
[-0.36677766]
[-0.36677766]
[-0.36677766]
[-0.3672302]
[-0.36677766]
[-0.38830823]
[-0.36677766]
[-0.36677766]
[-0.36677766]
[-0.36677766]
[-0.36677766]
[-0.36677766]
[-0.36677766]
[-0.36677766]
[-0.36677766]
[-0.36677766]
[-0.36677766]
[-0.36677766]
[-0.36677766]
[-0.36677766]
[-0.40327272]
[-0.36677766]
[-0.38303983]
[-0.36677766]
[-0.36677766]
[-0.36677766]
[-0.36677766]
[-0.36677766]
[-0.36677766]
[-0.36677766]
[-0.36677766]
[-0.36791068]
[-0.36677766]
[-0.36677766]
[-0.36677766]
[-0.36677766]
[-0.36677766]
[-0.36677766]
[-0.36677766]
[-0.36677766]
[-0.40256846]
[-0.36677766]
[-0.36677766]
[-0.36677766]
[-0.36677766]
[-0.27744564]
[-0.36677766]
[-0.40808278]
[-0.36677766]
[-0.36677766]
[-0.36677766]
[-0.36677766]
[-0.36677766]
[-0.36677766]
[-0.36677766]
[-0.36677766]
[-0.36677766]
[-0.36677766]
[-0.36677766]
[-0.36677766]
[-0.36677766]
[-0.36677766]
[-0.36677766]
[-0.36677766]
[-0.36677766]
[-0.36677766]
[-0.36677766]
[-0.36677766]
[-0.36677766]
[-0.3322572]
[-0.36677766]
[-0.36677766]
[-0.36677766]
[-0.37944496]
[-0.36677766]
[-0.36677766]
[-0.36677766]
[-0.36584765]
[-0.37369925]
[-0.36677766]
[-0.36677766]
[-0.36677766]
[-0.36677766]
[-0.3949784]
[-0.36677766]
[-0.36677766]
[-0.36677766]
[-0.36677766]
[-0.36677766]
[-0.36677766]
[-0.36677766]
[-0.36677766]
[-0.36677766]
[-0.36677766]
[-0.36677766]
[-0.3550353]
[-0.36677766]
[-0.36677766]
[-0.36677766]
[-0.36677766]
[-0.36677766]
[-0.36677766]
[-0.36677766]
[-0.36677766]
[-0.36677766]
[-0.36677766]
[-0.36677766]
[-0.36677766]
[-0.36677766]
[-0.36677766]
[-0.36677766]
[-0.36677766]
[-0.36677766]
[-0.36677766]
[-0.36677766]
[-0.36677766]
[-0.36677766]
[-0.36677766]
[-0.36677766]
[-0.36677766]
[-0.36677766]
[-0.36677766]
[-0.36677766]
[-0.40421417]
[-0.36677766]
[-0.36677766]
[-0.36677766]
[-0.36677766]
[-0.36677766]
[-0.36677766]
[-0.3783909]
[-0.36677766]
[-0.36677766]
[-0.36677766]
[-0.36677766]
[-0.36677766]
[-0.36677766]
[-0.36677766]
[-0.36677766]
[-0.36677766]
[-0.36677766]
[-0.36677766]
[-0.39648122]
[-0.36677766]
[-0.36677766]
[-0.36677766]
[-0.36677766]
[-0.36677766]
[-0.36677766]
[-0.37345243]
[-0.36677766]
[-0.36677766]
[-0.36677766]
[-0.36677766]
[-0.36677766]
[-0.36677766]
[-0.36677766]
[-0.39081395]
[-0.36677766]
[-0.36677766]
[-0.38374934]
[-0.36677766]
[-0.36677766]
[-0.36677766]
[-0.36677766]
[-0.36677766]
[-0.36677766]
[-0.36677766]
[-0.36677766]
[-0.36677766]
[-0.36677766]
[-0.36677766]
[-0.36677766]
[-0.37029973]
[-0.36677766]
[-0.36677766]
[-0.36677766]
[-0.36677766]
[-0.36677766]
[-0.36677766]
[-0.36677766]
[-0.36677766]
[-0.36677766]
[-0.39878953]
[-0.36677766]
[-0.36677766]
[-0.37943074]
[-0.36677766]
[-0.36677766]
[-0.36677766]
[-0.36677766]
[-0.36677766]
[-0.36677766]
[-0.36677766]
[-0.36677766]
[-0.36677766]
[-0.36677766]
[-0.36677766]
[-0.36677766]
[-0.36677766]
[-0.36677766]
[-0.36677766]
[-0.36677766]
[-0.36677766]
[-0.36677766]
[-0.37570193]
[-0.36677766]
[-0.36677766]
[-0.36677766]
[-0.36677766]
[-0.37658766]
[-0.36677766]
[-0.36677766]
[-0.36677766]
[-0.36677766]
[-0.36677766]
[-0.35852134]
[-0.37115705]
[-0.36677766]
[-0.36677766]
[-0.36677766]
[-0.38879666]
[-0.36677766]
[-0.3953728]
[-0.36677766]
[-0.36677766]
[-0.36677766]
[-0.36677766]
[-0.32333207]
[-0.36677766]
[-0.36677766]
[-0.39828002]
[-0.36677766]
[-0.36677766]
[-0.36677766]
[-0.36677766]
[-0.37413102]
[-0.36677766]
[-0.36677766]
[-0.36677766]
[-0.36677766]
[-0.36677766]
[-0.36677766]
[-0.36677766]
[-0.36677766]
[-0.36677766]
[-0.36677766]
[-0.36677766]
[-0.36677766]
[-0.39524138]
[-0.36681342]
[-0.36677766]
[-0.36677766]
[-0.36677766]
[-0.36677766]
[-0.36677766]
[-0.36677766]
[-0.36677766]
[-0.36677766]
[-0.3914752]
[-0.36677766]
[-0.36677766]
[-0.36677766]
[-0.36677766]
[-0.36677766]
[-0.36677766]
[-0.36677766]
[-0.36677766]
[-0.36677766]
[-0.4002123]
[-0.36677766]
[-0.38006318]
[-0.36677766]
[-0.36677766]
[-0.36677766]
[-0.36677766]
[-0.36677766]
[-0.36677766]
[-0.36677766]
[-0.36677766]
[-0.36677766]
[-0.36677766]
[-0.36677766]
[-0.36677766]
[-0.36677766]
[-0.36677766]
[-0.36677766]
[-0.36677766]
[-0.37827528]
[-0.38146245]
[-0.37878013]
[-0.37878013]
[-0.37878013]
[-0.37878013]
[-0.37878013]
[-0.37878013]
[-0.37878013]
[-0.37878013]
[-0.37878013]
[-0.37878013]
[-0.37878013]
[-0.37878013]
[-0.37878013]
[-0.37878013]
[-0.36509067]
[-0.37878013]
[-0.37878013]
[-0.37878013]
[-0.37878013]
[-0.37878013]
[-0.37878013]
[-0.37878013]
[-0.37878013]
[-0.37878013]
[-0.37878013]
[-0.36121893]
[-0.37878013]
[-0.37878013]
[-0.37878013]
[-0.37878013]
[-0.37878013]
[-0.37878013]
[-0.37878013]
[-0.37878013]
[-0.37878013]
[-0.37878013]
[-0.37878013]
[-0.37878013]
[-0.37878013]
[-0.37878013]
[-0.37878013]
[-0.37878013]
[-0.37878013]
[-0.37878013]
[-0.37878013]
[-0.37878013]
[-0.37878013]
[-0.37878013]
[-0.37878013]
[-0.37878013]
[-0.37878013]
[-0.37878013]
[-0.37878013]
[-0.37878013]
[-0.37878013]
[-0.37878013]
[-0.37878013]
[-0.37878013]
[-0.37878013]
[-0.37878013]
[-0.37596834]
[-0.37878013]
[-0.37878013]
[-0.37878013]
[-0.37878013]
[-0.37878013]
[-0.37878013]
[-0.37878013]
[-0.37878013]
[-0.37878013]
[-0.37878013]
[-0.37878013]
[-0.37878013]
[-0.37878013]
[-0.37878013]
[-0.37878013]
[-0.37878013]
[-0.37878013]
[-0.37878013]
[-0.37878013]
[-0.37878013]
[-0.37878013]
[-0.37878013]
[-0.37878013]
[-0.37878013]
[-0.37878013]
[-0.37878013]
[-0.37878013]
[-0.37878013]
[-0.37878013]
[-0.37878013]
[-0.37878013]
[-0.37878013]
[-0.37878013]
[-0.37878013]
[-0.37878013]
[-0.37878013]
[-0.37878013]
[-0.37878013]
[-0.37878013]
[-0.37878013]
[-0.37878013]
[-0.37878013]
[-0.37878013]
[-0.37878013]
[-0.37878013]
[-0.37878013]
[-0.37878013]
[-0.37878013]
[-0.37878013]
[-0.37878013]
[-0.37878013]
[-0.37878013]
[-0.37878013]
[-0.37878013]
[-0.37878013]
[-0.37878013]
[-0.37878013]
[-0.37878013]
[-0.37878013]
[-0.37878013]
[-0.37878013]
[-0.37878013]
[-0.37878013]
[-0.37878013]
[-0.37878013]
[-0.37202474]
[-0.37878013]
[-0.37878013]
[-0.37878013]
[-0.37878013]
[-0.37878013]
[-0.37878013]
[-0.37878013]
[-0.37878013]
[-0.37878013]
[-0.37878013]
[-0.37878013]
[-0.37878013]
[-0.3718355]
[-0.37878013]
[-0.37878013]
[-0.38021046]
[-0.37878013]
[-0.37878013]
[-0.37878013]
[-0.37878013]
[-0.37878013]
[-0.37878013]
[-0.37878013]
[-0.37878013]
[-0.37878013]
[-0.37878013]
[-0.37878013]
[-0.31223702]
[-0.37878013]
[-0.37878013]
[-0.37878013]
[-0.37878013]
[-0.37878013]
[-0.37878013]
[-0.37878013]
[-0.37878013]
[-0.37878013]
[-0.37878013]
[-0.37878013]
[-0.33635873]
[-0.37878013]
[-0.37878013]
[-0.37878013]
[-0.37878013]
[-0.37878013]
[-0.37878013]
[-0.37878013]
[-0.37878013]
[-0.37878013]
[-0.37878013]
[-0.37878013]
[-0.37878013]
[-0.37878013]
[-0.37878013]
[-0.2801185]
[-0.37878013]
[-0.37878013]
[-0.37878013]
[-0.37878013]
[-0.35674477]
[-0.37878013]
[-0.33332133]
[-0.37878013]
[-0.37878013]
[-0.37878013]
[-0.37878013]
[-0.37264833]
[-0.36411145]
[-0.37878013]
[-0.37878013]
[-0.37878013]
[-0.37878013]
[-0.28123993]
[-0.37878013]
[-0.37878013]
[-0.37878013]
[-0.37878013]
[-0.37878013]
[-0.37878013]
[-0.37878013]
[-0.37878013]
[-0.37878013]
[-0.3486113]
[-0.37878013]
[-0.37878013]
[-0.37878013]
[-0.37878013]
[-0.37878013]
[-0.37878013]
[-0.37878013]
[-0.37878013]
[-0.37878013]
[-0.37878013]
[-0.37878013]
[-0.37878013]
[-0.37878013]
[-0.37878013]
[-0.37878013]
[-0.37878013]
[-0.37878013]
[-0.3833863]
[-0.37878013]
[-0.37878013]
[-0.37878013]
[-0.37878013]
[-0.37878013]
[-0.37878013]
[-0.37878013]
[-0.37878013]
[-0.37878013]
[-0.3552514]
[-0.37878013]
[-0.37878013]
[-0.37878013]
[-0.37878013]
[-0.37878013]
[-0.37878013]
[-0.37878013]
[-0.3833863]
[-0.37878013]
[-0.37878013]
[-0.37878013]
[-0.37878013]
[-0.37878013]
[-0.2885382]
[-0.37878013]
[-0.37878013]
[-0.37878013]
[-0.37878013]
[-0.25612006]
[-0.37878013]
[-0.37878013]
[-0.37878013]
[-0.38973665]
[-0.37878013]
[-0.37878013]
[-0.37878013]
[-0.3020658]
[-0.37878013]
[-0.37878013]
[-0.37878013]
[-0.37878013]
[-0.37878013]
[-0.37878013]
[-0.37878013]
[-0.37878013]
[-0.37878013]
[-0.37878013]
[-0.37878013]
[-0.37878013]
[-0.37878013]
[-0.37878013]
[-0.37878013]
[-0.37398514]
[-0.37878013]
[-0.37878013]
[-0.37878013]
[-0.37878013]
[-0.37878013]
[-0.37878013]
[-0.37878013]
[-0.37878013]
[-0.37878013]
[-0.37878013]
[-0.37878013]
[-0.37878013]
[-0.37878013]
[-0.37878013]
[-0.3523172]
[-0.37878013]
[-0.37878013]
[-0.37878013]
[-0.37878013]
[-0.37878013]
[-0.37878013]
[-0.37878013]
[-0.37878013]
[-0.37878013]
[-0.37878013]
[-0.39604712]
[-0.34484172]
[-0.37878013]
[-0.37878013]
[-0.37878013]
[-0.37878013]
[-0.37878013]
[-0.37878013]
[-0.37878013]
[-0.37878013]
[-0.40757284]
[-0.37878013]
[-0.3636586]
[-0.37878013]
[-0.37878013]
[-0.37878013]
[-0.37878013]
[-0.37878013]
[-0.37878013]
[-0.37878013]
[-0.37878013]
[-0.37878013]
[-0.37878013]
[-0.37878013]
[-0.37878013]
[-0.37878013]
[-0.37878013]
[-0.37878013]
[-0.37878013]
[-0.37878013]
[-0.37878013]
[-0.37878013]
[-0.37878013]
[-0.37878013]
[-0.37878013]
[-0.37878013]
[-0.37878013]
[-0.37878013]
[-0.37878013]
[-0.37878013]
[-0.37878013]
[-0.37878013]
[-0.37878013]
[-0.37878013]
[-0.37878013]
[-0.37878013]
[-0.37878013]
[-0.37878013]
[-0.37878013]
[-0.37878013]
[-0.37878013]
[-0.37878013]
[-0.37878013]
[-0.37878013]
[-0.37878013]
[-0.37878013]
[-0.37878013]
[-0.37878013]
[-0.37878013]
[-0.37878013]
[-0.37878013]
[-0.37878013]
[-0.37878013]
[-0.37878013]
[-0.37878013]
[-0.37878013]
[-0.37878013]
[-0.37878013]
[-0.37878013]
[-0.37878013]
[-0.37878013]
[-0.37878013]
[-0.37878013]
[-0.37878013]
[-0.37878013]
[-0.37878013]
[-0.37878013]
[-0.39815846]
[-0.37878013]
[-0.37878013]
[-0.37878013]
[-0.37878013]
[-0.37878013]
[-0.37878013]
[-0.40307054]
[-0.37878013]
[-0.3550998]
[-0.37878013]
[-0.37878013]
[-0.37878013]
[-0.37878013]
[-0.37878013]
[-0.37878013]
[-0.37878013]
[-0.37878013]
[-0.37878013]
[-0.37878013]
[-0.37878013]
[-0.396289]
[-0.37878013]
[-0.37878013]
[-0.3406312]
[-0.37878013]
[-0.37878013]
[-0.37878013]
[-0.37878013]
[-0.37878013]
[-0.37857074]
[-0.37878013]
[-0.37878013]
[-0.37878013]
[-0.37878013]
[-0.37878013]
[-0.37878013]
[-0.37878013]
[-0.37878013]
[-0.37878013]
[-0.37878013]
[-0.37878013]
[-0.37878013]
[-0.37878013]
[-0.37878013]
[-0.37878013]
[-0.37878013]
[-0.37878013]
[-0.37878013]
[-0.37878013]
[-0.37878013]
[-0.37878013]
[-0.37878013]
[-0.37878013]
[-0.37878013]
[-0.37878013]
[-0.37878013]
[-0.37878013]
[-0.37878013]
[-0.37878013]
[-0.37878013]
[-0.37878013]
[-0.37878013]
[-0.37878013]
[-0.37878013]
[-0.37878013]
[-0.37878013]
[-0.37878013]
[-0.37878013]
[-0.3314693]
[-0.37878013]
[-0.37878013]
[-0.37878013]
[-0.37878013]
[-0.37878013]
[-0.37878013]
[-0.37878013]
[-0.36917815]
[-0.37878013]
[-0.37878013]
[-0.37878013]
[-0.37878013]
[-0.37878013]
[-0.37878013]
[-0.37878013]
[-0.37878013]
[-0.37878013]
[-0.37878013]
[-0.37878013]
[-0.37878013]
[-0.37878013]
[-0.37878013]
[-0.37878013]
[-0.35447073]
[-0.37878013]
[-0.37878013]
[-0.37878013]
[-0.37878013]
[-0.37878013]
[-0.37878013]
[-0.37878013]
[-0.36884314]
[-0.37878013]
[-0.37878013]
[-0.33658916]
[-0.37878013]
[-0.37878013]
[-0.37878013]
[-0.37878013]
[-0.37878013]
[-0.37878013]
[-0.37878013]
[-0.37878013]
[-0.37878013]
[-0.37878013]
[-0.3942349]
[-0.37878013]
[-0.37878013]
[-0.37878013]
[-0.37878013]
[-0.37878013]
[-0.37878013]
[-0.37878013]
[-0.37878013]
[-0.37878013]
[-0.37878013]
[-0.37878013]
[-0.37878013]
[-0.37878013]
[-0.37878013]
[-0.37878013]
[-0.3499745]
[-0.37878013]
[-0.37878013]
[-0.37878013]
[-0.37878013]
[-0.37878013]
[-0.37878013]
[-0.36046147]
[-0.37878013]
[-0.37878013]
[-0.37878013]
[-0.37878013]
[-0.37878013]
[-0.37878013]
[-0.37878013]
[-0.37878013]
[-0.37878013]
[-0.37878013]
[-0.37878013]
[-0.37878013]
[-0.37878013]
[-0.40624905]
[-0.37878013]
[-0.37878013]
[-0.37878013]
[-0.37878013]
[-0.37878013]
[-0.37878013]
[-0.37878013]
[-0.37878013]
[-0.37878013]
[-0.37878013]
[-0.37878013]
[-0.37878013]
[-0.37878013]
[-0.37878013]
[-0.37878013]
[-0.37878013]
[-0.37878013]
[-0.37878013]
[-0.37878013]
[-0.37878013]
[-0.37878013]
[-0.37878013]
[-0.37878013]
[-0.37878013]
[-0.37878013]
[-0.37878013]
[-0.37878013]
[-0.37878013]
[-0.37878013]
[-0.37878013]
[-0.37878013]
[-0.37878013]
[-0.37878013]
[-0.35639882]
[-0.37878013]
[-0.37884295]
[-0.37878013]
[-0.37878013]
[-0.37878013]
[-0.37878013]
[-0.37878013]
[-0.37878013]
[-0.37878013]
[-0.37878013]
[-0.37878013]
[-0.37878013]
[-0.37878013]
[-0.37878013]
[-0.37878013]
[-0.37878013]
[-0.37878013]
[-0.37878013]
[-0.37878013]
[-0.37878013]
[-0.37878013]
[-0.37878013]
[-0.37878013]
[-0.37878013]
[-0.37878013]
[-0.37878013]
[-0.37878013]
[-0.37878013]
[-0.37878013]
[-0.37878013]
[-0.37878013]
[-0.26002762]
[-0.37878013]
[-0.37878013]
[-0.37878013]
[-0.37878013]
[-0.37878013]
[-0.34866115]
[-0.37878013]
[-0.37878013]
[-0.3474201]
[-0.37878013]
[-0.37878013]
[-0.35481817]
[-0.37878013]
[-0.37878013]
[-0.37878013]
[-0.37878013]
[-0.37878013]
[-0.3925264]
[-0.37878013]
[-0.37878013]
[-0.37878013]
[-0.37878013]
[-0.38567308]
[-0.37878013]
[-0.37878013]
[-0.2493754]
[-0.37878013]
[-0.37878013]
[-0.37878013]
[-0.37878013]
[-0.37878013]
[-0.37878013]
[-0.3881608]
[-0.37878013]
[-0.37878013]
[-0.37878013]
[-0.37878013]
[-0.37878013]
[-0.37878013]
[-0.37878013]
[-0.37878013]
[-0.37878013]
[-0.37878013]
[-0.37878013]
[-0.37878013]
[-0.37878013]
[-0.37878013]
[-0.37878013]
[-0.3990386]
[-0.37878013]
[-0.37878013]
[-0.37878013]
[-0.37878013]
[-0.37878013]
[-0.37878013]
[-0.37878013]
[-0.37878013]
[-0.37878013]
[-0.37878013]
[-0.37878013]
[-0.37878013]
[-0.37878013]
[-0.37878013]
[-0.37878013]
[-0.37878013]
[-0.37878013]
[-0.37878013]
[-0.26094112]
[-0.37878013]
[-0.374803]
[-0.37878013]
[-0.37878013]
[-0.37878013]
[-0.37878013]
[-0.37878013]
[-0.37878013]
[-0.3672701]
[-0.37878013]
[-0.37878013]
[-0.37878013]
[-0.37878013]
[-0.37878013]
[-0.37878013]
[-0.37878013]
[-0.37878013]
[-0.37878013]
[-0.37878013]
[-0.37878013]
[-0.37878013]
[-0.37083519]
[-0.37878013]
[-0.37878013]
[-0.37878013]
[-0.37878013]
[-0.37878013]
[-0.37878013]
[-0.37878013]
[-0.37878013]
[-0.37878013]
[-0.37878013]
[-0.39355263]
[-0.37878013]
[-0.37878013]
[-0.37878013]
[-0.37878013]
[-0.37878013]
[-0.37878013]
[-0.37878013]
[-0.39649642]
[-0.37878013]
[-0.37878013]
[-0.37878013]
[-0.37878013]
[-0.37878013]
[-0.37878013]
[-0.37878013]
[-0.37878013]
[-0.37878013]
[-0.37878013]
[-0.37878013]
[-0.37878013]
[-0.37878013]
[-0.37878013]
[-0.38729924]
[-0.37878013]
[-0.37878013]
[-0.37878013]
[-0.37878013]
[-0.37878013]
[-0.37878013]
[-0.37878013]
[-0.37878013]
[-0.37878013]
[-0.37878013]
[-0.37878013]
[-0.37878013]
[-0.37878013]
[-0.37878013]
[-0.37878013]
[-0.37878013]
[-0.37878013]
[-0.37878013]
[-0.37878013]
[-0.37878013]
[-0.37878013]
[-0.37878013]
[-0.37878013]
[-0.37878013]
[-0.37878013]
[-0.37878013]
[-0.37878013]
[-0.37277398]
[-0.32156125]
[-0.37878013]
[-0.37878013]
[-0.37878013]
[-0.37878013]
[-0.37878013]
[-0.37878013]
[-0.29901588]
[-0.37878013]
[-0.37878013]
[-0.37878013]
[-0.37878013]
[-0.37878013]
[-0.37878013]
[-0.37878013]
[-0.37878013]
[-0.37878013]
[-0.37878013]
[-0.41239533]
[-0.37878013]
[-0.37878013]
[-0.37878013]
[-0.37878013]
[-0.37878013]
[-0.37878013]
[-0.37878013]
[-0.39877218]
[-0.37878013]
[-0.37878013]
[-0.37878013]
[-0.37878013]
[-0.37878013]
[-0.37878013]
[-0.37878013]
[-0.37878013]
[-0.37878013]
[-0.37878013]
[-0.37878013]
[-0.3364731]
[-0.37878013]
[-0.37878013]
[-0.37878013]
[-0.37878013]
[-0.37878013]
[-0.37878013]
[-0.37878013]
[-0.37878013]
[-0.37878013]
[-0.37878013]
[-0.37878013]
[-0.37878013]
[-0.37878013]
[-0.37878013]
[-0.37878013]
[-0.37878013]
[-0.37878013]
[-0.37878013]
[-0.3489423]
[-0.39489204]
[-0.37878013]
[-0.37878013]
[-0.37878013]
[-0.37878013]
[-0.37878013]
[-0.37878013]
[-0.37878013]
[-0.37878013]
[-0.37878013]
[-0.39147675]
[-0.37878013]
[-0.37878013]
[-0.37878013]
[-0.37878013]
[-0.37878013]
[-0.37878013]
[-0.37878013]
[-0.37878013]
[-0.33388758]
[-0.37878013]
[-0.37878013]
[-0.37878013]
[-0.37878013]
[-0.37878013]
[-0.37878013]
[-0.37878013]
[-0.37878013]
[-0.37878013]
[-0.37878013]
[-0.37878013]
[-0.37878013]
[-0.37878013]
[-0.37878013]
[-0.37878013]
[-0.37878013]
[-0.37878013]
[-0.37878013]
[-0.37878013]
[-0.37878013]
[-0.37878013]
[-0.37878013]
[-0.37878013]
[-0.37878013]
[-0.37878013]
[-0.37878013]
[-0.37878013]
[-0.37878013]
[-0.37878013]
[-0.37878013]
[-0.37878013]
[-0.37878013]
[-0.37878013]
[-0.37878013]
[-0.3769803]
[-0.37878013]
[-0.37878013]
[-0.37878013]
[-0.3735283]
[-0.37878013]
[-0.37878013]
[-0.37878013]
[-0.37878013]
[-0.37878013]
[-0.37878013]
[-0.37878013]
[-0.37878013]
[-0.37878013]
[-0.37878013]
[-0.37878013]
[-0.37878013]
[-0.37878013]
[-0.37878013]
[-0.37878013]
[-0.37878013]
[-0.37878013]
[-0.37878013]
[-0.37878013]
[-0.37878013]
[-0.37878013]
[-0.37878013]
[-0.37878013]
[-0.37878013]
[-0.37878013]
[-0.37878013]
[-0.37878013]
[-0.37878013]
[-0.37878013]
[-0.37878013]
[-0.37878013]
[-0.37878013]
[-0.37878013]
[-0.37878013]
[-0.37878013]
[-0.37878013]
[-0.37878013]
[-0.37878013]
[-0.37878013]
[-0.37878013]
[-0.37878013]
[-0.37878013]
[-0.37878013]
[-0.37878013]
[-0.37878013]
[-0.37878013]
[-0.37878013]
[-0.37878013]
[-0.37878013]
[-0.37878013]
[-0.37216648]
[-0.37878013]
[-0.3530513]
[-0.32196045]
[-0.37878013]
[-0.3721227]
[-0.37878013]
[-0.37878013]
[-0.37878013]
[-0.37878013]
[-0.37878013]
[-0.37878013]
[-0.39496988]
[-0.37878013]
[-0.37878013]
[-0.37878013]
[-0.37878013]
[-0.37878013]
[-0.37878013]
[-0.37878013]
[-0.37878013]
[-0.3354602]
[-0.37878013]
[-0.37878013]
[-0.37878013]
[-0.37878013]
[-0.37878013]
[-0.37878013]
[-0.37878013]
[-0.37878013]
[-0.37878013]
[-0.37878013]
[-0.3509634]
[-0.3833863]
[-0.37878013]
[-0.37878013]
[-0.37878013]
[-0.37878013]
[-0.39589325]
[-0.37878013]
[-0.37878013]
[-0.33959198]
[-0.37807715]
[-0.37878013]
[-0.3894829]
[-0.37878013]
[-0.37878013]
[-0.37878013]
[-0.37878013]
[-0.37878013]
[-0.37878013]
[-0.37878013]
[-0.37878013]
[-0.37878013]
[-0.37878013]
[-0.37878013]
[-0.25243333]
[-0.37878013]
[-0.37878013]
[-0.37878013]
[-0.37878013]
[-0.37878013]
[-0.37878013]
[-0.37878013]
[-0.37878013]
[-0.37878013]
[-0.33845693]
[-0.37878013]
[-0.37916344]
[-0.37878013]
[-0.37878013]
[-0.37878013]
[-0.37878013]
[-0.37878013]
[-0.37878013]
[-0.37878013]
[-0.37878013]
[-0.37878013]
[-0.38395143]
[-0.38395143]
[-0.44596347]
[-0.38395143]
[-0.38395143]
[-0.38395143]
[-0.38395143]
[-0.38395143]
[-0.38395143]
[-0.38395143]
[-0.38395143]
[-0.38395143]
[-0.38395143]
[-0.38395143]
[-0.38395143]
[-0.38395143]
