[-0.16799685]
[-0.16799685]
[-0.16799685]
[-0.16799685]
[0.20076329]
[-0.16799685]
[-0.16799685]
[-0.16799685]
[-0.16799685]
[-0.16799685]
[-0.16799685]
[-0.16799685]
[-0.16799685]
[-0.16799685]
[-0.16799685]
[-0.16799685]
[-0.16799685]
[-0.16799685]
[-0.16799685]
[-0.16799685]
[-0.16799685]
[-0.16799685]
[-0.16799685]
[-0.16799685]
[-0.16799685]
[-0.16799685]
[-0.16799685]
[0.2746275]
[-0.16799685]
[-0.16799685]
[-0.16799685]
[-0.16799685]
[-0.16799685]
[-0.16799685]
[-0.16799685]
[-0.16799685]
[-0.16799685]
[0.11150675]
[-0.16799685]
[-0.16799685]
[-0.16799685]
[-0.16799685]
[-0.16799685]
[-0.16799685]
[-0.16799685]
[-0.16799685]
[0.3292619]
[-0.16799685]
[-0.16799685]
[-0.16799685]
[-0.16799685]
[-0.16799685]
[-0.16799685]
[-0.16799685]
[-0.16799685]
[-0.16799685]
[-0.16799685]
[-0.16799685]
[0.28779253]
[-0.16799685]
[0.18125367]
[-0.16799685]
[-0.16799685]
[-0.16799685]
[-0.16799685]
[-0.16799685]
[-0.16799685]
[-0.16799685]
[-0.16799685]
[-0.16799685]
[-0.16799685]
[-0.16799685]
[0.35471487]
[-0.16799685]
[-0.16799685]
[-0.16799685]
[-0.16799685]
[-0.16799685]
[-0.16799685]
[-0.16799685]
[-0.16799685]
[-0.16799685]
[-0.16799685]
[0.28280836]
[-0.16799685]
[-0.16799685]
[-0.16799685]
[-0.16799685]
[-0.16799685]
[-0.16799685]
[-0.16799685]
[-0.16799685]
[-0.16799685]
[0.3354512]
[-0.16799685]
[-0.16799685]
[-0.16799685]
[-0.16799685]
[-0.16799685]
[-0.16799685]
[-0.16799685]
[-0.16799685]
[-0.16799685]
[-0.16799685]
[-0.16799685]
[-0.16799685]
[-0.16799685]
[-0.16799685]
[-0.16799685]
[-0.16799685]
[-0.16799685]
[-0.16799685]
[-0.16799685]
[-0.16799685]
[-0.16799685]
[-0.16799685]
[-0.16799685]
[-0.16799685]
[-0.16799685]
[-0.16799685]
[-0.16799685]
[-0.16799685]
[-0.16799685]
[-0.16799685]
[-0.16799685]
[-0.16799685]
[-0.16799685]
[-0.16799685]
[-0.16799685]
[-0.16799685]
[-0.16799685]
[-0.16799685]
[-0.16799685]
[-0.16799685]
[-0.16799685]
[-0.16799685]
[-0.16799685]
[-0.16799685]
[-0.16799685]
[0.37854266]
[-0.16799685]
[-0.16799685]
[-0.16799685]
[-0.16799685]
[-0.16799685]
[-0.16799685]
[-0.16799685]
[-0.16799685]
[-0.16799685]
[-0.16799685]
[-0.16799685]
[-0.16799685]
[-0.16799685]
[-0.16799685]
[-0.16799685]
[-0.16799685]
[-0.16799685]
[0.03664753]
[-0.16799685]
[-0.16799685]
[-0.16799685]
[-0.16799685]
[-0.16799685]
[-0.16799685]
[-0.16799685]
[-0.16799685]
[-0.16799685]
[-0.16799685]
[-0.16799685]
[-0.16799685]
[-0.16799685]
[-0.16799685]
[-0.16799685]
[-0.16799685]
[-0.16799685]
[-0.16799685]
[-0.16799685]
[-0.16799685]
[-0.16799685]
[-0.16799685]
[-0.16799685]
[-0.16799685]
[-0.16799685]
[-0.16799685]
[-0.16799685]
[-0.16799685]
[-0.16799685]
[-0.16799685]
[-0.16799685]
[0.3221125]
[-0.16799685]
[-0.16799685]
[-0.16799685]
[0.2098979]
[-0.16799685]
[-0.16799685]
[0.07342072]
[-0.16799685]
[-0.16799685]
[-0.16799685]
[-0.16799685]
[-0.16799685]
[-0.16799685]
[-0.16799685]
[-0.16799685]
[-0.16799685]
[-0.16799685]
[-0.16799685]
[-0.16799685]
[-0.01816379]
[-0.16799685]
[-0.16799685]
[-0.16799685]
[-0.16799685]
[-0.16799685]
[-0.16799685]
[-0.16799685]
[0.24151349]
[-0.16799685]
[-0.16467924]
[-0.16799685]
[-0.16799685]
[-0.16799685]
[-0.16799685]
[-0.16799685]
[-0.16799685]
[-0.16799685]
[-0.16799685]
[-0.16799685]
[-0.16799685]
[-0.16799685]
[-0.16799685]
[-0.16799685]
[-0.16799685]
[-0.16799685]
[0.26617652]
[-0.16799685]
[-0.16799685]
[-0.16799685]
[-0.16799685]
[-0.16799685]
[-0.16799685]
[-0.16799685]
[-0.16799685]
[-0.16799685]
[-0.16799685]
[-0.16799685]
[-0.16799685]
[-0.16799685]
[-0.16799685]
[-0.16799685]
[-0.16799685]
[-0.16799685]
[-0.04968682]
[-0.16799685]
[-0.16799685]
[-0.16799685]
[-0.16799685]
[-0.16799685]
[-0.16799685]
[-0.16799685]
[-0.16799685]
[-0.16799685]
[-0.16799685]
[-0.16799685]
[0.24250513]
[-0.16799685]
[0.26088434]
[-0.16799685]
[-0.16799685]
[-0.16799685]
[-0.16799685]
[-0.16799685]
[-0.16799685]
[-0.16799685]
[-0.16799685]
[-0.16799685]
[-0.16799685]
[-0.16799685]
[0.30983034]
[-0.16799685]
[-0.16799685]
[0.36659056]
[-0.16799685]
[-0.16799685]
[0.32311505]
[-0.16799685]
[-0.16799685]
[-0.16799685]
[-0.16799685]
[-0.16799685]
[0.17688161]
[-0.16799685]
[-0.16799685]
[-0.16799685]
[-0.16799685]
[-0.16799685]
[-0.16799685]
[-0.16799685]
[0.27559263]
[-0.16799685]
[-0.16799685]
[-0.16799685]
[-0.07974831]
[-0.16799685]
[-0.16799685]
[-0.16799685]
[0.32916278]
[-0.16799685]
[-0.16799685]
[-0.16799685]
[-0.16799685]
[-0.16799685]
[-0.16799685]
[-0.16799685]
[-0.16799685]
[-0.16799685]
[-0.16799685]
[-0.16799685]
[-0.16799685]
[-0.16799685]
[-0.16799685]
[-0.16799685]
[-0.16799685]
[-0.16799685]
[-0.16799685]
[-0.16799685]
[-0.16799685]
[-0.16799685]
[-0.16799685]
[-0.16799685]
[-0.16799685]
[-0.16799685]
[-0.16799685]
[0.26497197]
[-0.16799685]
[-0.16799685]
[-0.16799685]
[-0.16799685]
[-0.16799685]
[-0.16799685]
[-0.16799685]
[-0.16799685]
[-0.16799685]
[-0.16799685]
[-0.16799685]
[-0.16799685]
[-0.16799685]
[-0.16799685]
[-0.16799685]
[-0.16799685]
[-0.16799685]
[-0.16799685]
[-0.16799685]
[-0.16799685]
[-0.16799685]
[0.20847464]
[-0.16799685]
[-0.16799685]
[-0.16799685]
[-0.16799685]
[-0.16799685]
[-0.16799685]
[-0.16799685]
[-0.16799685]
[-0.16799685]
[-0.16799685]
[0.23759083]
[0.28294447]
[-0.16799685]
[-0.16799685]
[-0.16799685]
[-0.16799685]
[-0.16799685]
[-0.16799685]
[-0.16799685]
[-0.16799685]
[-0.16799685]
[-0.16799685]
[-0.16799685]
[-0.16799685]
[-0.16799685]
[-0.16799685]
[-0.16799685]
[-0.16799685]
[-0.16799685]
[0.3097062]
[-0.16799685]
[-0.16799685]
[-0.16799685]
[-0.16799685]
[-0.16799685]
[-0.16467924]
[-0.16799685]
[-0.16799685]
[-0.16799685]
[-0.16799685]
[-0.16799685]
[-0.16799685]
[-0.16799685]
[-0.16799685]
[-0.16799685]
[-0.16799685]
[-0.16799685]
[-0.16799685]
[-0.16799685]
[-0.16799685]
[-0.16799685]
[-0.16799685]
[-0.16799685]
[-0.16799685]
[-0.16799685]
[-0.16799685]
[-0.16799685]
[-0.16799685]
[-0.16799685]
[0.3511591]
[-0.16799685]
[-0.16799685]
[-0.16799685]
[-0.16799685]
[-0.16799685]
[-0.16799685]
[-0.16799685]
[-0.16799685]
[-0.16799685]
[-0.16799685]
[-0.16799685]
[-0.16799685]
[-0.16799685]
[-0.16799685]
[-0.16799685]
[-0.16799685]
[-0.16799685]
[-0.16799685]
[-0.16799685]
[-0.16799685]
[-0.16799685]
[0.37009704]
[-0.16799685]
[-0.16467924]
[-0.16799685]
[-0.16799685]
[-0.16799685]
[-0.16799685]
[-0.16799685]
[-0.16799685]
[-0.16799685]
[-0.16799685]
[-0.16799685]
[-0.16799685]
[-0.16799685]
[-0.16799685]
[-0.16799685]
[-0.16799685]
[-0.16799685]
[-0.16799685]
[-0.16799685]
[-0.16799685]
[-0.16799685]
[-0.16799685]
[-0.16799685]
[-0.16799685]
[-0.16799685]
[-0.16799685]
[-0.16799685]
[-0.16799685]
[-0.16799685]
[-0.16799685]
[-0.16799685]
[-0.16799685]
[-0.16799685]
[-0.16799685]
[0.40987346]
[-0.16799685]
[-0.16799685]
[-0.16799685]
[-0.16799685]
[-0.16799685]
[-0.16799685]
[-0.16799685]
[-0.16799685]
[-0.16799685]
[-0.16799685]
[-0.16799685]
[-0.16799685]
[-0.16799685]
[-0.16799685]
[-0.16799685]
[-0.16799685]
[-0.16799685]
[-0.16799685]
[-0.16799685]
[-0.16799685]
[0.4307139]
[-0.16799685]
[-0.16799685]
[-0.16799685]
[-0.16799685]
[-0.16799685]
[-0.16799685]
[-0.16799685]
[-0.16799685]
[-0.16799685]
[-0.16799685]
[-0.16799685]
[-0.16799685]
[-0.16799685]
[-0.16799685]
[-0.16799685]
[-0.16799685]
[-0.16799685]
[-0.16799685]
[-0.16799685]
[-0.16799685]
[-0.16799685]
[-0.16799685]
[-0.16799685]
[-0.16799685]
[-0.16799685]
[-0.16799685]
[-0.16799685]
[-0.16799685]
[-0.16799685]
[-0.16799685]
[-0.16799685]
[-0.16799685]
[-0.16799685]
[-0.16799685]
[-0.16799685]
[-0.16799685]
[-0.16799685]
[-0.16799685]
[-0.16799685]
[-0.16799685]
[-0.16799685]
[-0.16799685]
[-0.16467924]
[-0.16799685]
[-0.16799685]
[-0.16799685]
[-0.16799685]
[0.24473508]
[-0.16799685]
[-0.16799685]
[-0.16799685]
[-0.16799685]
[-0.16799685]
[-0.16799685]
[-0.16799685]
[-0.16799685]
[-0.16799685]
[-0.16799685]
[0.28462344]
[-0.16799685]
[-0.16799685]
[-0.16799685]
[-0.16799685]
[-0.16799685]
[-0.16799685]
[-0.16799685]
[-0.16799685]
[0.29389066]
[-0.16799685]
[-0.16799685]
[-0.16799685]
[-0.16799685]
[-0.16799685]
[-0.16799685]
[-0.16799685]
[-0.16799685]
[-0.16799685]
[-0.16799685]
[-0.16799685]
[-0.16799685]
[-0.16799685]
[-0.16799685]
[-0.16799685]
[-0.16799685]
[-0.16799685]
[-0.16799685]
[-0.16799685]
[-0.16799685]
[-0.16799685]
[-0.16799685]
[-0.16799685]
[-0.16799685]
[-0.16799685]
[-0.16799685]
[0.3102448]
[-0.16799685]
[-0.16799685]
[-0.16799685]
[-0.16799685]
[-0.16799685]
[-0.16799685]
[-0.16799685]
[-0.16799685]
[-0.16799685]
[-0.16799685]
[-0.16799685]
[-0.16799685]
[-0.16799685]
[-0.16799685]
[-0.16799685]
[-0.16799685]
[-0.16799685]
[-0.16799685]
[-0.16799685]
[-0.16799685]
[-0.16799685]
[-0.16799685]
[-0.16799685]
[-0.16799685]
[-0.16799685]
[-0.16799685]
[0.47971123]
[-0.16799685]
[-0.16799685]
[-0.16799685]
[-0.16799685]
[-0.16799685]
[-0.16799685]
[-0.16799685]
[-0.16799685]
[-0.16799685]
[-0.16799685]
[-0.16799685]
[-0.16799685]
[-0.16799685]
[-0.16799685]
[-0.16799685]
[-0.16799685]
[0.23524135]
[-0.16799685]
[-0.16799685]
[-0.16799685]
[0.33542854]
[0.2800737]
[-0.16799685]
[-0.16799685]
[-0.16799685]
[-0.16799685]
[-0.16799685]
[-0.16799685]
[-0.16799685]
[-0.16799685]
[-0.16799685]
[-0.16799685]
[0.36432686]
[-0.16799685]
[-0.16799685]
[-0.16799685]
[-0.16799685]
[-0.16799685]
[-0.16799685]
[-0.16799685]
[-0.16799685]
[-0.16799685]
[-0.16799685]
[-0.16799685]
[-0.16799685]
[-0.16799685]
[-0.16799685]
[-0.16799685]
[-0.16799685]
[-0.16799685]
[-0.16799685]
[-0.16799685]
[-0.16799685]
[-0.16799685]
[0.26728338]
[-0.16799685]
[-0.16799685]
[-0.16799685]
[-0.16799685]
[-0.16799685]
[-0.16799685]
[-0.16799685]
[-0.16799685]
[-0.16799685]
[-0.16799685]
[-0.16799685]
[-0.16799685]
[0.28044266]
[0.27892193]
[-0.16799685]
[-0.16799685]
[-0.16799685]
[-0.16799685]
[-0.16799685]
[0.05184149]
[-0.16799685]
[-0.16799685]
[-0.16799685]
[-0.16799685]
[-0.16799685]
[-0.16799685]
[-0.16799685]
[-0.16799685]
[-0.16799685]
[-0.16799685]
[-0.16799685]
[-0.16799685]
[-0.16799685]
[-0.16799685]
[-0.16799685]
[-0.16799685]
[-0.16799685]
[-0.16799685]
[-0.16799685]
[-0.16799685]
[-0.16799685]
[-0.16799685]
[-0.16799685]
[0.18903235]
[-0.16799685]
[0.36207077]
[-0.16799685]
[-0.16799685]
[-0.16799685]
[-0.16799685]
[-0.16799685]
[0.29875982]
[-0.16799685]
[-0.16799685]
[-0.16799685]
[-0.16799685]
[-0.16799685]
[-0.16799685]
[-0.16799685]
[-0.16799685]
[-0.16799685]
[-0.16799685]
[-0.16799685]
[-0.16799685]
[-0.16799685]
[-0.16799685]
[-0.16799685]
[-0.15655714]
[-0.16799685]
[-0.16799685]
[-0.16799685]
[-0.16799685]
[-0.16799685]
[-0.16799685]
[-0.16799685]
[-0.16799685]
[-0.16799685]
[0.23565564]
[-0.16799685]
[-0.16799685]
[-0.16799685]
[-0.16799685]
[-0.16799685]
[-0.16799685]
[-0.16799685]
[-0.16799685]
[-0.16799685]
[-0.16799685]
[-0.16799685]
[0.23912121]
[-0.16799685]
[-0.16799685]
[-0.16799685]
[-0.16799685]
[-0.16799685]
[-0.16799685]
[-0.16799685]
[-0.16799685]
[-0.16799685]
[-0.16799685]
[-0.16799685]
[-0.16799685]
[-0.16799685]
[-0.16799685]
[-0.16799685]
[-0.16799685]
[-0.16799685]
[-0.16799685]
[-0.16799685]
[-0.16799685]
[-0.16799685]
[0.25464714]
[-0.16799685]
[-0.16799685]
[-0.16799685]
[-0.16799685]
[-0.16799685]
[-0.16799685]
[-0.16799685]
[-0.16799685]
[-0.16799685]
[-0.16799685]
[-0.16799685]
[-0.16799685]
[0.39420718]
[-0.16799685]
[-0.16799685]
[-0.16799685]
[-0.16799685]
[-0.16799685]
[-0.16799685]
[-0.16799685]
[-0.16799685]
[-0.16799685]
[-0.16799685]
[-0.16799685]
[0.3707553]
[-0.16799685]
[-0.16799685]
[-0.16799685]
[-0.16799685]
[-0.16799685]
[-0.16799685]
[-0.16799685]
[-0.16799685]
[-0.16799685]
[-0.16799685]
[-0.16799685]
[-0.16799685]
[-0.16799685]
[-0.16799685]
[-0.16799685]
[-0.16799685]
[-0.16799685]
[-0.16799685]
[-0.16799685]
[-0.16799685]
[-0.16799685]
[-0.16799685]
[-0.16799685]
[-0.16799685]
[0.23163831]
[0.2877741]
[-0.16799685]
[-0.16799685]
[-0.16799685]
[-0.16799685]
[-0.16799685]
[-0.16799685]
[-0.16799685]
[-0.16799685]
[-0.16799685]
[-0.16799685]
[0.22489366]
[-0.16799685]
[-0.16799685]
[-0.16799685]
[-0.16799685]
[-0.16799685]
[-0.16799685]
[-0.16799685]
[-0.16799685]
[-0.16799685]
[-0.16799685]
[-0.16799685]
[-0.16799685]
[-0.16799685]
[-0.16799685]
[0.22418475]
[-0.16799685]
[-0.16799685]
[-0.16799685]
[-0.16799685]
[0.3346665]
[-0.16799685]
[-0.16799685]
[-0.16799685]
[-0.16799685]
[-0.16799685]
[-0.16799685]
[-0.16799685]
[-0.16799685]
[-0.16799685]
[0.38972783]
[-0.16799685]
[-0.16799685]
[-0.16467924]
[-0.16799685]
[-0.16799685]
[-0.16799685]
[-0.16799685]
[-0.16799685]
[-0.16799685]
[-0.16799685]
[-0.16799685]
[-0.16799685]
[-0.16799685]
[-0.16799685]
[-0.16799685]
[-0.16799685]
[-0.16799685]
[-0.16799685]
[-0.16799685]
[-0.16799685]
[-0.16799685]
[-0.16799685]
[-0.16799685]
[-0.16799685]
[-0.16799685]
[-0.16799685]
[-0.16799685]
[-0.16799685]
[-0.16799685]
[-0.16799685]
[-0.16799685]
[-0.16467924]
[-0.16799685]
[-0.16799685]
[-0.16799685]
[-0.16799685]
[-0.16799685]
[-0.16799685]
[-0.16799685]
[-0.16799685]
[-0.16799685]
[-0.16799685]
[-0.16799685]
[-0.16799685]
[-0.16799685]
[-0.16799685]
[-0.16799685]
[0.26331273]
[-0.16799685]
[-0.16799685]
[-0.16799685]
[-0.16799685]
[-0.16799685]
[-0.16799685]
[0.05711832]
[-0.16799685]
[-0.16799685]
[-0.16799685]
[-0.16799685]
[-0.16799685]
[-0.16799685]
[-0.16799685]
[-0.16799685]
[-0.16799685]
[-0.09458059]
[-0.16799685]
[-0.16799685]
[-0.16799685]
[-0.16799685]
[-0.16799685]
[-0.16799685]
[-0.16799685]
[-0.16799685]
[-0.16799685]
[-0.16799685]
[-0.16799685]
[-0.16799685]
[-0.16799685]
[-0.16799685]
[-0.16799685]
[-0.16799685]
[-0.16467924]
[-0.16799685]
[0.13490541]
[-0.16799685]
[-0.16799685]
[-0.16799685]
[-0.16799685]
[-0.16799685]
[-0.16799685]
[-0.16799685]
[-0.16799685]
[-0.16799685]
[-0.16799685]
[-0.16799685]
[-0.16799685]
[-0.16799685]
[-0.16799685]
[-0.16799685]
[-0.16799685]
[-0.16799685]
[-0.16799685]
[-0.16799685]
[-0.16799685]
[-0.16799685]
[-0.16799685]
[-0.16799685]
[-0.16799685]
[-0.16799685]
[-0.16799685]
[-0.16799685]
[-0.16799685]
[-0.16799685]
[-0.16799685]
[0.23156935]
[-0.16799685]
[-0.16799685]
[-0.16799685]
[-0.16799685]
[-0.16799685]
[-0.16799685]
[-0.16799685]
[-0.16799685]
[-0.16799685]
[-0.15038559]
[-0.15038559]
[-0.15038559]
[-0.15038559]
[-0.15038559]
[-0.15038559]
[-0.15038559]
[-0.15038559]
[-0.15038559]
[-0.15038559]
[-0.15038559]
[-0.15038559]
[-0.15038559]
[-0.15038559]
[-0.15038559]
[-0.15038559]
[-0.15038559]
[-0.15038559]
[-0.15038559]
[-0.15038559]
[-0.15038559]
[0.11573034]
[-0.15038559]
[-0.15038559]
[-0.15038559]
[-0.15038559]
[-0.15038559]
[-0.15038559]
[-0.15038559]
[-0.15038559]
[-0.15038559]
[-0.15038559]
[-0.15038559]
[0.1686033]
[-0.15038559]
[-0.15038559]
[-0.15038559]
[-0.15038559]
[-0.15038559]
[-0.15038559]
[-0.15038559]
[-0.15038559]
[-0.15038559]
[-0.15038559]
[-0.15038559]
[-0.15038559]
[-0.15038559]
[-0.15038559]
[-0.15038559]
[-0.15038559]
[-0.15038559]
[-0.15038559]
[-0.15038559]
[-0.15038559]
[-0.15038559]
[-0.15038559]
[-0.15038559]
[-0.15038559]
[-0.03111182]
[-0.15038559]
[-0.15038559]
[0.44312036]
[-0.15038559]
[0.12843738]
[-0.15038559]
[-0.15038559]
[-0.15038559]
[-0.15038559]
[-0.15038559]
[-0.15038559]
[-0.15038559]
[-0.15038559]
[-0.15038559]
[-0.15038559]
[-0.15038559]
[-0.15038559]
[-0.15038559]
[-0.15038559]
[-0.15038559]
[0.08631296]
[-0.15038559]
[0.05641041]
[-0.15038559]
[-0.15038559]
[-0.15038559]
[-0.15038559]
[-0.15038559]
[-0.15038559]
[-0.15038559]
[-0.15038559]
[-0.15038559]
[-0.15038559]
[0.40174985]
[0.34368533]
[-0.15038559]
[-0.15038559]
[-0.15038559]
[-0.15038559]
[-0.15038559]
[-0.15038559]
[0.4457163]
[-0.15038559]
[-0.15038559]
[-0.15038559]
[-0.15038559]
[-0.15038559]
[-0.15038559]
[-0.15038559]
[-0.15038559]
[-0.15038559]
[-0.15038559]
[-0.15038559]
[-0.15038559]
[-0.15038559]
[0.33808023]
[-0.15038559]
[-0.15038559]
[-0.15038559]
[-0.15038559]
[-0.15038559]
[-0.15038559]
[-0.15038559]
[-0.15038559]
[-0.15038559]
[-0.15038559]
[-0.15038559]
[-0.15038559]
[-0.15038559]
[-0.15038559]
[-0.15038559]
[-0.15038559]
[-0.15038559]
[-0.15038559]
[0.28721756]
[-0.15038559]
[-0.15038559]
[-0.15038559]
[-0.15038559]
[-0.15038559]
[-0.15038559]
[-0.15038559]
[-0.15038559]
[-0.15038559]
[-0.15038559]
[-0.15038559]
[-0.15038559]
[-0.15038559]
[-0.15038559]
[-0.15038559]
[-0.15038559]
[0.39120674]
[-0.15038559]
[-0.15038559]
[-0.15038559]
[-0.15038559]
[-0.15038559]
[-0.15038559]
[-0.15038559]
[-0.15038559]
[-0.15038559]
[-0.15038559]
[-0.15038559]
[0.27361298]
[-0.15038559]
[-0.15038559]
[0.44809005]
[-0.15038559]
[-0.15038559]
[-0.15038559]
[-0.15038559]
[-0.15038559]
[-0.15038559]
[-0.15038559]
[-0.15038559]
[-0.15038559]
[-0.15038559]
[-0.15038559]
[-0.15038559]
[-0.15038559]
[-0.15038559]
[-0.15038559]
[-0.15038559]
[-0.15038559]
[-0.03515458]
[-0.15038559]
[-0.15038559]
[-0.15038559]
[-0.15038559]
[-0.15038559]
[-0.15038559]
[-0.15038559]
[-0.15038559]
[-0.15038559]
[-0.15038559]
[-0.15038559]
[-0.15038559]
[-0.15038559]
[-0.15038559]
[0.4390245]
[-0.15038559]
[-0.15038559]
[-0.15038559]
[-0.15038559]
[-0.15038559]
[-0.15038559]
[-0.15038559]
[-0.15038559]
[-0.15038559]
[-0.15038559]
[-0.15038559]
[-0.15038559]
[-0.15038559]
[-0.15038559]
[-0.15038559]
[-0.15038559]
[-0.15038559]
[-0.15038559]
[-0.15038559]
[-0.15038559]
[0.27076477]
[-0.15038559]
[-0.15038559]
[-0.15038559]
[-0.15038559]
[-0.15038559]
[-0.15038559]
[-0.15038559]
[-0.15038559]
[-0.15390542]
[-0.15038559]
[-0.15038559]
[-0.15038559]
[-0.15038559]
[-0.15038559]
[-0.15038559]
[0.3869121]
[-0.15038559]
[-0.15038559]
[-0.15038559]
[-0.15038559]
[-0.15038559]
[-0.15038559]
[-0.15038559]
[-0.15038559]
[-0.15038559]
[-0.15038559]
[-0.15038559]
[-0.15038559]
[-0.15038559]
[-0.15038559]
[-0.15038559]
[-0.15038559]
[-0.15038559]
[-0.15038559]
[-0.15038559]
[0.40838748]
[-0.15038559]
[-0.15038559]
[-0.15038559]
[-0.15038559]
[-0.15038559]
[-0.15038559]
[-0.15038559]
[-0.15038559]
[-0.15038559]
[-0.15038559]
[-0.15038559]
[-0.15038559]
[-0.15038559]
[-0.15038559]
[-0.15038559]
[-0.15038559]
[-0.15038559]
[-0.15038559]
[-0.15038559]
[-0.15038559]
[-0.15038559]
[-0.15038559]
[-0.15038559]
[-0.15038559]
[0.48257375]
[-0.15038559]
[-0.15038559]
[-0.15038559]
[-0.15038559]
[-0.15038559]
[-0.15038559]
[-0.15038559]
[-0.15038559]
[-0.15038559]
[0.20372686]
[-0.15038559]
[-0.15038559]
[-0.15038559]
[-0.15038559]
[-0.15038559]
[-0.15390542]
[-0.15038559]
[-0.15038559]
[-0.15038559]
[-0.15038559]
[-0.15038559]
[-0.15038559]
[-0.15038559]
[-0.15038559]
[-0.15038559]
[-0.15038559]
[-0.15038559]
[-0.15038559]
[-0.15038559]
[-0.15038559]
[-0.15390542]
[-0.15038559]
[-0.15038559]
[-0.15038559]
[-0.15038559]
[-0.15038559]
[-0.15038559]
[-0.15038559]
[-0.15038559]
[-0.15038559]
[-0.15038559]
[-0.15038559]
[-0.15038559]
[0.36668962]
[-0.15038559]
[-0.15038559]
[-0.15038559]
[-0.15038559]
[-0.15038559]
[-0.15038559]
[-0.15038559]
[-0.15038559]
[-0.15038559]
[-0.15038559]
[0.37303814]
[-0.15038559]
[-0.15038559]
[-0.15038559]
[-0.15038559]
[-0.15038559]
[-0.15038559]
[-0.15038559]
[-0.15038559]
[-0.15038559]
[-0.15038559]
[-0.15038559]
[-0.15038559]
[0.34715408]
[-0.15038559]
[-0.15038559]
[-0.15038559]
[-0.15038559]
[0.28337914]
[-0.15038559]
[-0.15038559]
[-0.15038559]
[-0.15038559]
[-0.15038559]
[-0.15038559]
[-0.15038559]
[0.3852821]
[-0.15038559]
[-0.15038559]
[-0.15038559]
[-0.15038559]
[-0.15038559]
[-0.15038559]
[-0.15038559]
[-0.15038559]
[-0.15038559]
[-0.15038559]
[-0.15038559]
[-0.15038559]
[-0.15038559]
[-0.15038559]
[-0.15038559]
[-0.15038559]
[0.2731181]
[-0.15038559]
[-0.15038559]
[-0.15390542]
[-0.15038559]
[-0.15038559]
[-0.15038559]
[-0.15038559]
[-0.15038559]
[-0.15038559]
[-0.15038559]
[-0.15038559]
[-0.15038559]
[-0.15038559]
[-0.15038559]
[-0.15038559]
[-0.15038559]
[-0.15038559]
[-0.15038559]
[-0.15038559]
[-0.15038559]
[-0.15038559]
[-0.15038559]
[-0.15038559]
[-0.15038559]
[0.3967038]
[-0.15038559]
[-0.15038559]
[-0.15038559]
[-0.15038559]
[-0.15038559]
[-0.15038559]
[-0.15038559]
[-0.15038559]
[-0.15038559]
[-0.15038559]
[-0.15038559]
[-0.15038559]
[-0.15038559]
[-0.15038559]
[0.38377917]
[0.30904925]
[-0.15038559]
[-0.15038559]
[-0.15038559]
[-0.15038559]
[-0.15038559]
[0.3782028]
[-0.15038559]
[-0.14421171]
[-0.15038559]
[-0.15038559]
[0.3633883]
[-0.15038559]
[-0.15038559]
[-0.15038559]
[-0.15038559]
[-0.05535632]
[-0.15038559]
[-0.15038559]
[-0.15038559]
[-0.15038559]
[-0.15038559]
[-0.15038559]
[-0.15038559]
[-0.15038559]
[-0.15038559]
[-0.15038559]
[-0.15038559]
[-0.15038559]
[-0.02045535]
[-0.15038559]
[-0.15038559]
[-0.15038559]
[-0.15038559]
[-0.15038559]
[-0.15038559]
[-0.15038559]
[-0.15038559]
[-0.15038559]
[-0.15038559]
[-0.15038559]
[-0.15038559]
[-0.15038559]
[0.3241652]
[-0.15038559]
[-0.15038559]
[-0.15038559]
[-0.15038559]
[-0.15038559]
[-0.15038559]
[-0.15038559]
[-0.15038559]
[-0.15038559]
[-0.15038559]
[0.3275031]
[-0.15038559]
[-0.15038559]
[-0.15038559]
[-0.15038559]
[0.36039454]
[-0.15038559]
[-0.15038559]
[-0.15038559]
[-0.04313365]
[-0.15038559]
[-0.15038559]
[-0.15038559]
[-0.15038559]
[-0.15038559]
[-0.15038559]
[-0.15038559]
[-0.15038559]
[-0.15038559]
[-0.15038559]
[-0.15038559]
[-0.15038559]
[-0.15038559]
[0.40402347]
[-0.15038559]
[-0.15038559]
[-0.15038559]
[-0.15038559]
[-0.15038559]
[-0.15038559]
[-0.15038559]
[-0.15038559]
[-0.15038559]
[0.33472192]
[-0.15038559]
[-0.15038559]
[0.32133758]
[-0.15038559]
[-0.15038559]
[-0.15038559]
[-0.15038559]
[-0.15038559]
[-0.15038559]
[-0.15038559]
[-0.15038559]
[-0.15038559]
[-0.15038559]
[-0.15038559]
[-0.15038559]
[-0.15038559]
[-0.15038559]
[-0.15038559]
[-0.15038559]
[-0.15038559]
[0.40788716]
[-0.15038559]
[-0.15038559]
[-0.15038559]
[-0.15038559]
[-0.15038559]
[-0.15038559]
[-0.15038559]
[-0.15038559]
[-0.15038559]
[-0.15038559]
[-0.15038559]
[-0.15038559]
[-0.15038559]
[-0.15038559]
[-0.15038559]
[-0.15038559]
[-0.15038559]
[-0.15038559]
[-0.15038559]
[-0.15038559]
[-0.15038559]
[0.26466048]
[-0.15038559]
[-0.15038559]
[-0.15038559]
[-0.15038559]
[-0.15038559]
[-0.15038559]
[-0.15038559]
[-0.15038559]
[-0.15038559]
[-0.15038559]
[-0.15038559]
[-0.15038559]
[-0.15038559]
[-0.15038559]
[-0.15038559]
[-0.15038559]
[-0.15038559]
[-0.15038559]
[0.40365568]
[-0.15038559]
[0.33081365]
[-0.15038559]
[-0.15038559]
[-0.15038559]
[-0.15038559]
[0.04840164]
[-0.15038559]
[-0.15038559]
[-0.15038559]
[-0.15038559]
[-0.15038559]
[-0.15038559]
[-0.15038559]
[-0.15038559]
[-0.15038559]
[-0.15038559]
[-0.15038559]
[-0.15038559]
[-0.15038559]
[-0.15038559]
[-0.15038559]
[-0.15038559]
[-0.15038559]
[-0.15038559]
[-0.15038559]
[0.34184882]
[-0.15038559]
[-0.15038559]
[-0.15038559]
[-0.15038559]
[-0.15038559]
[-0.15038559]
[-0.15038559]
[-0.15038559]
[-0.15038559]
[-0.15038559]
[-0.15038559]
[0.46167588]
[-0.15038559]
[-0.15038559]
[-0.15038559]
[-0.15038559]
[-0.15038559]
[-0.15038559]
[-0.15038559]
[-0.00058956]
[-0.15038559]
[-0.15038559]
[-0.15038559]
[-0.15038559]
[-0.15038559]
[-0.15038559]
[-0.15038559]
[-0.15038559]
[-0.15038559]
[-0.15038559]
[-0.15038559]
[-0.15038559]
[0.2782966]
[-0.15038559]
[-0.15038559]
[-0.15038559]
[-0.15038559]
[-0.15038559]
[-0.15038559]
[-0.15038559]
[-0.15038559]
[-0.15038559]
[-0.15038559]
[-0.15038559]
[-0.15038559]
[-0.15038559]
[-0.15038559]
[-0.15038559]
[-0.15038559]
[-0.15038559]
[-0.15038559]
[-0.15038559]
[-0.15038559]
[-0.15038559]
[-0.15038559]
[-0.15038559]
[0.27233052]
[-0.15038559]
[-0.15038559]
[0.34512383]
[0.4499533]
[-0.15038559]
[-0.15038559]
[-0.15038559]
[-0.15038559]
[-0.15038559]
[-0.15038559]
[-0.15038559]
[-0.15038559]
[-0.15038559]
[-0.15038559]
[-0.15038559]
[-0.15038559]
[-0.15038559]
[-0.15038559]
[0.4628471]
[-0.15038559]
[-0.15038559]
[0.4055264]
[-0.15038559]
[-0.15038559]
[-0.15038559]
[-0.15038559]
[-0.15038559]
[-0.15038559]
[-0.15038559]
[-0.15038559]
[-0.15038559]
[-0.15038559]
[-0.15038559]
[-0.15038559]
[-0.15038559]
[-0.15038559]
[0.40923408]
[-0.15038559]
[-0.15038559]
[-0.15038559]
[-0.15038559]
[-0.15038559]
[-0.15038559]
[-0.15038559]
[-0.15038559]
[-0.15038559]
[-0.15038559]
[-0.15038559]
[-0.15038559]
[-0.15038559]
[-0.15038559]
[-0.15038559]
[-0.15038559]
[-0.15038559]
[-0.15038559]
[-0.15038559]
[-0.15038559]
[-0.15038559]
[-0.15038559]
[-0.15038559]
[-0.15038559]
[-0.15038559]
[-0.15038559]
[-0.15038559]
[-0.15038559]
[-0.15038559]
[-0.15038559]
[-0.15038559]
[-0.15038559]
[-0.15038559]
[-0.15038559]
[-0.15038559]
[-0.15038559]
[-0.15038559]
[-0.15038559]
[-0.15038559]
[-0.15038559]
[-0.15038559]
[-0.15038559]
[-0.15038559]
[-0.15038559]
[-0.15038559]
[-0.15038559]
[-0.15038559]
[-0.15038559]
[-0.15038559]
[-0.15038559]
[-0.15038559]
[-0.15038559]
[-0.15038559]
[-0.15038559]
[-0.15038559]
[-0.15038559]
[-0.15038559]
[-0.15038559]
[0.12848946]
[-0.15038559]
[-0.15038559]
[-0.15038559]
[-0.15038559]
[-0.15038559]
[-0.15038559]
[-0.15038559]
[-0.15038559]
[-0.15038559]
[-0.15038559]
[-0.15038559]
[-0.15038559]
[-0.15038559]
[-0.15038559]
[-0.15038559]
[-0.15038559]
[-0.15038559]
[-0.15038559]
[-0.15038559]
[-0.15038559]
[-0.06548902]
[-0.15038559]
[-0.15038559]
[-0.15038559]
[-0.15038559]
[-0.15038559]
[-0.15038559]
[-0.15038559]
[-0.15038559]
[-0.15038559]
[-0.15038559]
[-0.15038559]
[-0.15038559]
[0.2634142]
[-0.15038559]
[-0.15038559]
[-0.15038559]
[-0.15038559]
[-0.15038559]
[-0.15038559]
[-0.15038559]
[-0.15038559]
[-0.15038559]
[-0.15038559]
[-0.15038559]
[-0.15038559]
[-0.15038559]
[-0.15038559]
[-0.15038559]
[-0.15038559]
[-0.15038559]
[-0.15038559]
[-0.15038559]
[-0.15038559]
[0.3481311]
[-0.15038559]
[-0.15038559]
[-0.15038559]
[-0.15038559]
[-0.15038559]
[-0.15038559]
[-0.15038559]
[-0.15038559]
[-0.15038559]
[-0.15038559]
[0.24729839]
[-0.15038559]
[-0.15038559]
[-0.05376858]
[0.34275842]
[-0.15038559]
[-0.15038559]
[-0.15038559]
[-0.15038559]
[-0.15038559]
[-0.15038559]
[-0.15038559]
[-0.15038559]
[0.3835014]
[0.33782044]
[-0.15038559]
[-0.15038559]
[-0.15038559]
[0.17242344]
[-0.15038559]
[-0.15038559]
[-0.15038559]
[0.17971286]
[-0.15038559]
[-0.15038559]
[-0.15038559]
[-0.15038559]
[-0.15038559]
[-0.15038559]
[-0.15038559]
[-0.15038559]
[-0.15038559]
[-0.15038559]
[-0.15038559]
[-0.15038559]
[-0.15038559]
[-0.15038559]
[-0.15038559]
[-0.15038559]
[-0.15038559]
[-0.15038559]
[-0.15038559]
[-0.15038559]
[-0.15038559]
[-0.15038559]
[-0.15038559]
[-0.15038559]
[-0.15038559]
[-0.15038559]
[-0.15038559]
[0.432584]
[0.40913153]
[-0.15038559]
[-0.15038559]
[0.02904492]
[-0.15038559]
[-0.15038559]
[-0.15038559]
[-0.15038559]
[-0.15038559]
[-0.15038559]
[-0.15038559]
[-0.15038559]
[-0.15038559]
[-0.15038559]
[-0.15038559]
[-0.15038559]
[0.3081733]
[-0.15038559]
[-0.15038559]
[-0.15038559]
[-0.15038559]
[-0.15038559]
[-0.15038559]
[-0.15038559]
[-0.15038559]
[-0.15038559]
[-0.15038559]
[-0.15038559]
[-0.15038559]
[-0.15038559]
[-0.15038559]
[-0.15038559]
[-0.15038559]
[-0.15038559]
[-0.15038559]
[-0.15038559]
[-0.15038559]
[-0.15038559]
[-0.15038559]
[-0.15038559]
[-0.15038559]
[-0.15038559]
[-0.15038559]
[0.47511268]
[-0.15038559]
[-0.15038559]
[-0.15038559]
[-0.15038559]
[-0.15038559]
[-0.15038559]
[-0.15038559]
[-0.15038559]
[-0.15038559]
[-0.15038559]
[-0.15038559]
[0.16309354]
[-0.15038559]
[-0.15038559]
[-0.15038559]
[-0.15038559]
[-0.15038559]
[-0.15038559]
[-0.15038559]
[-0.15038559]
[-0.15038559]
[-0.15038559]
[-0.15038559]
[-0.15038559]
[-0.15038559]
[-0.15038559]
[-0.15038559]
[-0.15038559]
[-0.15038559]
[-0.15038559]
[-0.15038559]
[-0.15038559]
[-0.15038559]
[-0.15038559]
[0.36554462]
[-0.15038559]
[-0.15038559]
[-0.15038559]
[-0.15038559]
[-0.15038559]
[0.4427322]
[-0.15217456]
[-0.15038559]
[-0.15038559]
[-0.15038559]
[-0.15038559]
[-0.15038559]
[-0.15038559]
[-0.15038559]
[-0.15038559]
[0.3808776]
[-0.15038559]
[-0.15038559]
[-0.15038559]
[-0.15038559]
[-0.15038559]
[-0.15038559]
[-0.15038559]
[-0.15038559]
[-0.15038559]
[-0.15038559]
[-0.15038559]
[0.00431888]
[-0.15038559]
[-0.15038559]
[-0.15038559]
[0.3996097]
[-0.15038559]
[-0.15038559]
[-0.15038559]
[-0.15038559]
[-0.15038559]
[-0.15038559]
[-0.15038559]
[-0.15038559]
[-0.15038559]
[-0.15038559]
[-0.15038559]
[-0.15038559]
[-0.15038559]
[-0.15038559]
[-0.02065222]
[-0.15038559]
[-0.15038559]
[-0.15038559]
[-0.15038559]
[-0.15038559]
[-0.15038559]
[-0.15038559]
[-0.15038559]
[-0.15038559]
[-0.13387033]
[-0.13387033]
[-0.13387033]
[-0.13387033]
[-0.13387033]
[-0.13387033]
[-0.13387033]
[-0.13387033]
[-0.13387033]
[-0.13387033]
[-0.13387033]
[-0.13387033]
[-0.13387033]
[-0.13387033]
[-0.13387033]
[-0.13387033]
[-0.13387033]
[-0.13387033]
[-0.13387033]
[-0.13387033]
[-0.13387033]
[0.30585977]
[-0.13387033]
[-0.13387033]
[-0.13387033]
[-0.13387033]
[-0.13387033]
[-0.13387033]
[-0.13387033]
[0.33613002]
[0.30742982]
[-0.13387033]
[0.27059108]
[-0.13387033]
[-0.13387033]
[-0.13387033]
[-0.13387033]
[-0.13387033]
[-0.13387033]
[-0.13387033]
[0.23587328]
[-0.13387033]
[-0.13387033]
[-0.13387033]
[-0.13387033]
[-0.13387033]
[-0.13387033]
[-0.13387033]
[0.30645984]
[-0.13387033]
[-0.13387033]
[-0.13387033]
[-0.13387033]
[0.42082974]
[-0.13387033]
[-0.13387033]
[0.16453448]
[-0.13387033]
[-0.13387033]
[-0.13387033]
[-0.13387033]
[-0.13387033]
[-0.13387033]
[-0.13387033]
[-0.08919442]
[-0.13387033]
[-0.13387033]
[-0.13387033]
[-0.13387033]
[-0.13387033]
[-0.13387033]
[-0.13387033]
[-0.13387033]
[-0.13387033]
[-0.13387033]
[-0.13387033]
[-0.13387033]
[-0.13387033]
[0.3151432]
[-0.13387033]
[-0.13387033]
[-0.13387033]
[-0.13387033]
[-0.13387033]
[-0.13387033]
[-0.13387033]
[0.37482655]
[-0.13387033]
[-0.13387033]
[-0.13387033]
[-0.13387033]
[0.11928719]
[0.31957686]
[-0.13387033]
[-0.13387033]
[-0.13387033]
[-0.13387033]
[-0.13387033]
[-0.13387033]
[0.27089462]
[-0.13387033]
[-0.13387033]
[-0.13387033]
[-0.13387033]
[-0.13387033]
[-0.13387033]
[-0.13387033]
[-0.13387033]
[-0.13387033]
[-0.13387033]
[-0.13387033]
[-0.13387033]
[-0.13387033]
[-0.13387033]
[-0.13387033]
[-0.13387033]
[-0.13387033]
[-0.13387033]
[-0.13387033]
[-0.13387033]
[-0.13387033]
[-0.13387033]
[-0.13387033]
[-0.13387033]
[-0.13387033]
[-0.13387033]
[-0.13387033]
[-0.13387033]
[-0.13387033]
[-0.13387033]
[-0.13387033]
[-0.13387033]
[-0.13387033]
[-0.13387033]
[-0.13387033]
[-0.13387033]
[-0.13387033]
[-0.13387033]
[-0.13387033]
[-0.13387033]
[-0.13387033]
[-0.13387033]
[-0.13387033]
[-0.13387033]
[-0.13387033]
[-0.13387033]
[-0.13387033]
[-0.13387033]
[-0.13387033]
[-0.13387033]
[-0.13387033]
[-0.13387033]
[-0.13387033]
[0.27230212]
[-0.13387033]
[-0.13387033]
[-0.13387033]
[-0.13387033]
[-0.15790787]
[0.06353308]
[-0.13387033]
[-0.13387033]
[-0.13387033]
[-0.13387033]
[-0.13387033]
[-0.13387033]
[-0.13387033]
[-0.13387033]
[-0.13387033]
[-0.07505624]
[-0.13387033]
[-0.13387033]
[-0.13387033]
[-0.13387033]
[-0.13387033]
[-0.13387033]
[-0.13387033]
[-0.13387033]
[-0.13387033]
[-0.13387033]
[-0.13387033]
[-0.13387033]
[-0.13387033]
[-0.13387033]
[-0.13387033]
[-0.13387033]
[-0.13387033]
[0.3529943]
[-0.13387033]
[-0.13387033]
[-0.13387033]
[-0.13387033]
[-0.13387033]
[-0.13387033]
[-0.13387033]
[-0.13387033]
[-0.13387033]
[-0.13387033]
[-0.06427688]
[-0.13387033]
[-0.13387033]
[-0.13387033]
[-0.13387033]
[-0.13387033]
[-0.13387033]
[-0.13387033]
[-0.13387033]
[-0.13387033]
[-0.13387033]
[-0.13387033]
[-0.13387033]
[-0.13387033]
[-0.13387033]
[0.30023333]
[-0.13387033]
[-0.13387033]
[-0.13387033]
[-0.13387033]
[-0.13387033]
[-0.13387033]
[-0.13387033]
[-0.13387033]
[-0.13387033]
[-0.13387033]
[-0.13387033]
[-0.13387033]
[-0.13387033]
[-0.13387033]
[-0.13387033]
[-0.13387033]
[-0.13387033]
[-0.13387033]
[-0.13387033]
[-0.13387033]
[-0.13387033]
[-0.13387033]
[-0.13387033]
[-0.13387033]
[-0.13387033]
[-0.13387033]
[-0.13387033]
[-0.13387033]
[-0.13387033]
[0.36764833]
[-0.13387033]
[-0.13387033]
[-0.13387033]
[-0.13387033]
[-0.13387033]
[-0.13387033]
[-0.13387033]
[-0.13387033]
[0.08591301]
[-0.13387033]
[-0.13387033]
[-0.13387033]
[-0.13387033]
[-0.13387033]
[-0.13387033]
[0.20791954]
[-0.13387033]
[-0.13387033]
[-0.13387033]
[-0.13387033]
[-0.13387033]
[-0.13387033]
[-0.13387033]
[-0.13387033]
[-0.13387033]
[-0.13387033]
[-0.13387033]
[-0.13387033]
[-0.13387033]
[0.15842965]
[-0.13387033]
[-0.13387033]
[-0.13387033]
[-0.13387033]
[-0.13387033]
[-0.13387033]
[-0.13387033]
[-0.13387033]
[-0.13387033]
[-0.13387033]
[-0.13387033]
[-0.13387033]
[-0.13387033]
[-0.13387033]
[-0.13387033]
[-0.13387033]
[-0.13387033]
[-0.13387033]
[-0.13387033]
[-0.13387033]
[-0.13387033]
[-0.13387033]
[0.19075002]
[-0.13387033]
[-0.13387033]
[-0.13387033]
[-0.13387033]
[-0.13387033]
[-0.13387033]
[-0.13387033]
[-0.13387033]
[-0.13387033]
[-0.13387033]
[-0.13387033]
[-0.13387033]
[-0.13387033]
[-0.13387033]
[0.42509696]
[-0.13387033]
[-0.13387033]
[-0.13387033]
[-0.13387033]
[-0.13387033]
[-0.13387033]
[-0.13387033]
[-0.13387033]
[-0.13387033]
[-0.13387033]
[0.3086901]
[-0.13387033]
[-0.13387033]
[-0.13387033]
[-0.13387033]
[-0.13387033]
[-0.13387033]
[-0.13387033]
[-0.13387033]
[0.32360655]
[-0.13387033]
[-0.13387033]
[0.27698317]
[0.24911565]
[0.34030327]
[-0.13387033]
[-0.13387033]
[-0.13387033]
[-0.13387033]
[-0.13387033]
[-0.13387033]
[-0.13387033]
[-0.13387033]
[0.12073887]
[-0.13387033]
[-0.13387033]
[-0.13387033]
[-0.13387033]
[-0.13387033]
[-0.13387033]
[-0.13387033]
[-0.13387033]
[-0.13387033]
[-0.13387033]
[-0.13387033]
[-0.13387033]
[0.41686153]
[-0.13387033]
[-0.13387033]
[-0.13387033]
[0.24774227]
[-0.13387033]
[-0.13387033]
[-0.13387033]
[-0.13387033]
[-0.13387033]
[-0.13387033]
[0.31438047]
[-0.13387033]
[-0.13387033]
[-0.13387033]
[-0.13387033]
[-0.13387033]
[-0.13387033]
[-0.13387033]
[-0.13387033]
[-0.13387033]
[-0.13387033]
[-0.13387033]
[-0.13387033]
[-0.13387033]
[-0.13387033]
[-0.13387033]
[-0.13387033]
[-0.13387033]
[-0.13387033]
[-0.13387033]
[-0.13387033]
[-0.13387033]
[-0.13387033]
[-0.15790787]
[-0.13387033]
[-0.13387033]
[-0.13387033]
[-0.13387033]
[-0.13387033]
[-0.13387033]
[-0.13387033]
[-0.13387033]
[-0.13387033]
[-0.13387033]
[-0.13387033]
[-0.13387033]
[-0.13387033]
[-0.13387033]
[-0.13387033]
[-0.13387033]
[0.25611544]
[-0.13387033]
[-0.13387033]
[-0.13387033]
[-0.13387033]
[-0.13387033]
[-0.13387033]
[-0.13387033]
[-0.13387033]
[-0.13387033]
[-0.13387033]
[-0.13387033]
[-0.13387033]
[-0.13387033]
[-0.13387033]
[-0.13387033]
[-0.13387033]
[-0.13387033]
[-0.13387033]
[-0.13387033]
[-0.13387033]
[-0.13387033]
[0.3248225]
[-0.13387033]
[-0.13387033]
[-0.15790787]
[-0.13387033]
[-0.13387033]
[-0.13387033]
[-0.13387033]
[-0.13387033]
[-0.13387033]
[-0.13387033]
[0.24605423]
[-0.13387033]
[-0.13387033]
[-0.13387033]
[-0.13387033]
[-0.13387033]
[-0.13387033]
[-0.13387033]
[0.14036079]
[-0.13387033]
[0.30021554]
[-0.13387033]
[-0.13387033]
[-0.13387033]
[-0.13387033]
[-0.13387033]
[-0.13387033]
[-0.13387033]
[-0.13387033]
[-0.13387033]
[0.11167477]
[-0.13387033]
[-0.13387033]
[-0.13387033]
[0.20629323]
[-0.13387033]
[-0.13387033]
[-0.13387033]
[-0.13387033]
[-0.13387033]
[-0.13387033]
[-0.13387033]
[-0.13387033]
[0.24373284]
[-0.08187112]
[-0.13387033]
[-0.13387033]
[0.3054724]
[-0.13387033]
[-0.13387033]
[-0.13387033]
[-0.13387033]
[-0.13387033]
[-0.13387033]
[-0.13387033]
[-0.13387033]
[-0.13387033]
[-0.13387033]
[-0.13387033]
[-0.13387033]
[-0.13387033]
[-0.13387033]
[-0.13387033]
[-0.13387033]
[-0.13387033]
[-0.13387033]
[-0.13387033]
[-0.13387033]
[-0.15790787]
[-0.13387033]
[-0.13387033]
[-0.13387033]
[-0.13387033]
[-0.13387033]
[-0.13387033]
[-0.13387033]
[-0.13387033]
[-0.15940802]
[-0.13387033]
[0.31652355]
[-0.13387033]
[-0.13387033]
[0.15895653]
[-0.13387033]
[-0.13387033]
[-0.13387033]
[-0.13387033]
[-0.13387033]
[-0.13387033]
[0.28081018]
[0.306283]
[-0.13387033]
[-0.13387033]
[-0.13387033]
[-0.13387033]
[-0.13387033]
[-0.13387033]
[-0.13387033]
[-0.13387033]
[-0.13387033]
[-0.13387033]
[-0.13387033]
[-0.13387033]
[-0.13387033]
[-0.13387033]
[-0.13387033]
[-0.13387033]
[-0.13387033]
[-0.13387033]
[-0.13387033]
[0.43706313]
[-0.13387033]
[-0.13387033]
[-0.13387033]
[-0.13387033]
[-0.13387033]
[-0.13387033]
[-0.13387033]
[0.25563598]
[-0.13387033]
[0.27165687]
[-0.13387033]
[-0.13387033]
[-0.13387033]
[-0.13387033]
[-0.13387033]
[0.34255904]
[-0.13387033]
[-0.06643433]
[-0.13387033]
[-0.13387033]
[-0.13387033]
[-0.13387033]
[-0.13387033]
[-0.13387033]
[-0.13387033]
[-0.13387033]
[-0.13387033]
[-0.13387033]
[-0.13387033]
[-0.13387033]
[-0.13387033]
[-0.13387033]
[-0.13387033]
[-0.13387033]
[-0.13387033]
[-0.13387033]
[-0.13387033]
[-0.13387033]
[-0.13387033]
[-0.13387033]
[-0.13387033]
[-0.13387033]
[0.24205992]
[-0.13387033]
[-0.13387033]
[-0.13387033]
[-0.13387033]
[0.34922072]
[-0.13387033]
[-0.13387033]
[-0.13387033]
[-0.13387033]
[-0.13387033]
[-0.13387033]
[-0.13387033]
[-0.13387033]
[-0.13387033]
[0.3709026]
[0.24252972]
[-0.13387033]
[-0.13387033]
[-0.13387033]
[-0.13387033]
[0.16640213]
[-0.13387033]
[-0.13387033]
[-0.13387033]
[-0.13387033]
[-0.13387033]
[-0.13387033]
[0.28898832]
[-0.13387033]
[0.33467084]
[-0.13387033]
[-0.13387033]
[-0.13387033]
[-0.13387033]
[-0.13387033]
[-0.13387033]
[-0.13387033]
[-0.13387033]
[-0.13387033]
[-0.13387033]
[-0.13387033]
[-0.13387033]
[-0.13387033]
[-0.13387033]
[-0.13387033]
[0.3610605]
[-0.13387033]
[-0.13387033]
[-0.13387033]
[-0.13387033]
[-0.13387033]
[-0.13387033]
[-0.13387033]
[-0.13387033]
[-0.13387033]
[-0.13387033]
[-0.13387033]
[-0.13387033]
[-0.13387033]
[-0.13387033]
[-0.13387033]
[-0.13387033]
[-0.13387023]
[-0.13387023]
[-0.13387023]
[-0.13387023]
