0.011100872
0.009900716
0.009595434
0.011295055
0.012332156
0.014967232
0.015782164
0.017872067
0.008673978
0.013219354
0.013219354
0.014518073
0.009595434
0.010556679
0.01374249
0.008880697
0.01419206
0.013219354
0.011478135
0.0120472545
0.0118156085
0.011651314
0.015735403
0.0120472545
0.020615213
0.012192871
0.020369936
0.010785565
0.01212089
0.010999179
0.019385051
0.017111681
0.0128356265
0.017514385
0.014035783
0.01619533
0.010673166
0.017418357
0.010179416
0.022936437
0.011295055
0.0132706035
0.020547777
0.019437376
0.0066605234
0.014845197
0.013515229
0.009595434
0.010673166
0.015805291
0.008880697
0.015055801
0.011565895
0.012192871
0.01031017
0.016373875
0.011199434
0.012593773
0.022978436
0.023840437
0.013786069
0.0066605234
0.013467776
0.00943114
0.01419206
0.008880697
0.012263271
0.008215621
0.00737526
0.013060493
0.023242172
0.016922284
0.017304963
0.009595434
0.010785565
0.010043097
0.01650617
0.010556679
0.016006244
0.0128356265
0.02120005
0.008452992
0.0022201743
0.011100872
0.017304963
0.011478135
0.018322356
0.0134196095
0.016295748
0.00737526
0.01817185
0.014782391
0.017847802
0.022363378
0.010785565
0.013786069
0.024446845
0.013913359
0.021411043
0.01212089
0.015918484
0.008215621
0.0035188932
0.01031017
0.0057390677
0.02009828
0.015198181
0.01733369
0.007959242
0.0022201743
0.009900716
0.010673166
0.0076805414
0.0128356265
0.011387903
0.010673166
0.012192871
0.01374249
0.012950033
0.014652957
0.016412234
0.012192871
0.0128356265
0.013467776
0.012332156
0.011651314
0.02291648
0.013005739
0.011565895
0.012950033
0.0128356265
0.015782164
0.0118947
0.017157331
0.008880697
0.011651314
0.01833284
0.00943114
0.020210886
0.010179416
0.017500842
0.013005739
0.016154265
0.011100872
0.020080132
0.0120472545
0.010435796
0.020785147
0.022005018
0.016255958
0.009751711
0.013005739
0.0127768535
0.014586225
0.011971885
0.011199434
0.019190868
0.016255958
0.01374249
0.014552331
0.009595434
0.015225913
0.015805291
0.008452992
0.0044403486
0.0070377863
0.01650617
0.0022201743
0.013913359
0.016431242
0.010785565
0.01031017
0.016597431
0.010785565
0.010043097
0.007959242
0.010999179
0.015361083
0.013005739
0.021882983
0.0035188932
0.015084788
0.0062328177
0.009900716
-0.00737526
0.01685658
0.014377258
0.016970694
0.010556679
0.0066605234
0.014652957
0.01212089
0.009074881
0.015590881
0.010179416
0.013060493
0.01374249
0.015566147
0.011387903
0.014304458
-0.0038563665
0.010179416
0.009257961
0.0118947
0.0070377863
0.011199434
0.024380995
0.010556679
0.012192871
0.009751711
0.0120472545
0.01502655
0.0117345145
0.014997028
0.01663322
0.022603933
0.011199434
0.018564973
0.01908504
0.017111681
0.01760762
0.017390382
0.013005739
0.021586329
0.014997028
0.010673166
0.013005739
0.014518073
0.0066605234
-0.0038563665
0.011565895
0.024038589
0.014075573
0.008880697
0.014304458
0.016049238
0.018048426
0.0178356
0.0148139475
0.016789498
0.016154265
0.01369831
0.008452992
0.012950033
0.016235875
0.013370707
0.008880697
0.013871489
0.014413046
0.01031017
0.014304458
0.014035783
0.007959242
0.012192871
0.015851049
0.012399591
0.017261384
0.0
0.012530345
0.010435796
0.009257961
0.013786069
0.01712697
0.014075573
0.014377258
0.009074881
0.015828252
0.011100872
0.01594065
0.0117345145
0.013954689
0.011295055
0.008880697
0.015711764
0.02080456
0.013871489
0.013653511
0.017798712
0.013871489
0.0127768535
0.0118156085
0.016373875
0.013060493
0.021346333
0.014229965
0.009751711
0.012950033
0.014652957
0.009900716
0.01212089
0.01212089
0.014304458
0.012950033
0.021415044
0.0070377863
0.019801432
0.01212089
0.014114874
0.0066605234
0.00943114
0.011565895
0.011199434
0.01212089
0.010785565
0.014448439
0.010435796
0.015615426
0.02627459
0.0128356265
0.012530345
0.020997034
0.020736096
0.012399591
0.010894153
0.009751711
0.018545443
0.013060493
0.012263271
0.014153699
0.009751711
0.012530345
0.0128356265
0.010673166
0.014229965
0.02155586
0.018215578
0.013167271
0.012950033
0.00737526
0.0057390677
0.016255958
0.022047969
0.008215621
0.00943114
0.014586225
0.011199434
0.010894153
0.010179416
0.009595434
0.015758868
0.010556679
0.01031017
0.0070377863
0.008880697
0.009257961
0.011971885
0.013167271
0.0070377863
0.011651314
0.0127169825
0.0022201743
0.009595434
0.014845197
0.011478135
0.009595434
0.0035188932
0.01619533
0.010785565
0.0076805414
0.014845197
0.017034123
0.00737526
0.012332156
0.015439529
0.00943114
0.015782164
0.01963853
0.01862286
0.013114328
0.016615376
0.00737526
0.012263271
0.013467776
0.010179416
0.008452992
0.018415505
0.014267429
0.016315458
0.011565895
0.010556679
0.0127768535
0.009595434
0.0062328177
0.016215667
0.0070377863
0.017723639
0.0076805414
0.01645014
0.017736273
0.012950033
0.0117345145
0.023466922
0.0118156085
0.0120472545
0.014267429
0.012465635
0.016049238
-0.00737526
0.022369321
0.016235875
0.010435796
0.009257961
0.013608078
0.014229965
0.011651314
0.012655971
0.012655971
0.009900716
0.014586225
0.01369831
0.013370707
0.010179416
0.012950033
0.014035783
0.015253408
0.019700594
0.016215667
0.013467776
0.009900716
0.015387446
0.013561989
0.020584265
0.017002566
0.01683994
0.013167271
0.011971885
0.010179416
0.013167271
0.011651314
0.016215667
0.013167271
0.012399591
0.0
0.012332156
0.017065372
0.016905984
0.009595434
0.017390382
0.008452992
0.007959242
0.013167271
0.008880697
0.017473582
0.015918484
0.012530345
0.014483445
0.010043097
0.011295055
0.012530345
0.0022201743
0.019324183
0.01369831
0.011295055
0.014652957
0.007959242
0.010673166
0.011971885
0.026159402
0.02216715
0.010785565
0.016938502
0.005155085
0.008452992
0.0057390677
0.0118156085
0.017275976
0.008673978
0.013060493
0.022584563
0.0035188932
0.013995493
0.014413046
0.015639784
0.0120472545
0.013871489
0.015566147
0.015141986
0.010894153
0.016703619
0.016922284
0.0118156085
0.015439529
0.009074881
0.01419206
0.013167271
0.010043097
0.013995493
0.008452992
0.014967232
0.016027814
0.012465635
0.01850602
0.011651314
0.013829064
0.01031017
0.013608078
0.013561989
0.025417961
0.010785565
0.023988847
0.019503422
0.0168896
0.014518073
0.017142186
0.011478135
0.022669472
0.009751711
0.015828252
0.0057390677
0.015465256
0.010179416
0.014906796
0.010556679
0.00737526
0.016542988
0.009751711
0.015541221
0.020563466
0.015663957
0.012655971
0.014997028
0.018082561
0.0132706035
0.013871489
0.011199434
0.0022201743
0.013167271
0.021827217
0.010556679
0.015805291
0.00943114
0.0
0.020584265
0.0134196095
0.014586225
0.019301057
0.014448439
0.018384755
0.007959242
0.015615426
0.011651314
0.016373875
0.010043097
0.011971885
0.0057390677
0.0022201743
0.015516099
0.016215667
0.012593773
0.010179416
0.01468581
0.02743531
-0.00737526
0.0120472545
0.007959242
0.011387903
0.01419206
0.010999179
0.009257961
0.013167271
0.019727796
0.011295055
0.0127768535
0.009257961
0.01031017
0.0117345145
0.017018383
0.020175753
0.00943114
0.013005739
0.01683994
0.01419206
0.015141986
0.010043097
0.007959242
0.012332156
0.017473582
0.011199434
0.014377258
0.018698452
0.018013922
0.012893341
0.008673978
0.0022201743
0.011971885
0.0070377863
0.015334502
0.012263271
0.0117345145
0.015198181
0.012263271
0.020960376
0.021752518
0.010999179
0.015828252
0.023907248
0.011199434
0.02232749
0.0062328177
0.010179416
0.018476132
0.014518073
0.009595434
0.012655971
0.010179416
0.021010675
0.017018383
0.012399591
0.014304458
0.013995493
0.013114328
0.013829064
0.013321047
0.0118156085
0.013321047
0.008452992
0.014997028
0.013913359
0.0127768535
0.014586225
0.015805291
0.010673166
0.013829064
0.008215621
0.014153699
0.008673978
0.014341065
0.011565895
0.00943114
0.008215621
0.009595434
0.013829064
0.017231997
0.021148317
0.009595434
0.010894153
0.009074881
0.010673166
0.016335048
0.013871489
0.015113515
0.01212089
0.011971885
0.011199434
0.015439529
0.013219354
0.0168896
0.022674872
0.0057390677
0.013913359
0.018853394
0.009074881
0.010556679
0.018923795
0.016315458
0.014876145
0.0117345145
0.011199434
0.014229965
0.01031017
0.009751711
0.016255958
0.024711808
0.014114874
0.014377258
0.0057390677
0.012465635
0.021620262
0.011478135
0.013060493
0.0066605234
0.0062328177
0.012655971
0.011100872
0.01374249
0.012593773
0.018160826
0.014035783
0.028615259
0.023157423
0.017376302
0.016174864
0.012263271
0.005155085
0.0118947
0.009074881
0.01762072
0.014619765
0.014652957
0.013653511
0.011971885
0.012192871
-0.0022201743
0.015439529
0.011100872
0.016373875
0.011971885
0.008880697
0.012192871
0.010673166
0.01419206
0.0057390677
0.015805291
0.030034443
0.013321047
0.015055801
0.02227289
0.011100872
0.01374249
0.010785565
0.010673166
0.025741423
0.016938502
0.019452171
0.013370707
0.010673166
0.022201745
0.018525792
0.008452992
0.02380271
0.010894153
0.019801432
0.010556679
0.017514385
0.015334502
0.013219354
0.009751711
0.009900716
0.015566147
0.014906796
0.0076805414
0.01475052
0.027136736
0.011387903
0.014304458
0.010785565
0.015280668
0.01650617
0.012950033
0.016597431
0.010673166
0.013167271
0.013321047
0.0022201743
0.01031017
0.01998782
0.014114874
0.012893341
0.0118947
0.0070377863
0.0118947
0.01468581
0.0134196095
0.016542988
0.0035188932
0.0127169825
0.014267429
0.01369831
0.009751711
0.019377505
0.009074881
0.012530345
0.0132706035
0.005155085
0.011971885
-0.0022201743
0.0118156085
0.017376302
0.014483445
0.011387903
0.011478135
0.009074881
0.020086193
0.022141755
0.013653511
0.011971885
0.01823722
0.0117345145
0.012893341
0.0120472545
0.013653511
0.010179416
0.013005739
0.011199434
0.010556679
0.0127169825
0.011100872
0.01468581
0.01369831
0.01836409
0.01879956
0.014619765
0.010673166
0.013060493
0.01650617
0.008673978
0.013219354
0.010435796
0.010785565
0.010894153
0.014413046
0.010673166
0.013829064
0.010043097
0.012893341
0.020468162
0.019018134
0.014876145
0.0
0.011478135
0.012950033
0.014035783
0.01419206
0.0057390677
0.015541221
0.017217202
0.011971885
0.013608078
-0.0022201743
0.014997028
0.017246723
-0.0038563665
0.014552331
0.018082561
0.014876145
0.014267429
0.0117345145
0.009595434
0.012530345
0.014035783
0.014153699
0.017034123
0.014782391
0.0127768535
0.010556679
0.022809617
0.012332156
0.014586225
0.014304458
0.0066605234
0.024235155
0.016049238
0.010999179
0.0153076975
0.023157423
0.013467776
0.017172404
0.010999179
0.011565895
0.016335048
0.012655971
0.014619765
0.016215667
0.008673978
0.00737526
0.021612752
0.015465256
0.012192871
0.011651314
0.010894153
0.01568795
0.010999179
0.015055801
0.0062328177
0.008215621
0.0153076975
0.01981464
0.019422514
0.011565895
0.021627756
0.014075573
0.013321047
0.01419206
0.014586225
0.014114874
0.019316493
0.014906796
0.0120472545
0.0120472545
0.011971885
0.012399591
0.013515229
0.01883555
0.010673166
0.00943114
0.008452992
0.015084788
0.013561989
0.0168064
0.016431242
0.016579386
0.012465635
0.016487602
0.010043097
0.016006244
0.014448439
0.008452992
0.016027814
0.010179416
0.013561989
0.014586225
0.0120472545
0.009900716
0.009751711
0.021191485
0.0120472545
0.010435796
0.01594065
0.013060493
0.011387903
0.008880697
0.02249449
0.0118947
-0.0038563665
0.012893341
0.008215621
0.015387446
0.014448439
0.018226419
0.017581258
0.011387903
0.0120472545
0.013321047
0.017554676
0.015896164
0.014035783
0.008880697
0.016686164
0.0127169825
0.017581258
0.011100872
0.013608078
0.009257961
0.010179416
0.015516099
0.0127768535
0.019392578
0.014229965
0.017261384
0.012192871
0.019198867
0.010435796
0.0187905
0.01685658
0.0117345145
0.020462783
0.017633768
0.0022201743
0.017672593
0.01974131
0.010435796
0.015758868
0.025186315
0.013653511
0.0128356265
0.009595434
0.013786069
0.015225913
0.014229965
0.008673978
0.017633768
0.010179416
0.01468581
0.01212089
-0.00033747338
0.010894153
0.023718111
0.01882659
-0.0016361921
0.00737526
0.011387903
0.025162823
0.011295055
0.010179416
0.022148123
0.028467016
0.013786069
0.013786069
0.014075573
0.005155085
0.013467776
0.008215621
0.01374249
0.0134196095
0.011295055
0.009074881
0.0070377863
0.015387446
0.010043097
0.014304458
0.011295055
0.018984148
0.010894153
0.014341065
0.014552331
0.014035783
0.013995493
0.011971885
0.020809395
0.018466106
0.010043097
0.012655971
0.015084788
-0.00737526
0.019840894
0.015590881
0.014652957
0.009595434
