[0.1825355]
[0.1825355]
[0.1825355]
[0.1825355]
[0.1825355]
[0.1825355]
[0.1825355]
[0.1825355]
[0.1825355]
[0.1825355]
[0.1825355]
[0.1825355]
[0.1825355]
[0.1825355]
[0.1825355]
[0.1825355]
[0.1825355]
[0.1825355]
[-0.05068745]
[0.1825355]
[0.1825355]
[0.1825355]
[0.1825355]
[-0.01439865]
[0.1825355]
[0.1825355]
[0.1825355]
[0.1825355]
[0.1825355]
[0.1825355]
[0.1825355]
[0.1825355]
[0.1825355]
[-0.01042293]
[0.1825355]
[0.1825355]
[0.1825355]
[0.1825355]
[0.1825355]
[0.01677634]
[0.1825355]
[0.1825355]
[0.1825355]
[0.1825355]
[0.1825355]
[0.1825355]
[-0.01916488]
[0.1825355]
[0.1825355]
[-0.05020489]
[0.1825355]
[0.1825355]
[0.1825355]
[0.1825355]
[0.1825355]
[-0.0370546]
[0.1825355]
[0.1825355]
[0.1825355]
[0.1825355]
[0.1825355]
[0.1825355]
[0.1825355]
[-0.02389367]
[0.1825355]
[0.1825355]
[0.1825355]
[0.1825355]
[0.1825355]
[0.1825355]
[0.1825355]
[0.1825355]
[0.1825355]
[0.1825355]
[0.1825355]
[-0.02524492]
[0.1825355]
[0.1825355]
[0.1825355]
[0.1825355]
[0.1825355]
[0.1825355]
[0.1825355]
[0.1825355]
[0.1825355]
[0.1825355]
[0.1825355]
[0.1825355]
[0.1825355]
[0.1825355]
[0.1825355]
[0.1825355]
[0.1825355]
[0.1825355]
[0.1825355]
[0.1825355]
[0.1825355]
[0.1825355]
[0.1825355]
[0.1825355]
[0.1825355]
[0.1825355]
[0.1825355]
[0.1825355]
[0.1825355]
[0.1825355]
[0.1825355]
[0.1825355]
[0.1825355]
[0.1825355]
[0.1825355]
[0.1825355]
[0.1825355]
[-0.02113316]
[0.1825355]
[0.1825355]
[0.1825355]
[0.1825355]
[0.03433779]
[0.1825355]
[-0.03742933]
[0.1825355]
[0.1825355]
[0.1825355]
[0.1825355]
[0.1825355]
[0.1825355]
[0.1825355]
[0.00455546]
[0.1825355]
[0.1825355]
[0.1825355]
[0.1825355]
[0.1825355]
[0.1825355]
[0.1825355]
[0.1825355]
[0.1825355]
[0.1825355]
[0.1825355]
[0.1825355]
[0.1825355]
[0.1825355]
[0.1825355]
[0.1825355]
[0.1825355]
[0.1825355]
[0.1825355]
[0.1825355]
[0.1825355]
[0.1825355]
[0.1825355]
[0.1825355]
[0.1825355]
[0.1825355]
[0.1825355]
[0.1825355]
[0.1825355]
[0.1825355]
[0.1825355]
[0.1825355]
[0.1825355]
[0.1825355]
[0.1825355]
[0.1825355]
[0.1825355]
[0.1825355]
[0.1825355]
[0.1825355]
[0.1825355]
[0.1825355]
[0.1825355]
[0.1825355]
[0.1825355]
[0.1825355]
[0.1825355]
[0.1825355]
[0.1825355]
[0.1825355]
[0.1825355]
[0.1825355]
[-0.01039813]
[0.1825355]
[0.1825355]
[0.1825355]
[0.1825355]
[0.1825355]
[0.1825355]
[0.1825355]
[0.1825355]
[0.1825355]
[0.1825355]
[0.1825355]
[0.1825355]
[0.1825355]
[0.1825355]
[0.1825355]
[0.1825355]
[0.1825355]
[0.1825355]
[0.1825355]
[0.1825355]
[0.1825355]
[0.1825355]
[0.1825355]
[0.1825355]
[0.1825355]
[0.1825355]
[0.1825355]
[0.1825355]
[0.1825355]
[0.1825355]
[0.1825355]
[0.1825355]
[0.1825355]
[0.1825355]
[0.1825355]
[-0.00842983]
[0.0038486]
[0.1825355]
[0.1825355]
[0.1825355]
[0.1825355]
[0.1825355]
[0.1825355]
[0.1825355]
[0.1825355]
[0.1825355]
[0.1825355]
[0.1825355]
[0.1825355]
[0.1825355]
[0.1825355]
[0.1825355]
[0.1825355]
[-0.01767205]
[0.1825355]
[0.1825355]
[0.1825355]
[0.1825355]
[0.1825355]
[0.1825355]
[0.1825355]
[0.1825355]
[0.1825355]
[-0.046624]
[0.1825355]
[-0.02825042]
[0.1825355]
[0.1825355]
[0.1825355]
[0.1825355]
[0.1825355]
[0.1825355]
[0.1825355]
[-0.02335142]
[0.1825355]
[-0.03669133]
[0.1825355]
[0.1825355]
[0.1825355]
[0.1825355]
[0.1825355]
[0.1825355]
[0.1825355]
[0.1825355]
[0.1825355]
[0.1825355]
[0.1825355]
[0.1825355]
[0.1825355]
[0.1825355]
[-0.00580436]
[0.1825355]
[0.1825355]
[0.1825355]
[0.1825355]
[0.1825355]
[0.1825355]
[0.1825355]
[0.1825355]
[0.1825355]
[0.1825355]
[0.1825355]
[0.1825355]
[0.1825355]
[0.1825355]
[0.1825355]
[-0.0137407]
[0.1825355]
[0.1825355]
[0.1825355]
[0.1825355]
[0.1825355]
[0.1825355]
[0.1825355]
[0.1825355]
[0.1825355]
[0.1825355]
[0.1825355]
[0.1825355]
[0.1825355]
[0.1825355]
[0.1825355]
[0.1825355]
[0.1825355]
[0.1825355]
[0.1825355]
[0.1825355]
[0.1825355]
[-0.00128515]
[0.04684043]
[0.1825355]
[0.1825355]
[0.1825355]
[0.1825355]
[0.1825355]
[-0.00058867]
[0.1825355]
[0.1825355]
[0.1825355]
[0.1825355]
[0.1825355]
[0.1825355]
[0.1825355]
[0.1825355]
[0.1825355]
[0.1825355]
[0.1825355]
[0.1825355]
[0.1825355]
[0.1825355]
[0.1825355]
[0.1825355]
[-0.00837043]
[0.1825355]
[0.1825355]
[0.1825355]
[0.1825355]
[0.1825355]
[0.1825355]
[0.1825355]
[0.1825355]
[0.1825355]
[0.1825355]
[0.1825355]
[0.1825355]
[0.1825355]
[0.1825355]
[0.1825355]
[0.1825355]
[0.1825355]
[0.1825355]
[0.1825355]
[0.1825355]
[0.1825355]
[0.1825355]
[0.1825355]
[0.1825355]
[0.1825355]
[0.1825355]
[0.1825355]
[0.1825355]
[0.1825355]
[0.1825355]
[0.1825355]
[0.1825355]
[0.1825355]
[0.01790945]
[0.1825355]
[0.1825355]
[0.1825355]
[0.1825355]
[0.1825355]
[0.1825355]
[0.1825355]
[0.1825355]
[0.1825355]
[0.1825355]
[0.1825355]
[0.1825355]
[0.1825355]
[0.1825355]
[0.1825355]
[0.1825355]
[0.1825355]
[0.1825355]
[0.1825355]
[-0.04700765]
[0.1825355]
[0.1825355]
[0.1825355]
[0.1825355]
[0.1825355]
[0.1825355]
[0.1825355]
[0.1825355]
[0.1825355]
[0.1825355]
[0.1825355]
[0.1825355]
[0.1825355]
[0.1825355]
[0.1825355]
[0.1825355]
[0.1825355]
[0.1825355]
[0.1825355]
[0.1825355]
[0.1825355]
[0.1825355]
[0.1825355]
[0.1825355]
[0.1825355]
[0.1825355]
[0.1825355]
[0.1825355]
[0.1825355]
[0.1825355]
[0.1825355]
[0.1825355]
[0.1825355]
[0.1825355]
[0.1825355]
[-0.04131916]
[0.1825355]
[0.1825355]
[0.1825355]
[0.1825355]
[0.1825355]
[0.1825355]
[0.1825355]
[0.00484557]
[0.1825355]
[-0.050981]
[0.1825355]
[0.1825355]
[0.1825355]
[0.1825355]
[0.1825355]
[0.1825355]
[0.1825355]
[0.1825355]
[0.1825355]
[0.1825355]
[0.1825355]
[0.1825355]
[0.1825355]
[0.1825355]
[0.1825355]
[0.1825355]
[0.0153681]
[0.1825355]
[0.1825355]
[0.1825355]
[0.1825355]
[0.1825355]
[0.1825355]
[-0.04802471]
[0.1825355]
[0.1825355]
[0.1825355]
[0.1825355]
[0.1825355]
[0.1825355]
[0.1825355]
[-0.02056929]
[0.1825355]
[0.05192009]
[0.1825355]
[0.1825355]
[0.1825355]
[0.1825355]
[0.1825355]
[0.1825355]
[0.1825355]
[0.1825355]
[0.1825355]
[-0.01569968]
[0.1825355]
[0.1825355]
[0.1825355]
[0.1825355]
[0.1825355]
[-0.04919337]
[0.1825355]
[0.1825355]
[0.01535404]
[0.1825355]
[0.1825355]
[0.1825355]
[0.1825355]
[0.1825355]
[0.1825355]
[0.1825355]
[0.1825355]
[0.1825355]
[0.1825355]
[0.1825355]
[0.1825355]
[0.1825355]
[0.1825355]
[0.1825355]
[0.1825355]
[0.1825355]
[0.1825355]
[0.1825355]
[0.1825355]
[0.1825355]
[0.1825355]
[0.1825355]
[0.1825355]
[0.1825355]
[0.1825355]
[0.1825355]
[0.1825355]
[0.1825355]
[0.1825355]
[0.1825355]
[0.1825355]
[0.1825355]
[0.1825355]
[0.1825355]
[0.1825355]
[0.1825355]
[0.1825355]
[0.1825355]
[0.1825355]
[0.1825355]
[0.1825355]
[0.1825355]
[0.1825355]
[0.1825355]
[0.1825355]
[0.1825355]
[0.1825355]
[-0.05769242]
[0.1825355]
[-0.02224518]
[-0.02512306]
[-0.02232315]
[0.1825355]
[0.1825355]
[0.1825355]
[0.1825355]
[0.1825355]
[0.1825355]
[0.1825355]
[0.1825355]
[0.1825355]
[0.1825355]
[0.1825355]
[0.1825355]
[0.1825355]
[0.1825355]
[0.1825355]
[0.1825355]
[-0.02734046]
[0.1825355]
[0.1825355]
[0.1825355]
[0.1825355]
[0.1825355]
[0.1825355]
[0.1825355]
[0.1825355]
[0.1825355]
[0.1825355]
[0.1825355]
[0.1825355]
[0.1825355]
[0.1825355]
[0.1825355]
[0.1825355]
[0.1825355]
[0.1825355]
[0.1825355]
[0.1825355]
[0.1825355]
[0.1825355]
[0.1825355]
[0.1825355]
[0.1825355]
[0.1825355]
[0.1825355]
[0.1825355]
[0.1825355]
[0.1825355]
[0.1825355]
[0.1825355]
[0.1825355]
[0.1825355]
[0.1825355]
[0.1825355]
[0.1825355]
[0.1825355]
[0.1825355]
[0.1825355]
[-0.03899702]
[0.1825355]
[0.1825355]
[0.1825355]
[0.1825355]
[0.1825355]
[0.1825355]
[0.1825355]
[0.1825355]
[0.1825355]
[0.1825355]
[0.1825355]
[0.1825355]
[0.1825355]
[0.1825355]
[0.1825355]
[0.1825355]
[0.1825355]
[-0.00754108]
[0.1825355]
[0.1825355]
[0.1825355]
[0.1825355]
[0.1825355]
[0.1825355]
[-0.04206667]
[0.1825355]
[0.1825355]
[-0.00661881]
[0.1825355]
[0.1825355]
[0.1825355]
[0.1825355]
[0.1825355]
[0.1825355]
[0.1825355]
[0.1825355]
[0.1825355]
[0.1825355]
[0.1825355]
[0.1825355]
[0.1825355]
[0.1825355]
[0.1825355]
[0.1825355]
[0.1825355]
[0.1825355]
[0.1825355]
[0.1825355]
[0.1825355]
[0.1825355]
[0.1825355]
[0.1825355]
[0.1825355]
[0.1825355]
[0.1825355]
[0.1825355]
[0.1825355]
[0.1825355]
[0.1825355]
[-0.00441317]
[0.1825355]
[0.1825355]
[0.1825355]
[0.1825355]
[0.1825355]
[0.1825355]
[0.1825355]
[0.1825355]
[0.1825355]
[0.1825355]
[0.1825355]
[0.1825355]
[0.1825355]
[0.1825355]
[0.1825355]
[0.1825355]
[0.1825355]
[0.1825355]
[0.1825355]
[0.1825355]
[0.1825355]
[0.1825355]
[0.1825355]
[0.1825355]
[0.1825355]
[0.1825355]
[0.1825355]
[0.1825355]
[-0.04771812]
[0.1825355]
[0.1825355]
[0.1825355]
[0.1825355]
[0.1825355]
[0.1825355]
[0.1825355]
[0.1825355]
[0.1825355]
[0.1825355]
[0.1825355]
[0.1825355]
[0.1825355]
[-0.07030959]
[0.1825355]
[0.1825355]
[0.1825355]
[0.1825355]
[-0.0481903]
[0.1825355]
[0.1825355]
[0.1825355]
[0.1825355]
[0.1825355]
[0.1825355]
[0.1825355]
[-0.03340034]
[0.1825355]
[0.1825355]
[0.1825355]
[0.1825355]
[0.1825355]
[0.1825355]
[0.02141458]
[0.1825355]
[0.1825355]
[0.1825355]
[-0.04519955]
[0.1825355]
[0.1825355]
[0.1825355]
[0.1825355]
[-0.0218544]
[0.0576269]
[0.1825355]
[0.1825355]
[0.1825355]
[0.1825355]
[-0.01944324]
