[0.24647163]
[0.24647163]
[0.24647163]
[0.24647163]
[0.24647163]
[0.24647163]
[0.24647163]
[0.24647163]
[0.24647163]
[0.24647163]
[0.24647163]
[0.24647163]
[0.24647163]
[0.24647163]
[0.29954362]
[0.24647163]
[0.24647163]
[0.24647163]
[0.24647163]
[0.2869771]
[0.24647163]
[0.3104383]
[0.24647163]
[0.31982034]
[0.24647163]
[0.24647163]
[0.24647163]
[0.24647163]
[0.24647163]
[0.24647163]
[0.24647163]
[0.30473012]
[0.24647163]
[0.24647163]
[0.24647163]
[0.24647163]
[0.24647163]
[0.3088447]
[0.24647163]
[0.24647163]
[0.24647163]
[0.24647163]
[0.24647163]
[0.24647163]
[0.31788576]
[0.24647163]
[0.24647163]
[0.24647163]
[0.24647163]
[0.24647163]
[0.24647163]
[0.24647163]
[0.24647163]
[0.24647163]
[0.3169462]
[0.24647163]
[0.24647163]
[0.24647163]
[0.24647163]
[0.24647163]
[0.24647163]
[0.24647163]
[0.24647163]
[0.24647163]
[0.3118174]
[0.24647163]
[0.3020746]
[0.24647163]
[0.24647163]
[0.24647163]
[0.24647163]
[0.24647163]
[0.24647163]
[0.24647163]
[0.29300964]
[0.24647163]
[0.24647163]
[0.24647163]
[0.24647163]
[0.24647163]
[0.24647163]
[0.24647163]
[0.31900543]
[0.24647163]
[0.24647163]
[0.24647163]
[0.24647163]
[0.24647163]
[0.24647163]
[0.24647163]
[0.24647163]
[0.24647163]
[0.24647163]
[0.24647163]
[0.3132331]
[0.24647163]
[0.24647163]
[0.24647163]
[0.3072481]
[0.24647163]
[0.24647163]
[0.24647163]
[0.24647163]
[0.24728423]
[0.24647163]
[0.24647163]
[0.24647163]
[0.24647163]
[0.28765413]
[0.24647163]
[0.24647163]
[0.24647163]
[0.24647163]
[0.24647163]
[0.24647163]
[0.24647163]
[0.24647163]
[0.24647163]
[0.24647163]
[0.24647163]
[0.24647163]
[0.24647163]
[0.24647163]
[0.24647163]
[0.24647163]
[0.24647163]
[0.24647163]
[0.24647163]
[0.24647163]
[0.24647163]
[0.24647163]
[0.24647163]
[0.24647163]
[0.24647163]
[0.24647163]
[0.24647163]
[0.24647163]
[0.24647163]
[0.24647163]
[0.24728423]
[0.24647163]
[0.24647163]
[0.24647163]
[0.24647163]
[0.24647163]
[0.24647163]
[0.24647163]
[0.24647163]
[0.24647163]
[0.24647163]
[0.24647163]
[0.24647163]
[0.24647163]
[0.24647163]
[0.24647163]
[0.24647163]
[0.24647163]
[0.24647163]
[0.3188401]
[0.24647163]
[0.24647163]
[0.24647163]
[0.24647163]
[0.24647163]
[0.24647163]
[0.24647163]
[0.29970485]
[0.24647163]
[0.24647163]
[0.24647163]
[0.30781218]
[0.24647163]
[0.24647163]
[0.24647163]
[0.24647163]
[0.24647163]
[0.24647163]
[0.24647163]
[0.24647163]
[0.24647163]
[0.24647163]
[0.24647163]
[0.29679337]
[0.24647163]
[0.24647163]
[0.24647163]
[0.24647163]
[0.24647163]
[0.24647163]
[0.24647163]
[0.24647163]
[0.24647163]
[0.24647163]
[0.24647163]
[0.24647163]
[0.24647163]
[0.24647163]
[0.24647163]
[0.24647163]
[0.24647163]
[0.24647163]
[0.24647163]
[0.24647163]
[0.24647163]
[0.24647163]
[0.24647163]
[0.24647163]
[0.24647163]
[0.24647163]
[0.24647163]
[0.24647163]
[0.24647163]
[0.24647163]
[0.24647163]
[0.24647163]
[0.24647163]
[0.24647163]
[0.24647163]
[0.24647163]
[0.24647163]
[0.24647163]
[0.24647163]
[0.24647163]
[0.24647163]
[0.24647163]
[0.24647163]
[0.24647163]
[0.24647163]
[0.24647163]
[0.24647163]
[0.24647163]
[0.24647163]
[0.24647163]
[0.24647163]
[0.24647163]
[0.24647163]
[0.24647163]
[0.24647163]
[0.24647163]
[0.24647163]
[0.24647163]
[0.24647163]
[0.24647163]
[0.24647163]
[0.24647163]
[0.24647163]
[0.24647163]
[0.24647163]
[0.24647163]
[0.24647163]
[0.24647163]
[0.24647163]
[0.24647163]
[0.28501424]
[0.24647163]
[0.24647163]
[0.24647163]
[0.24647163]
[0.24647163]
[0.24647163]
[0.24647163]
[0.24647163]
[0.24647163]
[0.3075291]
[0.24647163]
[0.24647163]
[0.24647163]
[0.24647163]
[0.24647163]
[0.24647163]
[0.24647163]
[0.24647163]
[0.24647163]
[0.24647163]
[0.24647163]
[0.30374038]
[0.24647163]
[0.29327852]
[0.24647163]
[0.24647163]
[0.24647163]
[0.24647163]
[0.24647163]
[0.24647163]
[0.24647163]
[0.24647163]
[0.24647163]
[0.24647163]
[0.24647163]
[0.24647163]
[0.24647163]
[0.24647163]
[0.24647163]
[0.24647163]
[0.24647163]
[0.24647163]
[0.24647163]
[0.24647163]
[0.24647163]
[0.24647163]
[0.32623747]
[0.24647163]
[0.24647163]
[0.24647163]
[0.24647163]
[0.24647163]
[0.24647163]
[0.24647163]
[0.24647163]
[0.24647163]
[0.24647163]
[0.24647163]
[0.24647163]
[0.24647163]
[0.24647163]
[0.24647163]
[0.3195479]
[0.24647163]
[0.24647163]
[0.24647163]
[0.24647163]
[0.24647163]
[0.24647163]
[0.24647163]
[0.24647163]
[0.24647163]
[0.3120691]
[0.24647163]
[0.24647163]
[0.24647163]
[0.24647163]
[0.24647163]
[0.24647163]
[0.24647163]
[0.24647163]
[0.24647163]
[0.24647163]
[0.24647163]
[0.24647163]
[0.29679337]
[0.24647163]
[0.30805215]
[0.24647163]
[0.24647163]
[0.27905792]
[0.31003976]
[0.24647163]
[0.24647163]
[0.24647163]
[0.24647163]
[0.24647163]
[0.24647163]
[0.24647163]
[0.3057121]
[0.24647163]
[0.24647163]
[0.24647163]
[0.24647163]
[0.24647163]
[0.24647163]
[0.24647163]
[0.24647163]
[0.24647163]
[0.24647163]
[0.24647163]
[0.24647163]
[0.24647163]
[0.24647163]
[0.24647163]
[0.24647163]
[0.24647163]
[0.24647163]
[0.24647163]
[0.24647163]
[0.30314016]
[0.24647163]
[0.24647163]
[0.24647163]
[0.24647163]
[0.24647163]
[0.24647163]
[0.24647163]
[0.24647163]
[0.24647163]
[0.24647163]
[0.24647163]
[0.24647163]
[0.24647163]
[0.24647163]
[0.24647163]
[0.24647163]
[0.24647163]
[0.24647163]
[0.24647163]
[0.24647163]
[0.24647163]
[0.29677644]
[0.24647163]
[0.24647163]
[0.24647163]
[0.24647163]
[0.24647163]
[0.24647163]
[0.24647163]
[0.24647163]
[0.24647163]
[0.24647163]
[0.3087088]
[0.24647163]
[0.24647163]
[0.24647163]
[0.24647163]
[0.30385858]
[0.24647163]
[0.24647163]
[0.24647163]
[0.24647163]
[0.24647163]
[0.24647163]
[0.24647163]
[0.24647163]
[0.24647163]
[0.24647163]
[0.29185775]
[0.24647163]
[0.24647163]
[0.24647163]
[0.24647163]
[0.24647163]
[0.24647163]
[0.24647163]
[0.24647163]
[0.24647163]
[0.24647163]
[0.24647163]
[0.24647163]
[0.24647163]
[0.24647163]
[0.24647163]
[0.24647163]
[0.24647163]
[0.24647163]
[0.24647163]
[0.24647163]
[0.24647163]
[0.24647163]
[0.24647163]
[0.24647163]
[0.24647163]
[0.24647163]
[0.24647163]
[0.24647163]
[0.24647163]
[0.24647163]
[0.24647163]
[0.24647163]
[0.3089988]
[0.24647163]
[0.24647163]
[0.24647163]
[0.24647163]
[0.24647163]
[0.24647163]
[0.24647163]
[0.3052773]
[0.24647163]
[0.24647163]
[0.24647163]
[0.24647163]
[0.24647163]
[0.24647163]
[0.24647163]
[0.24647163]
[0.31868]
[0.24647163]
[0.24647163]
[0.24647163]
[0.24647163]
[0.24647163]
[0.24647163]
[0.24647163]
[0.24647163]
[0.24647163]
[0.24647163]
[0.24647163]
[0.24647163]
[0.24647163]
[0.24647163]
[0.24647163]
[0.24647163]
[0.24647163]
[0.24647163]
[0.24647163]
[0.24647163]
[0.24647163]
[0.24647163]
[0.24647163]
[0.24647163]
[0.24647163]
[0.24647163]
[0.24647163]
[0.24647163]
[0.24647163]
[0.3118565]
[0.24647163]
[0.3136205]
[0.24647163]
[0.24647163]
[0.24647163]
[0.24647163]
[0.24647163]
[0.24647163]
[0.24647163]
[0.24647163]
[0.24647163]
[0.24647163]
[0.24647163]
[0.24647163]
[0.24647163]
[0.24647163]
[0.24647163]
[0.24647163]
[0.24647163]
[0.24647163]
[0.24647163]
[0.24647163]
[0.24647163]
[0.24647163]
[0.24647163]
[0.24647163]
[0.24647163]
[0.24647163]
[0.24647163]
[0.24647163]
[0.24647163]
[0.24647163]
[0.24647163]
[0.24647163]
[0.24647163]
[0.24647163]
[0.24647163]
[0.24647163]
[0.24647163]
[0.24647163]
[0.24647163]
[0.24647163]
[0.24647163]
[0.24647163]
[0.24647163]
[0.24647163]
[0.24647163]
[0.24647163]
[0.24647163]
[0.24647163]
[0.3177327]
[0.24647163]
[0.24647163]
[0.24647163]
[0.24647163]
[0.24647163]
[0.24647163]
[0.318855]
[0.24647163]
[0.24647163]
[0.24647163]
[0.24647163]
[0.24647163]
[0.24647163]
[0.24647163]
[0.24647163]
[0.24647163]
[0.24647163]
[0.24647163]
[0.24647163]
[0.24647163]
[0.24647163]
[0.24647163]
[0.24647163]
[0.24647163]
[0.24647163]
[0.24647163]
[0.24647163]
[0.24647163]
[0.24647163]
[0.24647163]
[0.24647163]
[0.24647163]
[0.24647163]
[0.24647163]
[0.24647163]
[0.24647163]
[0.24647163]
[0.24647163]
[0.24647163]
[0.24647163]
[0.24647163]
[0.29027697]
[0.24647163]
[0.24647163]
[0.3173064]
[0.31247124]
[0.24647163]
[0.24647163]
[0.24647163]
[0.24728423]
[0.24647163]
[0.24647163]
[0.24647163]
[0.24728423]
[0.31259903]
[0.24647163]
[0.24647163]
[0.24647163]
[0.24647163]
[0.24647163]
[0.24647163]
[0.24647163]
[0.24647163]
[0.30438402]
[0.24647163]
[0.24647163]
[0.24647163]
[0.24647163]
[0.24647163]
[0.24647163]
[0.24647163]
[0.24647163]
[0.24647163]
[0.24647163]
[0.3087339]
[0.24647163]
[0.24647163]
[0.24647163]
[0.24647163]
[0.24728423]
[0.24647163]
[0.24647163]
[0.24647163]
[0.24647163]
[0.24647163]
[0.24647163]
[0.24647163]
[0.24647163]
[0.24647163]
[0.24647163]
[0.24647163]
[0.24647163]
[0.24647163]
[0.24647163]
[0.24647163]
[0.24647163]
[0.32105023]
[0.24647163]
[0.24647163]
[0.24647163]
[0.29950148]
[0.24647163]
[0.24647163]
[0.24647163]
[0.24647163]
[0.24647163]
[0.24647163]
[0.24647163]
[0.24647163]
[0.24647163]
[0.24647163]
[0.3034283]
[0.24647163]
[0.24647163]
[0.24647163]
[0.24647163]
[0.24647163]
[0.24647163]
[0.24647163]
[0.24647163]
[0.30658177]
[0.24647163]
[0.24647163]
[0.24647163]
[0.24647163]
[0.24647163]
[0.24647163]
[0.24647163]
[0.24647163]
[0.24647163]
[0.24647163]
[0.24647163]
[0.24647163]
[0.24647163]
[0.24647163]
[0.24647163]
[0.24647163]
[0.24647163]
[0.24647163]
[0.24647163]
[0.24647163]
[0.24647163]
[0.24647163]
[0.24647163]
[0.29527217]
[0.24647163]
[0.24647163]
[0.24647163]
[0.24647163]
[0.24647163]
[0.24647163]
[0.31752545]
[0.24647163]
[0.24647163]
[0.24647163]
[0.24647163]
[0.24647163]
[0.24647163]
[0.2765824]
[0.24647163]
[0.24647163]
[0.24647163]
[0.24647163]
[0.24647163]
[0.24647163]
[0.24647163]
[0.24647163]
[0.24647163]
[0.24647163]
[0.24647163]
[0.24647163]
[0.24647163]
[0.24647163]
[0.24647163]
[0.24647163]
[0.24647163]
[0.24647163]
[0.24647163]
[0.24647163]
[0.24647163]
[0.24647163]
[0.24647163]
[0.24647163]
[0.24647163]
[0.24647163]
[0.24647163]
[0.24647163]
[0.24647163]
[0.24647163]
[0.24647163]
[0.24647163]
[0.24647163]
[0.3056204]
[0.24647163]
[0.24647163]
[0.24647163]
[0.24647163]
[0.24647163]
[0.24647163]
[0.29097903]
[0.24647163]
[0.24647163]
[0.24647163]
[0.24647163]
[0.24647163]
[0.24647163]
[0.24647163]
[0.24647163]
[0.24647163]
[0.3161242]
[0.3166601]
[0.24647163]
[0.24647163]
[0.24647163]
[0.24647163]
[0.24647163]
[0.24647163]
[0.24647163]
[0.24647163]
[0.24647163]
[0.24647163]
[0.24647163]
[0.2850523]
[0.24647163]
[0.24647163]
[0.24647163]
[0.24647163]
[0.24647163]
[0.24647163]
[0.24647163]
[0.24647163]
[0.24647163]
[0.3038597]
[0.24647163]
[0.24647163]
[0.24647163]
[0.30942938]
[0.24647163]
[0.24647163]
[0.24647163]
[0.24647163]
[0.24647163]
[0.24647163]
[0.24647163]
[0.24647163]
[0.24647163]
[0.24647163]
[0.24647163]
[0.31438842]
[0.24647163]
[0.24647163]
[0.24647163]
[0.24647163]
[0.24647163]
[0.303298]
[0.24647163]
[0.24647163]
[0.24647163]
[0.24647163]
[0.24647163]
[0.24647163]
[0.24647163]
[0.24647163]
[0.24647163]
[0.24647163]
[0.24647163]
[0.24647163]
[0.24647163]
[0.24647163]
[0.24647163]
[0.24647163]
[0.31341776]
[0.24647163]
[0.24647163]
[0.24647163]
[0.24647163]
[0.24647163]
[0.24647163]
[0.24647163]
[0.24647163]
[0.24647163]
[0.24647163]
[0.24647163]
[0.24647163]
[0.24647163]
[0.24647163]
[0.24647163]
[0.24647163]
[0.24647163]
[0.24647163]
[0.24647163]
[0.24647163]
[0.24647163]
[0.24647163]
[0.30853513]
[0.24647163]
[0.24647163]
[0.24647163]
[0.24647163]
[0.24647163]
[0.24647163]
[0.24647163]
[0.24647163]
[0.24647163]
[0.24647163]
[0.24647163]
[0.24647163]
[0.24647163]
[0.24647163]
[0.24647163]
[0.24647163]
[0.24647163]
[0.24647163]
[0.24647163]
[0.24647163]
[0.24647163]
[0.24647163]
[0.24647163]
[0.24647163]
[0.24647163]
[0.24647163]
[0.24647163]
[0.24647163]
[0.24647163]
[0.24647163]
[0.24647163]
[0.31289214]
[0.24647163]
[0.24647163]
[0.29831165]
[0.24647163]
[0.24647163]
[0.24647163]
[0.24647163]
[0.31029537]
[0.24647163]
[0.24647163]
[0.24647163]
[0.24647163]
[0.24647163]
[0.24647163]
[0.26507616]
[0.29811585]
[0.24647163]
[0.3161109]
[0.24647163]
[0.24647163]
[0.31568748]
[0.24647163]
[0.24647163]
[0.24647163]
[0.24647163]
[0.24647163]
[0.24647163]
[0.24647163]
[0.24647163]
[0.24647163]
[0.24647163]
[0.24647163]
[0.24647163]
[0.24647163]
[0.24647163]
[0.24647163]
[0.24647163]
[0.24647163]
[0.3134501]
[0.24647163]
[0.32102865]
[0.24647163]
[0.24647163]
[0.24647163]
[0.24647163]
[0.24647163]
[0.24647163]
[0.24647163]
[0.24647163]
[0.24647163]
[0.24647163]
[0.24647163]
[0.24647163]
[0.31120443]
[0.24647163]
[0.24647163]
[0.30180085]
[0.32623142]
[0.31755114]
[0.24647163]
[0.24647163]
[0.24647163]
[0.24647163]
[0.24647163]
[0.24647163]
[0.24647163]
[0.30339304]
[0.24647163]
[0.24647163]
[0.24647163]
[0.24647163]
[0.24647163]
[0.24647163]
[0.24647163]
[0.24647163]
[0.24647163]
[0.24647163]
[0.24647163]
[0.24647163]
[0.24647163]
[0.24647163]
[0.24647163]
[0.24647163]
[0.24647163]
[0.24647163]
[0.24647163]
[0.24647163]
[0.30044138]
[0.24647163]
[0.24647163]
[0.30587584]
[0.30366343]
[0.24647163]
[0.24647163]
[0.24647163]
[0.24647163]
[0.24647163]
[0.24647163]
[0.24647163]
[0.24647163]
[0.24647163]
[0.3084039]
[0.24647163]
[0.24647163]
[0.24647163]
[0.24647163]
[0.24647163]
[0.24647163]
[0.24647163]
[0.24647163]
[0.24647163]
[0.24647163]
[0.24647163]
[0.24647163]
[0.24647163]
[0.24647163]
[0.24647163]
[0.24647163]
[0.2378747]
[0.2378747]
[0.2378747]
[0.2378747]
[0.2378747]
[0.2378747]
[0.2378747]
[0.2378747]
[0.2378747]
[0.2378747]
[0.30535308]
[0.2378747]
[0.2378747]
[0.2378747]
[0.2378747]
[0.2378747]
[0.2378747]
[0.2378747]
[0.2378747]
[0.30431807]
[0.2378747]
[0.2378747]
[0.2378747]
[0.2378747]
[0.3012151]
[0.2378747]
[0.3176728]
[0.2378747]
[0.2378747]
[0.2378747]
[0.2378747]
[0.2378747]
[0.2378747]
[0.2378747]
[0.2378747]
[0.2378747]
[0.2378747]
[0.2378747]
[0.2378747]
[0.2378747]
[0.2378747]
[0.2378747]
[0.2378747]
[0.3014931]
[0.2378747]
[0.2378747]
[0.2378747]
[0.2378747]
[0.2378747]
[0.2378747]
[0.2378747]
[0.2378747]
[0.2378747]
[0.30025196]
[0.2378747]
[0.2378747]
[0.2378747]
[0.2378747]
[0.2378747]
[0.2378747]
[0.3086278]
[0.3060391]
[0.2378747]
[0.2378747]
[0.2378747]
[0.2378747]
[0.2378747]
[0.2378747]
[0.2378747]
[0.2378747]
[0.2378747]
[0.2378747]
[0.2378747]
[0.2378747]
[0.2378747]
[0.2378747]
[0.2378747]
[0.2378747]
[0.2800369]
[0.30088955]
[0.2378747]
[0.2378747]
[0.2378747]
[0.2378747]
[0.2378747]
[0.2378747]
[0.27039808]
[0.2378747]
[0.2378747]
[0.2378747]
[0.2378747]
[0.2378747]
[0.2378747]
[0.2378747]
[0.2378747]
[0.2378747]
[0.2378747]
[0.2378747]
[0.2378747]
[0.2378747]
[0.30100924]
[0.2378747]
[0.2378747]
[0.2378747]
[0.2378747]
[0.2378747]
[0.2378747]
[0.2378747]
[0.2378747]
[0.2378747]
[0.2378747]
[0.2378747]
[0.2378747]
[0.2378747]
[0.2978682]
[0.2378747]
[0.2378747]
[0.2378747]
[0.2378747]
[0.2378747]
[0.2378747]
[0.2378747]
[0.2378747]
[0.2378747]
[0.2378747]
[0.2378747]
[0.2378747]
[0.2378747]
[0.2378747]
[0.2378747]
[0.2378747]
[0.2378747]
[0.2378747]
[0.2378747]
[0.29459536]
[0.2378747]
[0.2378747]
[0.2378747]
[0.2378747]
[0.2378747]
[0.2378747]
[0.2378747]
[0.2378747]
[0.2378747]
[0.2378747]
[0.2378747]
[0.2378747]
[0.2378747]
[0.3011549]
[0.2378747]
[0.2378747]
[0.2378747]
[0.2378747]
[0.2378747]
[0.2378747]
[0.2378747]
[0.2378747]
[0.2378747]
[0.2378747]
[0.2378747]
[0.2378747]
[0.2378747]
[0.2378747]
[0.2378747]
[0.29723185]
[0.2378747]
[0.2378747]
[0.2378747]
[0.2378747]
[0.2378747]
[0.2378747]
[0.2378747]
[0.2378747]
[0.2378747]
[0.2378747]
[0.2378747]
[0.2378747]
[0.2378747]
[0.2378747]
[0.2378747]
[0.2378747]
[0.2378747]
[0.29622]
[0.2378747]
[0.2378747]
[0.29931247]
[0.30300337]
[0.2378747]
[0.2378747]
[0.2378747]
[0.2378747]
[0.2378747]
[0.2378747]
[0.2378747]
[0.2378747]
[0.2378747]
[0.2378747]
[0.2378747]
[0.2378747]
[0.2378747]
[0.2378747]
[0.2378747]
[0.2378747]
[0.2378747]
[0.2378747]
[0.2378747]
[0.2378747]
[0.2378747]
[0.29139614]
[0.2378747]
[0.29974365]
[0.2378747]
[0.2378747]
[0.2378747]
[0.2378747]
[0.2378747]
[0.2378747]
[0.2378747]
[0.29672867]
[0.2378747]
[0.2378747]
[0.2378747]
[0.2378747]
[0.2378747]
[0.2378747]
[0.31094328]
[0.2378747]
[0.2378747]
[0.2378747]
[0.2378747]
[0.2378747]
[0.2378747]
[0.2378747]
[0.2378747]
[0.28596386]
[0.2378747]
[0.2378747]
[0.2378747]
[0.2378747]
[0.30161434]
[0.2378747]
[0.2378747]
[0.2378747]
[0.2378747]
[0.2378747]
[0.3018619]
[0.2378747]
[0.2378747]
[0.2378747]
[0.2378747]
[0.2378747]
[0.2378747]
[0.2378747]
[0.2378747]
[0.2378747]
[0.2378747]
[0.2378747]
[0.2378747]
[0.2378747]
[0.30853736]
[0.2378747]
[0.2378747]
[0.2378747]
[0.2378747]
[0.29932868]
[0.2378747]
[0.2378747]
[0.2378747]
[0.2378747]
[0.2378747]
[0.2378747]
[0.2378747]
[0.2378747]
[0.31353152]
[0.2378747]
[0.2378747]
[0.2378747]
[0.2983479]
[0.2378747]
[0.2378747]
[0.2378747]
[0.2378747]
[0.2378747]
[0.29120988]
[0.2378747]
[0.2378747]
[0.2378747]
[0.2378747]
[0.2378747]
[0.2378747]
[0.2378747]
[0.2378747]
[0.2378747]
[0.2378747]
[0.2378747]
[0.2378747]
[0.24600181]
[0.2378747]
[0.2378747]
[0.2378747]
[0.2378747]
[0.2378747]
[0.2378747]
[0.2378747]
[0.2378747]
[0.2378747]
[0.2378747]
[0.2378747]
[0.2378747]
[0.2378747]
[0.2378747]
[0.2378747]
[0.2378747]
[0.2378747]
[0.2378747]
[0.2378747]
[0.2378747]
[0.2378747]
[0.2378747]
[0.2378747]
[0.2378747]
[0.2378747]
[0.2378747]
[0.30892003]
[0.2378747]
[0.28831458]
[0.2378747]
[0.2378747]
[0.2378747]
[0.2378747]
[0.2378747]
[0.2378747]
[0.2378747]
[0.2378747]
[0.2378747]
[0.2378747]
[0.2378747]
[0.2378747]
[0.2378747]
[0.2378747]
[0.2378747]
[0.2378747]
[0.2378747]
[0.2378747]
[0.2378747]
[0.2378747]
[0.2378747]
[0.2378747]
[0.2378747]
[0.2378747]
[0.2378747]
[0.2378747]
[0.2378747]
[0.2378747]
[0.2378747]
[0.2378747]
[0.2378747]
[0.2992067]
[0.2378747]
[0.2378747]
[0.2378747]
[0.2378747]
[0.2378747]
[0.2378747]
[0.2378747]
[0.2378747]
[0.2378747]
[0.2378747]
[0.2378747]
[0.2378747]
[0.2378747]
[0.2378747]
[0.2378747]
[0.2378747]
[0.2378747]
[0.2378747]
[0.29542673]
[0.2378747]
[0.2378747]
[0.2378747]
[0.2378747]
[0.2378747]
[0.30872577]
[0.2378747]
[0.2378747]
[0.2378747]
[0.2378747]
[0.2378747]
[0.2378747]
[0.28897443]
[0.2378747]
[0.296143]
[0.2378747]
[0.2378747]
[0.2378747]
[0.2378747]
[0.2378747]
[0.2378747]
[0.2378747]
[0.2378747]
[0.2378747]
[0.2378747]
[0.2378747]
[0.2378747]
[0.2378747]
[0.2378747]
[0.2378747]
[0.2378747]
[0.2378747]
[0.2378747]
[0.2378747]
[0.2378747]
[0.2378747]
[0.2378747]
[0.2378747]
[0.2378747]
[0.2378747]
[0.2378747]
[0.2378747]
[0.2378747]
[0.2378747]
[0.2378747]
[0.2378747]
[0.2378747]
[0.2378747]
[0.2378747]
[0.2378747]
[0.2378747]
[0.2378747]
[0.29699188]
[0.2378747]
[0.2378747]
[0.2378747]
[0.2378747]
[0.2378747]
[0.2378747]
[0.2378747]
[0.2378747]
[0.29652297]
[0.2378747]
[0.2378747]
[0.2378747]
[0.2378747]
[0.2378747]
[0.2378747]
[0.2378747]
[0.2378747]
[0.2378747]
[0.2378747]
[0.2378747]
[0.2378747]
[0.2378747]
[0.30529088]
[0.2378747]
[0.2378747]
[0.2378747]
[0.29374665]
[0.24865156]
[0.29946458]
[0.2378747]
[0.2378747]
[0.2378747]
[0.2378747]
[0.2378747]
[0.2378747]
[0.2378747]
[0.28849393]
[0.2378747]
[0.2378747]
[0.2378747]
[0.2378747]
[0.2378747]
[0.308172]
[0.29802108]
[0.2378747]
[0.2378747]
[0.2378747]
[0.2378747]
[0.29911572]
[0.2378747]
[0.2378747]
[0.2378747]
[0.2378747]
[0.2378747]
[0.2378747]
[0.2378747]
[0.2378747]
[0.2378747]
[0.2378747]
[0.2378747]
[0.2378747]
[0.2378747]
[0.2378747]
[0.2378747]
[0.2378747]
[0.2934503]
[0.2378747]
[0.2378747]
[0.2378747]
[0.2378747]
[0.2378747]
[0.2378747]
[0.2378747]
[0.2378747]
[0.2378747]
[0.2378747]
[0.2378747]
[0.2378747]
[0.2378747]
[0.2378747]
[0.2378747]
[0.2378747]
[0.2378747]
[0.2378747]
[0.30540478]
[0.2378747]
[0.2378747]
[0.2378747]
[0.2378747]
[0.2378747]
[0.2378747]
[0.2378747]
[0.2378747]
[0.2378747]
[0.2378747]
[0.2378747]
[0.2378747]
[0.2378747]
[0.2378747]
[0.2378747]
[0.2378747]
[0.2378747]
[0.24301936]
[0.2378747]
[0.2378747]
[0.2378747]
[0.2378747]
[0.2378747]
[0.2378747]
[0.2378747]
[0.2378747]
[0.2378747]
[0.2378747]
[0.2378747]
[0.2378747]
[0.2378747]
[0.2378747]
[0.2378747]
[0.2378747]
[0.2378747]
[0.2378747]
[0.2378747]
[0.2378747]
[0.31540692]
[0.29891318]
[0.2378747]
[0.2378747]
[0.2378747]
[0.2378747]
[0.2378747]
[0.2378747]
[0.30631077]
[0.2378747]
[0.2378747]
[0.2378747]
[0.2378747]
[0.2378747]
[0.2378747]
[0.2378747]
[0.2378747]
[0.2378747]
[0.2378747]
[0.2378747]
[0.2378747]
[0.29596034]
[0.2378747]
[0.2378747]
[0.2378747]
[0.2378747]
[0.2378747]
[0.2378747]
[0.2378747]
[0.2378747]
[0.2378747]
[0.2378747]
[0.2378747]
[0.2378747]
[0.2378747]
[0.2378747]
[0.2378747]
[0.2378747]
[0.2378747]
[0.2378747]
[0.2378747]
[0.2378747]
[0.2378747]
[0.2378747]
[0.2378747]
[0.2378747]
[0.2378747]
[0.2378747]
[0.2378747]
[0.2378747]
[0.2378747]
[0.2378747]
[0.2378747]
[0.2378747]
[0.2378747]
[0.2378747]
[0.2378747]
[0.2378747]
[0.2378747]
[0.2378747]
[0.24301936]
[0.2378747]
[0.2378747]
[0.2378747]
[0.2378747]
[0.2378747]
[0.2378747]
[0.2378747]
[0.2378747]
[0.2378747]
[0.2378747]
[0.2378747]
[0.2378747]
[0.2378747]
[0.2378747]
[0.2378747]
[0.2378747]
[0.2378747]
[0.2378747]
[0.2378747]
[0.2378747]
[0.2378747]
[0.2378747]
[0.2378747]
[0.2378747]
[0.2378747]
[0.2378747]
[0.28374702]
[0.2378747]
[0.29189104]
[0.2378747]
[0.2378747]
[0.2378747]
[0.30639482]
[0.2378747]
[0.29684663]
[0.2378747]
[0.2378747]
[0.2378747]
[0.2378747]
[0.2378747]
[0.2378747]
[0.29592788]
[0.2378747]
[0.30177605]
[0.2378747]
[0.2378747]
[0.2378747]
[0.2378747]
[0.2378747]
[0.2378747]
[0.2378747]
[0.2378747]
[0.2378747]
[0.2378747]
[0.2378747]
[0.2378747]
[0.2378747]
[0.3045445]
[0.2378747]
[0.2378747]
[0.2378747]
[0.2378747]
[0.2378747]
[0.2378747]
[0.30713087]
[0.2378747]
[0.2378747]
[0.2378747]
[0.2378747]
[0.2378747]
[0.2378747]
[0.2378747]
[0.2378747]
[0.2378747]
[0.2378747]
[0.2378747]
[0.2378747]
[0.2378747]
[0.2378747]
[0.2378747]
[0.2378747]
[0.2378747]
[0.2378747]
[0.30262554]
[0.2378747]
[0.30129984]
[0.2378747]
[0.2378747]
[0.2378747]
[0.2378747]
[0.2378747]
[0.2378747]
[0.2378747]
[0.2378747]
[0.2378747]
[0.2378747]
[0.2378747]
[0.2378747]
[0.2378747]
[0.2378747]
[0.2378747]
[0.2378747]
[0.2378747]
[0.2378747]
[0.2378747]
[0.2378747]
[0.2378747]
[0.2378747]
[0.2378747]
[0.2987358]
[0.2378747]
[0.2378747]
[0.30388153]
[0.2378747]
[0.2378747]
[0.24818423]
[0.2977602]
[0.2378747]
[0.2378747]
[0.29923373]
[0.2378747]
[0.2378747]
[0.30301028]
[0.2378747]
[0.2378747]
[0.2378747]
[0.2378747]
[0.2378747]
[0.2378747]
[0.2378747]
[0.2378747]
[0.2378747]
[0.2378747]
[0.2378747]
[0.2378747]
[0.2378747]
[0.2378747]
[0.2378747]
[0.2378747]
[0.2378747]
[0.2378747]
[0.2378747]
[0.2378747]
[0.30201936]
[0.2378747]
[0.2378747]
[0.2378747]
[0.2378747]
[0.2378747]
[0.2378747]
[0.2378747]
[0.2378747]
[0.2378747]
[0.2378747]
[0.2378747]
[0.2378747]
[0.2378747]
[0.2378747]
[0.2378747]
[0.2378747]
[0.2378747]
[0.2378747]
[0.2378747]
[0.2378747]
[0.2378747]
[0.2378747]
[0.2378747]
[0.2378747]
[0.2378747]
[0.29405624]
[0.2378747]
[0.2378747]
[0.2378747]
[0.29828063]
[0.2378747]
[0.2378747]
[0.2378747]
[0.2378747]
[0.2378747]
[0.2378747]
[0.2378747]
[0.2378747]
[0.2378747]
[0.2378747]
[0.28681666]
[0.2378747]
[0.2378747]
[0.3113873]
[0.2378747]
[0.2378747]
[0.2378747]
[0.2378747]
[0.2378747]
[0.30413863]
[0.2378747]
[0.2378747]
[0.2378747]
[0.2378747]
[0.2378747]
[0.2378747]
[0.2378747]
[0.2378747]
[0.2378747]
[0.2378747]
[0.2378747]
[0.2378747]
[0.2378747]
[0.2378747]
[0.2378747]
[0.3050633]
[0.2378747]
[0.30229318]
[0.2378747]
[0.29918367]
[0.2378747]
[0.2378747]
[0.2378747]
[0.2378747]
[0.2378747]
[0.29062012]
[0.2378747]
[0.2378747]
[0.2378747]
[0.2378747]
[0.2378747]
[0.2378747]
[0.2378747]
[0.2378747]
[0.2378747]
[0.2378747]
[0.2378747]
[0.2378747]
[0.2378747]
[0.2378747]
[0.2378747]
[0.2378747]
[0.2378747]
[0.2378747]
[0.2378747]
[0.2378747]
[0.2378747]
[0.2378747]
[0.29760176]
[0.30419296]
[0.2378747]
[0.28517312]
[0.2378747]
[0.2378747]
[0.2378747]
[0.2378747]
[0.2378747]
[0.2378747]
[0.2378747]
[0.2378747]
[0.2378747]
[0.2378747]
[0.2378747]
[0.24301936]
[0.30590668]
[0.2378747]
[0.2998048]
[0.2378747]
[0.2378747]
[0.2378747]
[0.2378747]
[0.2378747]
[0.2378747]
[0.2378747]
[0.2378747]
[0.2378747]
[0.2378747]
[0.2378747]
[0.2378747]
[0.28712034]
[0.29971272]
[0.2378747]
[0.2378747]
[0.2378747]
[0.3001519]
[0.2378747]
[0.2378747]
[0.2378747]
[0.31023872]
[0.2378747]
[0.2378747]
[0.2378747]
[0.28458086]
[0.30001435]
[0.2378747]
[0.2378747]
[0.30739674]
[0.2378747]
[0.2378747]
[0.2378747]
[0.2378747]
[0.2378747]
[0.26966685]
[0.2378747]
[0.2378747]
[0.2378747]
[0.2378747]
[0.2378747]
[0.2378747]
[0.2378747]
[0.2378747]
[0.2378747]
[0.2378747]
[0.2378747]
[0.2378747]
[0.2378747]
[0.2378747]
[0.2378747]
[0.30051672]
[0.2378747]
[0.2378747]
[0.2378747]
[0.31650317]
[0.2378747]
[0.2378747]
[0.2378747]
[0.2378747]
[0.2378747]
[0.2378747]
[0.2378747]
[0.2378747]
[0.30036038]
[0.2378747]
[0.2378747]
[0.2378747]
[0.2378747]
[0.2378747]
[0.2378747]
[0.29588985]
[0.2378747]
[0.2378747]
[0.28935957]
[0.2378747]
[0.2378747]
[0.29124737]
[0.2378747]
[0.2378747]
[0.2378747]
[0.2378747]
[0.2378747]
[0.2378747]
[0.2378747]
[0.2378747]
[0.2378747]
[0.2378747]
[0.2378747]
[0.2378747]
[0.2378747]
[0.2378747]
[0.2378747]
[0.2378747]
[0.2378747]
[0.2378747]
[0.2378747]
[0.2378747]
[0.2378747]
[0.2378747]
[0.2378747]
[0.29090232]
[0.2378747]
[0.2378747]
[0.2378747]
[0.2378747]
[0.2378747]
[0.2378747]
[0.2378747]
[0.2378747]
[0.2378747]
[0.2378747]
[0.30591345]
[0.2378747]
[0.2378747]
[0.2378747]
[0.2378747]
[0.2378747]
[0.2378747]
[0.2378747]
[0.2378747]
[0.2378747]
[0.2378747]
[0.2378747]
[0.2378747]
[0.25674903]
[0.25674903]
[0.25674903]
[0.25674903]
[0.28072304]
[0.25674903]
[0.25674903]
[0.25674903]
[0.29876816]
[0.25674903]
[0.25674903]
[0.25674903]
[0.25674903]
[0.25674903]
[0.29323348]
[0.25674903]
[0.25674903]
[0.29397845]
[0.25674903]
[0.25674903]
[0.30192167]
[0.25674903]
[0.25674903]
[0.25674903]
[0.25674903]
[0.25674903]
[0.25674903]
[0.25674903]
[0.25674903]
[0.25674903]
[0.25674903]
[0.25674903]
[0.25674903]
[0.25674903]
[0.25674903]
[0.25674903]
[0.25674903]
[0.25674903]
[0.25674903]
[0.25674903]
[0.25674903]
[0.25674903]
[0.25674903]
[0.25674903]
[0.25674903]
[0.25674903]
[0.25674903]
[0.25674903]
[0.25674903]
[0.25674903]
[0.30175096]
[0.25674903]
[0.25674903]
[0.25674903]
[0.25674903]
[0.25674903]
[0.25674903]
[0.25674903]
[0.25674903]
[0.25674903]
[0.25674903]
[0.25674903]
[0.25674903]
[0.25674903]
[0.25674903]
[0.25674903]
[0.25674903]
[0.25674903]
[0.25674903]
[0.25674903]
[0.25674903]
[0.25674903]
[0.25674903]
[0.25674903]
[0.25674903]
[0.25674903]
[0.25674903]
[0.25674903]
[0.25674903]
[0.25674903]
[0.25674903]
[0.25674903]
[0.25674903]
[0.25674903]
[0.25674903]
[0.25674903]
[0.25674903]
[0.25674903]
[0.25674903]
[0.25674903]
[0.25674903]
[0.25674903]
[0.25674903]
[0.25674903]
[0.25674903]
[0.25674903]
[0.25674903]
[0.25674903]
[0.2953363]
[0.25674903]
[0.25674903]
[0.25674903]
[0.25674903]
[0.25674903]
[0.25674903]
[0.25674903]
[0.25674903]
[0.25674903]
[0.2985503]
[0.25674903]
[0.25674903]
[0.25674903]
[0.25674903]
[0.25674903]
[0.25674903]
[0.25674903]
[0.25674903]
[0.25674903]
[0.25674903]
[0.25674903]
[0.25674903]
[0.25674903]
[0.25674903]
[0.29209304]
[0.30293646]
[0.25674903]
[0.25674903]
[0.25674903]
[0.25674903]
[0.25674903]
[0.25674903]
[0.3080953]
[0.25674903]
[0.25674903]
[0.25674903]
[0.25674903]
[0.25674903]
[0.30523333]
[0.25674903]
[0.25674903]
[0.25674903]
[0.25674903]
[0.25674903]
[0.25674903]
[0.25674903]
[0.25674903]
[0.25674903]
[0.25674903]
[0.25674903]
[0.25674903]
[0.296022]
[0.25674903]
[0.29324833]
[0.30167484]
[0.29946965]
[0.25674903]
[0.25674903]
[0.25674903]
[0.25674903]
[0.25674903]
[0.25674903]
[0.25674903]
[0.25674903]
[0.25674903]
[0.25674903]
[0.25674903]
[0.25674903]
[0.25674903]
[0.25674903]
[0.25674903]
[0.29883394]
[0.25674903]
[0.29863432]
[0.25674903]
[0.25674903]
[0.25674903]
[0.25674903]
[0.2943542]
[0.25674903]
[0.25674903]
[0.25674903]
[0.25674903]
[0.25674903]
[0.25674903]
[0.25674903]
[0.25674903]
[0.25674903]
[0.25674903]
[0.3047327]
[0.25674903]
[0.25674903]
[0.25674903]
[0.25674903]
[0.25674903]
[0.25674903]
[0.25674903]
[0.25674903]
[0.25674903]
[0.25674903]
[0.29871553]
[0.25674903]
[0.25674903]
[0.3059944]
[0.25674903]
[0.25674903]
[0.25674903]
[0.25674903]
[0.29717785]
[0.25674903]
[0.25674903]
[0.25674903]
[0.25674903]
[0.25674903]
[0.25674903]
[0.25674903]
[0.25674903]
[0.25674903]
[0.25674903]
[0.25674903]
[0.25674903]
[0.25674903]
[0.25674903]
[0.25674903]
[0.25674903]
[0.25674903]
[0.25674903]
[0.3112287]
[0.25674903]
[0.25674903]
[0.25674903]
[0.25674903]
[0.25674903]
[0.25674903]
[0.25674903]
[0.25674903]
[0.25674903]
[0.25674903]
[0.25674903]
[0.25674903]
[0.25674903]
[0.25674903]
[0.25674903]
[0.25674903]
[0.25674903]
[0.25674903]
[0.25674903]
[0.25674903]
[0.25674903]
[0.25674903]
[0.25674903]
[0.25674903]
[0.30237892]
[0.25674903]
[0.30918747]
[0.25674903]
[0.25674903]
[0.30318257]
[0.25674903]
[0.25674903]
[0.25674903]
[0.25674903]
[0.25674903]
[0.25674903]
[0.25674903]
[0.25674903]
[0.25411123]
[0.25674903]
[0.25674903]
[0.25674903]
[0.25674903]
[0.25674903]
[0.25674903]
[0.25674903]
[0.25674903]
[0.30703938]
[0.25674903]
[0.25674903]
[0.25674903]
[0.25674903]
[0.25674903]
[0.25674903]
[0.25674903]
[0.25674903]
[0.25674903]
[0.25674903]
[0.25674903]
[0.25674903]
[0.25674903]
[0.25674903]
[0.25674903]
[0.25674903]
[0.25674903]
[0.25674903]
[0.2995812]
[0.25674903]
[0.25674903]
[0.25674903]
[0.25674903]
[0.25674903]
[0.25674903]
[0.25674903]
[0.25674903]
[0.25674903]
[0.25674903]
[0.25674903]
[0.25674903]
[0.25674903]
[0.25674903]
[0.25674903]
[0.25674903]
[0.25674903]
[0.25674903]
[0.25674903]
[0.25674903]
[0.25674903]
[0.25674903]
[0.30022687]
[0.25674903]
[0.25674903]
[0.25674903]
[0.25674903]
[0.25674903]
[0.25674903]
[0.25674903]
[0.25674903]
[0.25674903]
[0.25674903]
[0.30290246]
[0.25674903]
[0.25674903]
[0.25674903]
[0.28697413]
[0.25674903]
[0.25674903]
[0.25674903]
[0.30455256]
[0.25674903]
[0.29367763]
[0.25674903]
[0.25674903]
[0.25674903]
[0.25674903]
[0.25674903]
[0.25674903]
[0.25674903]
[0.25674903]
[0.29534274]
[0.25674903]
[0.25674903]
[0.25674903]
[0.25674903]
[0.25674903]
[0.25674903]
[0.25674903]
[0.25674903]
[0.25674903]
[0.25674903]
[0.25674903]
[0.25674903]
[0.25674903]
[0.25674903]
[0.25674903]
[0.25674903]
[0.25674903]
[0.25674903]
[0.25674903]
[0.25674903]
[0.25674903]
[0.25674903]
[0.25674903]
[0.25674903]
[0.25674903]
[0.25674903]
[0.30924982]
[0.25674903]
[0.25674903]
[0.25674903]
[0.25674903]
[0.25674903]
[0.25674903]
[0.25674903]
[0.30212277]
[0.25674903]
[0.25674903]
[0.25674903]
[0.25674903]
[0.29833856]
[0.25674903]
[0.25674903]
[0.25674903]
[0.25674903]
[0.25674903]
[0.25674903]
[0.25674903]
[0.25674903]
[0.25674903]
[0.25674903]
[0.25674903]
[0.25674903]
[0.25674903]
[0.25674903]
[0.25674903]
[0.25674903]
[0.25674903]
[0.25674903]
[0.25674903]
[0.25674903]
[0.28005344]
[0.25674903]
[0.25674903]
[0.25674903]
[0.25674903]
[0.25674903]
[0.25674903]
[0.25674903]
[0.25674903]
[0.25674903]
[0.25674903]
[0.25674903]
[0.25674903]
[0.25674903]
[0.25674903]
[0.25674903]
[0.25674903]
[0.25674903]
[0.25674903]
[0.25674903]
[0.25674903]
[0.25674903]
[0.25674903]
[0.25674903]
[0.25674903]
[0.25674903]
[0.25674903]
[0.25674903]
[0.25674903]
[0.25674903]
[0.30637366]
[0.25674903]
[0.25674903]
[0.25674903]
[0.25674903]
[0.25674903]
[0.25674903]
[0.25674903]
[0.25674903]
[0.25674903]
[0.25674903]
[0.3072833]
[0.25674903]
[0.25674903]
[0.25674903]
[0.25674903]
[0.25674903]
[0.25674903]
[0.25674903]
[0.25674903]
[0.25674903]
[0.25674903]
[0.25674903]
[0.3122918]
[0.25674903]
[0.25674903]
[0.25674903]
[0.25674903]
[0.25674903]
[0.25674903]
[0.25674903]
[0.25674903]
[0.25674903]
[0.29409397]
[0.25674903]
[0.25674903]
[0.25674903]
[0.25674903]
[0.25674903]
[0.25674903]
[0.25674903]
[0.25674903]
[0.25674903]
[0.25674903]
[0.25674903]
[0.29321143]
[0.25674903]
[0.25674903]
[0.25674903]
[0.3037873]
[0.25674903]
[0.25674903]
[0.25674903]
[0.25674903]
[0.25674903]
[0.25674903]
[0.31008023]
[0.25674903]
[0.25674903]
[0.25674903]
[0.25674903]
[0.25674903]
[0.25674903]
[0.25674903]
[0.25674903]
[0.25674903]
[0.25674903]
[0.25674903]
[0.25674903]
[0.25674903]
[0.25674903]
[0.25674903]
[0.25674903]
[0.25674903]
[0.25674903]
[0.25674903]
[0.31266057]
[0.25674903]
[0.25674903]
[0.3053527]
[0.25674903]
[0.25411123]
[0.25674903]
[0.25674903]
[0.25674903]
[0.30469358]
[0.25674903]
[0.300022]
[0.25674903]
[0.25674903]
[0.25674903]
[0.3052057]
[0.25674903]
[0.25674903]
[0.25674903]
[0.25674903]
[0.30519468]
[0.25674903]
[0.25674903]
[0.25674903]
[0.30755073]
[0.25674903]
[0.25674903]
[0.25674903]
[0.25674903]
[0.25674903]
[0.25674903]
[0.25674903]
[0.25674903]
[0.25674903]
[0.25674903]
[0.29523003]
[0.25674903]
[0.25674903]
[0.25674903]
[0.25674903]
[0.25674903]
[0.25674903]
[0.2991913]
[0.25674903]
[0.25674903]
[0.2848975]
[0.25674903]
[0.25674903]
[0.25674903]
[0.304881]
[0.25674903]
[0.25674903]
[0.25674903]
[0.25674903]
[0.25674903]
[0.25674903]
[0.25674903]
[0.28849405]
[0.25674903]
[0.25674903]
[0.25674903]
[0.25674903]
[0.25674903]
[0.25674903]
[0.25674903]
[0.25674903]
[0.25674903]
[0.25674903]
[0.25674903]
[0.25674903]
[0.25674903]
[0.25674903]
[0.25674903]
[0.2960327]
[0.25674903]
[0.28001106]
[0.25674903]
[0.25674903]
[0.25674903]
[0.25674903]
[0.25674903]
[0.25674903]
[0.25674903]
[0.25674903]
[0.25674903]
[0.25674903]
[0.30760282]
[0.25674903]
[0.25674903]
[0.25674903]
[0.25674903]
[0.25674903]
[0.25674903]
[0.25674903]
[0.25674903]
[0.25674903]
[0.25674903]
[0.25674903]
[0.25674903]
[0.25674903]
[0.25674903]
[0.25674903]
[0.25674903]
[0.25674903]
[0.25674903]
[0.25674903]
[0.25674903]
[0.25674903]
[0.25674903]
[0.25674903]
[0.25674903]
[0.25674903]
[0.25674903]
[0.25674903]
[0.25674903]
[0.29761103]
[0.30494535]
[0.25674903]
[0.25674903]
[0.25674903]
[0.25674903]
[0.29805145]
[0.25674903]
[0.25674903]
[0.25674903]
[0.25674903]
[0.25674903]
[0.25674903]
[0.30672896]
[0.25674903]
[0.25674903]
[0.25674903]
[0.25674903]
[0.29493618]
[0.25674903]
[0.30385882]
[0.25674903]
[0.30892664]
[0.25674903]
[0.25674903]
[0.25674903]
[0.25674903]
[0.25674903]
[0.25674903]
[0.29207444]
[0.25674903]
[0.25674903]
[0.25674903]
[0.2960215]
[0.25674903]
[0.25674903]
[0.25674903]
[0.25674903]
[0.25674903]
[0.25674903]
[0.2961976]
[0.25674903]
[0.25674903]
[0.25674903]
[0.25674903]
[0.25674903]
[0.25674903]
[0.25674903]
[0.25674903]
[0.3042092]
[0.25674903]
[0.25674903]
[0.25674903]
[0.25674903]
[0.25674903]
[0.25674903]
[0.30455473]
[0.25674903]
[0.25674903]
[0.25674903]
[0.25674903]
[0.25674903]
[0.25674903]
[0.25674903]
[0.25674903]
[0.2924407]
[0.25674903]
[0.25674903]
[0.25674903]
[0.25674903]
[0.25674903]
[0.25674903]
[0.25674903]
[0.25674903]
[0.25674903]
[0.25674903]
[0.30243778]
[0.25674903]
[0.25674903]
[0.25674903]
[0.25674903]
[0.29355365]
[0.25674903]
[0.25674903]
[0.25674903]
[0.25674903]
[0.29653412]
[0.25674903]
[0.30479473]
[0.25674903]
[0.25674903]
[0.25674903]
[0.25674903]
[0.25674903]
[0.25674903]
[0.25674903]
[0.25674903]
[0.25674903]
[0.25674903]
[0.25674903]
[0.25674903]
[0.25674903]
[0.25674903]
[0.2870289]
[0.25674903]
[0.31578746]
[0.25674903]
[0.25674903]
[0.25674903]
[0.25674903]
[0.25674903]
[0.25674903]
[0.25674903]
[0.25674903]
[0.3046434]
[0.25674903]
[0.25674903]
[0.25674903]
[0.25674903]
[0.25674903]
[0.25674903]
[0.25674903]
[0.25674903]
[0.28235915]
[0.25674903]
[0.25674903]
[0.25674903]
[0.25674903]
[0.30601537]
[0.25674903]
[0.30290174]
[0.25674903]
[0.25674903]
[0.25674903]
[0.25674903]
[0.25674903]
[0.25674903]
[0.25674903]
[0.25674903]
[0.25674903]
[0.25674903]
[0.25674903]
[0.25674903]
[0.25674903]
[0.25674903]
[0.25674903]
[0.25674903]
[0.25674903]
[0.25674903]
[0.25674903]
[0.25674903]
[0.25674903]
[0.2984268]
[0.25674903]
[0.25674903]
[0.25674903]
[0.29647794]
[0.25674903]
[0.25674903]
[0.25674903]
[0.30868304]
[0.29683015]
[0.25674903]
[0.25674903]
[0.25674903]
[0.25674903]
[0.2993135]
[0.25674903]
[0.25674903]
[0.25674903]
[0.25674903]
[0.25674903]
[0.25674903]
[0.25674903]
[0.25674903]
[0.25674903]
[0.25674903]
[0.25674903]
[0.30006695]
[0.25674903]
[0.25674903]
[0.25674903]
[0.25674903]
[0.25674903]
[0.25674903]
[0.25674903]
[0.25674903]
[0.25674903]
[0.25674903]
[0.25674903]
[0.25674903]
[0.25674903]
[0.25674903]
[0.25674903]
[0.25674903]
[0.25674903]
[0.25674903]
[0.25674903]
[0.25674903]
[0.25674903]
[0.25674903]
[0.25674903]
[0.25674903]
[0.25674903]
[0.25674903]
[0.25674903]
[0.2760396]
[0.25674903]
[0.25674903]
[0.25674903]
[0.25674903]
[0.25674903]
[0.25674903]
[0.29309744]
[0.25674903]
[0.25674903]
[0.25674903]
[0.25674903]
[0.25674903]
[0.25674903]
[0.25674903]
[0.25674903]
[0.25674903]
[0.25674903]
[0.25674903]
[0.30601418]
[0.25674903]
[0.25674903]
[0.25674903]
[0.25674903]
[0.25674903]
[0.25674903]
[0.25411123]
[0.25674903]
[0.25674903]
[0.25674903]
[0.25674903]
[0.25674903]
[0.25674903]
[0.25674903]
[0.3040985]
[0.25674903]
[0.25674903]
[0.29788083]
[0.25674903]
[0.25674903]
[0.25674903]
[0.25674903]
[0.25674903]
[0.25674903]
[0.25674903]
[0.25674903]
[0.25674903]
[0.25674903]
[0.25674903]
[0.25674903]
[0.3038]
[0.25674903]
[0.25674903]
[0.25674903]
[0.25674903]
[0.25674903]
[0.25674903]
[0.25674903]
[0.25674903]
[0.25674903]
[0.28894758]
[0.25674903]
[0.25674903]
[0.30405855]
[0.25674903]
[0.25674903]
[0.25674903]
[0.25674903]
[0.25674903]
[0.25674903]
[0.25674903]
[0.25674903]
[0.25674903]
[0.25674903]
[0.25674903]
[0.25674903]
[0.25674903]
[0.25674903]
[0.25674903]
[0.25674903]
[0.25674903]
[0.25674903]
[0.29795688]
[0.25674903]
[0.25674903]
[0.25674903]
[0.25674903]
[0.30454594]
[0.25674903]
[0.25674903]
[0.25674903]
[0.25674903]
[0.25674903]
[0.31231922]
[0.30204993]
[0.25674903]
[0.25674903]
[0.25674903]
[0.29413158]
[0.25674903]
[0.28473467]
[0.25674903]
[0.25674903]
[0.25674903]
[0.25674903]
[0.30037975]
[0.25674903]
[0.25674903]
[0.30259785]
[0.25674903]
[0.25674903]
[0.25674903]
[0.25674903]
[0.30353865]
[0.25674903]
[0.25674903]
[0.25674903]
[0.25674903]
[0.25674903]
[0.25674903]
[0.25674903]
[0.25674903]
[0.25674903]
[0.25674903]
[0.25674903]
[0.25674903]
[0.27089038]
[0.30481315]
[0.25674903]
[0.25674903]
[0.25674903]
[0.25674903]
[0.25674903]
[0.25674903]
[0.25674903]
[0.25674903]
[0.29407483]
[0.25674903]
[0.25674903]
[0.25674903]
[0.25674903]
[0.25674903]
[0.25674903]
[0.25674903]
[0.25674903]
[0.25674903]
[0.30454797]
[0.25674903]
[0.30327982]
[0.25674903]
[0.25674903]
[0.25674903]
[0.25674903]
[0.25674903]
[0.25674903]
[0.25674903]
[0.25674903]
[0.25674903]
[0.25674903]
[0.25674903]
[0.25674903]
[0.25674903]
[0.25674903]
[0.25674903]
[0.25674903]
[0.3079964]
[0.29315206]
[0.25044292]
[0.25044292]
[0.25044292]
[0.25044292]
[0.25044292]
[0.25044292]
[0.25044292]
[0.25044292]
[0.25044292]
[0.25044292]
[0.25044292]
[0.25044292]
[0.25044292]
[0.25044292]
[0.299226]
[0.25044292]
[0.25044292]
[0.25044292]
[0.25044292]
[0.25044292]
[0.25044292]
[0.25044292]
[0.25044292]
[0.25044292]
[0.25044292]
[0.2895974]
[0.25044292]
[0.25044292]
[0.25044292]
[0.25044292]
[0.25044292]
[0.25044292]
[0.25044292]
[0.25044292]
[0.25044292]
[0.25044292]
[0.25044292]
[0.25044292]
[0.25044292]
[0.25044292]
[0.25044292]
[0.25044292]
[0.25044292]
[0.25044292]
[0.25044292]
[0.25044292]
[0.25044292]
[0.25044292]
[0.25044292]
[0.25044292]
[0.25044292]
[0.25044292]
[0.25044292]
[0.25044292]
[0.25044292]
[0.25044292]
[0.25044292]
[0.25044292]
[0.25044292]
[0.25044292]
[0.29358587]
[0.25044292]
[0.25044292]
[0.25044292]
[0.25044292]
[0.25044292]
[0.25044292]
[0.25044292]
[0.25044292]
[0.25044292]
[0.25044292]
[0.25044292]
[0.25044292]
[0.25044292]
[0.25044292]
[0.25044292]
[0.25044292]
[0.25044292]
[0.25044292]
[0.25044292]
[0.25044292]
[0.25044292]
[0.25044292]
[0.25044292]
[0.25044292]
[0.25044292]
[0.25044292]
[0.25044292]
[0.25044292]
[0.25044292]
[0.25044292]
[0.25044292]
[0.25044292]
[0.25044292]
[0.25044292]
[0.25044292]
[0.25044292]
[0.25044292]
[0.25044292]
[0.25044292]
[0.25044292]
[0.25044292]
[0.25044292]
[0.25044292]
[0.25044292]
[0.25044292]
[0.25044292]
[0.25044292]
[0.25044292]
[0.25044292]
[0.25044292]
[0.25044292]
[0.25044292]
[0.25044292]
[0.25044292]
[0.25044292]
[0.25044292]
[0.25044292]
[0.25044292]
[0.25044292]
[0.25044292]
[0.25044292]
[0.25044292]
[0.25044292]
[0.25044292]
[0.25044292]
[0.29786247]
[0.25044292]
[0.25044292]
[0.25044292]
[0.25044292]
[0.25044292]
[0.25044292]
[0.25044292]
[0.25044292]
[0.25044292]
[0.25044292]
[0.25044292]
[0.25044292]
[0.287243]
[0.25044292]
[0.25044292]
[0.30312443]
[0.25044292]
[0.25044292]
[0.25044292]
[0.25044292]
[0.25044292]
[0.25044292]
[0.25044292]
[0.25044292]
[0.25044292]
[0.25044292]
[0.25044292]
[0.30041918]
[0.25044292]
[0.25044292]
[0.25044292]
[0.25044292]
[0.25044292]
[0.25044292]
[0.25044292]
[0.25044292]
[0.25044292]
[0.25044292]
[0.25044292]
[0.2932737]
[0.25044292]
[0.25044292]
[0.25044292]
[0.25044292]
[0.25044292]
[0.25044292]
[0.25044292]
[0.25044292]
[0.25044292]
[0.25044292]
[0.25044292]
[0.25044292]
[0.25044292]
[0.25044292]
[0.30077976]
[0.25044292]
[0.25044292]
[0.25044292]
[0.25044292]
[0.30368313]
[0.25044292]
[0.30245626]
[0.25044292]
[0.25044292]
[0.25044292]
[0.25044292]
[0.29788983]
[0.29790986]
[0.25044292]
[0.25044292]
[0.25044292]
[0.25044292]
[0.30191642]
[0.25044292]
[0.25044292]
[0.25044292]
[0.25044292]
[0.25044292]
[0.25044292]
[0.25044292]
[0.25044292]
[0.25044292]
[0.30326796]
[0.25044292]
[0.25044292]
[0.25044292]
[0.25044292]
[0.25044292]
[0.25044292]
[0.25044292]
[0.25044292]
[0.25044292]
[0.25044292]
[0.25044292]
[0.25044292]
[0.25044292]
[0.25044292]
[0.25044292]
[0.25044292]
[0.25044292]
[0.25026637]
[0.25044292]
[0.25044292]
[0.25044292]
[0.25044292]
[0.25044292]
[0.25044292]
[0.25044292]
[0.25044292]
[0.25044292]
[0.29754192]
[0.25044292]
[0.25044292]
[0.25044292]
[0.25044292]
[0.25044292]
[0.25044292]
[0.25044292]
[0.25026637]
[0.25044292]
[0.25044292]
[0.25044292]
[0.25044292]
[0.25044292]
[0.30089408]
[0.25044292]
[0.25044292]
[0.25044292]
[0.25044292]
[0.30005586]
[0.25044292]
[0.25044292]
[0.25044292]
[0.27783868]
[0.25044292]
[0.25044292]
[0.25044292]
[0.30898574]
[0.25044292]
[0.25044292]
[0.25044292]
[0.25044292]
[0.25044292]
[0.25044292]
[0.25044292]
[0.25044292]
[0.25044292]
[0.25044292]
[0.25044292]
[0.25044292]
[0.25044292]
[0.25044292]
[0.25044292]
[0.2882905]
[0.25044292]
[0.25044292]
[0.25044292]
[0.25044292]
[0.25044292]
[0.25044292]
[0.25044292]
[0.25044292]
[0.25044292]
[0.25044292]
[0.25044292]
[0.25044292]
[0.25044292]
[0.25044292]
[0.296487]
[0.25044292]
[0.25044292]
[0.25044292]
[0.25044292]
[0.25044292]
[0.25044292]
[0.25044292]
[0.25044292]
[0.25044292]
[0.25044292]
[0.29738298]
[0.30730656]
[0.25044292]
[0.25044292]
[0.25044292]
[0.25044292]
[0.25044292]
[0.25044292]
[0.25044292]
[0.25044292]
[0.28645954]
[0.25044292]
[0.30501008]
[0.25044292]
[0.25044292]
[0.25044292]
[0.25044292]
[0.25044292]
[0.25044292]
[0.25044292]
[0.25044292]
[0.25044292]
[0.25044292]
[0.25044292]
[0.25044292]
[0.25044292]
[0.25044292]
[0.25044292]
[0.25044292]
[0.25044292]
[0.25044292]
[0.25044292]
[0.25044292]
[0.25044292]
[0.25044292]
[0.25044292]
[0.25044292]
[0.25044292]
[0.25044292]
[0.25044292]
[0.25044292]
[0.25044292]
[0.25044292]
[0.25044292]
[0.25044292]
[0.25044292]
[0.25044292]
[0.25044292]
[0.25044292]
[0.25044292]
[0.25044292]
[0.25044292]
[0.25044292]
[0.25044292]
[0.25044292]
[0.25044292]
[0.25044292]
[0.25044292]
[0.25044292]
[0.25044292]
[0.25044292]
[0.25044292]
[0.25044292]
[0.25044292]
[0.25044292]
[0.25044292]
[0.25044292]
[0.25044292]
[0.25044292]
[0.25044292]
[0.25044292]
[0.25044292]
[0.25044292]
[0.25044292]
[0.25044292]
[0.25044292]
[0.25044292]
[0.28967667]
[0.25044292]
[0.25044292]
[0.25044292]
[0.25044292]
[0.25044292]
[0.25044292]
[0.2857]
[0.25044292]
[0.29575753]
[0.25044292]
[0.25044292]
[0.25044292]
[0.25044292]
[0.25044292]
[0.25044292]
[0.25044292]
[0.25044292]
[0.25044292]
[0.25044292]
[0.25044292]
[0.26201355]
[0.25044292]
[0.25044292]
[0.297145]
[0.25044292]
[0.25044292]
[0.25044292]
[0.25044292]
[0.25044292]
[0.28885925]
[0.25044292]
[0.25044292]
[0.25044292]
[0.25044292]
[0.25044292]
[0.25044292]
[0.25044292]
[0.25044292]
[0.25044292]
[0.25044292]
[0.25044292]
[0.25044292]
[0.25044292]
[0.25044292]
[0.25044292]
[0.25044292]
[0.25044292]
[0.25044292]
[0.25044292]
[0.25044292]
[0.25044292]
[0.25044292]
[0.25044292]
[0.25044292]
[0.25044292]
[0.25044292]
[0.25044292]
[0.25044292]
[0.25044292]
[0.25044292]
[0.25044292]
[0.25044292]
[0.25044292]
[0.25044292]
[0.25044292]
[0.25044292]
[0.25044292]
[0.25044292]
[0.2971663]
[0.25044292]
[0.25044292]
[0.25044292]
[0.25044292]
[0.25044292]
[0.25044292]
[0.25044292]
[0.3042326]
[0.25044292]
[0.25044292]
[0.25044292]
[0.25044292]
[0.25044292]
[0.25044292]
[0.25044292]
[0.25044292]
[0.25044292]
[0.25044292]
[0.25044292]
[0.25044292]
[0.25044292]
[0.25044292]
[0.25044292]
[0.2979476]
[0.25044292]
[0.25044292]
[0.25044292]
[0.25044292]
[0.25044292]
[0.25044292]
[0.25044292]
[0.30077538]
[0.25044292]
[0.25044292]
[0.29952168]
[0.25044292]
[0.25044292]
[0.25044292]
[0.25044292]
[0.25044292]
[0.25044292]
[0.25044292]
[0.25044292]
[0.25044292]
[0.25044292]
[0.3025172]
[0.25044292]
[0.25044292]
[0.25044292]
[0.25044292]
[0.25044292]
[0.25044292]
[0.25044292]
[0.25044292]
[0.25044292]
[0.25044292]
[0.25044292]
[0.25044292]
[0.25044292]
[0.25044292]
[0.25044292]
[0.28844875]
[0.25044292]
[0.25044292]
[0.25044292]
[0.25044292]
[0.25044292]
[0.25044292]
[0.28489786]
[0.25044292]
[0.25044292]
[0.25044292]
[0.25044292]
[0.25044292]
[0.25044292]
[0.25044292]
[0.25044292]
[0.25044292]
[0.25044292]
[0.25044292]
[0.25044292]
[0.25044292]
[0.27531588]
[0.25044292]
[0.25044292]
[0.25044292]
[0.25044292]
[0.25044292]
[0.25044292]
[0.25044292]
[0.25044292]
[0.25044292]
[0.25044292]
[0.25044292]
[0.25044292]
[0.25044292]
[0.25044292]
[0.25044292]
[0.25044292]
[0.25044292]
[0.25044292]
[0.25044292]
[0.25044292]
[0.25044292]
[0.25044292]
[0.25044292]
[0.25044292]
[0.25044292]
[0.25044292]
[0.25044292]
[0.25044292]
[0.25044292]
[0.25044292]
[0.25044292]
[0.25044292]
[0.25044292]
[0.29070297]
[0.25044292]
[0.2969461]
[0.25044292]
[0.25044292]
[0.25044292]
[0.25044292]
[0.25044292]
[0.25044292]
[0.25044292]
[0.25044292]
[0.25044292]
[0.25044292]
[0.25044292]
[0.25044292]
[0.25044292]
[0.25044292]
[0.25044292]
[0.25044292]
[0.25044292]
[0.25044292]
[0.25044292]
[0.25044292]
[0.25044292]
[0.25044292]
[0.25044292]
[0.25044292]
[0.25044292]
[0.25044292]
[0.25044292]
[0.25044292]
[0.25044292]
[0.29671985]
[0.25044292]
[0.25044292]
[0.25044292]
[0.25044292]
[0.25044292]
[0.3023908]
[0.25044292]
[0.25044292]
[0.30631897]
[0.25044292]
[0.25044292]
[0.28687602]
[0.25044292]
[0.25044292]
[0.25044292]
[0.25044292]
[0.25044292]
[0.2949471]
[0.25044292]
[0.25044292]
[0.25044292]
[0.25044292]
[0.28830075]
[0.25044292]
[0.25044292]
[0.3007502]
[0.25044292]
[0.25044292]
[0.25044292]
[0.25044292]
[0.25044292]
[0.25044292]
[0.29248273]
[0.25044292]
[0.25044292]
[0.25044292]
[0.25044292]
[0.25044292]
[0.25044292]
[0.25044292]
[0.25044292]
[0.25044292]
[0.25044292]
[0.25044292]
[0.25044292]
[0.25044292]
[0.25044292]
[0.25044292]
[0.2787085]
[0.25044292]
[0.25044292]
[0.25044292]
[0.25044292]
[0.25044292]
[0.25044292]
[0.25044292]
[0.25044292]
[0.25044292]
[0.25044292]
[0.25044292]
[0.25044292]
[0.25044292]
[0.25044292]
[0.25044292]
[0.25044292]
[0.25044292]
[0.25044292]
[0.30595756]
[0.25044292]
[0.30124038]
[0.25044292]
[0.25044292]
[0.25044292]
[0.25044292]
[0.25044292]
[0.25044292]
[0.29944617]
[0.25044292]
[0.25044292]
[0.25044292]
[0.25044292]
[0.25044292]
[0.25044292]
[0.25044292]
[0.25044292]
[0.25044292]
[0.25044292]
[0.25044292]
[0.25044292]
[0.3036554]
[0.25044292]
[0.25044292]
[0.25044292]
[0.25044292]
[0.25044292]
[0.25044292]
[0.25044292]
[0.25044292]
[0.25044292]
[0.25044292]
[0.28567767]
[0.25044292]
[0.25044292]
[0.25044292]
[0.25044292]
[0.25044292]
[0.25044292]
[0.25044292]
[0.2751376]
[0.25044292]
[0.25044292]
[0.25044292]
[0.25044292]
[0.25044292]
[0.25044292]
[0.25044292]
[0.25044292]
[0.25044292]
[0.25044292]
[0.25044292]
[0.25044292]
[0.25044292]
[0.25044292]
[0.29420832]
[0.25044292]
[0.25044292]
[0.25044292]
[0.25044292]
[0.25044292]
[0.25044292]
[0.25044292]
[0.25044292]
[0.25044292]
[0.25044292]
[0.25044292]
[0.25044292]
[0.25044292]
[0.25044292]
[0.25044292]
[0.25044292]
[0.25044292]
[0.25044292]
[0.25044292]
[0.25044292]
[0.25044292]
[0.25044292]
[0.25044292]
[0.25044292]
[0.25044292]
[0.25044292]
[0.25044292]
[0.29671586]
[0.30455798]
[0.25044292]
[0.25044292]
[0.25044292]
[0.25044292]
[0.25044292]
[0.25044292]
[0.30714744]
[0.25044292]
[0.25044292]
[0.25044292]
[0.25044292]
[0.25044292]
[0.25044292]
[0.25044292]
[0.25044292]
[0.25044292]
[0.25044292]
[0.2929764]
[0.25044292]
[0.25044292]
[0.25044292]
[0.25044292]
[0.25044292]
[0.25044292]
[0.25044292]
[0.29402322]
[0.25044292]
[0.25044292]
[0.25044292]
[0.25044292]
[0.25044292]
[0.25044292]
[0.25044292]
[0.25044292]
[0.25044292]
[0.25044292]
[0.25044292]
[0.29196364]
[0.25044292]
[0.25044292]
[0.25044292]
[0.25044292]
[0.25044292]
[0.25044292]
[0.25044292]
[0.25044292]
[0.25044292]
[0.25044292]
[0.25044292]
[0.25044292]
[0.25044292]
[0.25044292]
[0.25044292]
[0.25044292]
[0.25044292]
[0.25044292]
[0.29519463]
[0.28075817]
[0.25044292]
[0.25044292]
[0.25044292]
[0.25044292]
[0.25044292]
[0.25044292]
[0.25044292]
[0.25044292]
[0.25044292]
[0.29872337]
[0.25044292]
[0.25044292]
[0.25044292]
[0.25044292]
[0.25044292]
[0.25044292]
[0.25044292]
[0.25044292]
[0.29953888]
[0.25044292]
[0.25044292]
[0.25044292]
[0.25044292]
[0.25044292]
[0.25044292]
[0.25044292]
[0.25044292]
[0.25044292]
[0.25044292]
[0.25044292]
[0.25044292]
[0.25044292]
[0.25044292]
[0.25044292]
[0.25044292]
[0.25044292]
[0.25044292]
[0.25044292]
[0.25044292]
[0.25044292]
[0.25044292]
[0.25044292]
[0.25044292]
[0.25044292]
[0.25044292]
[0.25044292]
[0.25044292]
[0.25044292]
[0.25044292]
[0.25044292]
[0.25044292]
[0.25044292]
[0.25044292]
[0.29077125]
[0.25044292]
[0.25044292]
[0.25044292]
[0.29816818]
[0.25044292]
[0.25044292]
[0.25044292]
[0.25044292]
[0.25044292]
[0.25044292]
[0.25044292]
[0.25044292]
[0.25044292]
[0.25044292]
[0.25044292]
[0.25044292]
[0.25044292]
[0.25044292]
[0.25044292]
[0.25044292]
[0.25044292]
[0.25044292]
[0.25044292]
[0.25044292]
[0.25044292]
[0.25044292]
[0.25044292]
[0.25044292]
[0.25044292]
[0.25044292]
[0.25044292]
[0.25044292]
[0.25044292]
[0.25044292]
[0.25044292]
[0.25044292]
[0.25044292]
[0.25044292]
[0.25044292]
[0.25044292]
[0.25044292]
[0.25044292]
[0.25044292]
[0.25044292]
[0.25044292]
[0.25044292]
[0.25044292]
[0.25044292]
[0.25044292]
[0.25044292]
[0.25044292]
[0.25044292]
[0.25044292]
[0.25044292]
[0.29960805]
[0.25044292]
[0.30254734]
[0.30475363]
[0.25044292]
[0.29570904]
[0.25044292]
[0.25044292]
[0.25044292]
[0.25044292]
[0.25044292]
[0.25044292]
[0.26886252]
[0.25044292]
[0.25044292]
[0.25044292]
[0.25044292]
[0.25044292]
[0.25044292]
[0.25044292]
[0.25044292]
[0.30099994]
[0.25044292]
[0.25044292]
[0.25044292]
[0.25044292]
[0.25044292]
[0.25044292]
[0.25044292]
[0.25044292]
[0.25044292]
[0.25044292]
[0.30010313]
[0.25026637]
[0.25044292]
[0.25044292]
[0.25044292]
[0.25044292]
[0.29102826]
[0.25044292]
[0.25044292]
[0.30360335]
[0.2926523]
[0.25044292]
[0.28517795]
[0.25044292]
[0.25044292]
[0.25044292]
[0.25044292]
[0.25044292]
[0.25044292]
[0.25044292]
[0.25044292]
[0.25044292]
[0.25044292]
[0.25044292]
[0.2950847]
[0.25044292]
[0.25044292]
[0.25044292]
[0.25044292]
[0.25044292]
[0.25044292]
[0.25044292]
[0.25044292]
[0.25044292]
[0.30476353]
[0.25044292]
[0.30892146]
[0.25044292]
[0.25044292]
[0.25044292]
[0.25044292]
[0.25044292]
[0.25044292]
[0.25044292]
[0.25044292]
[0.25044292]
[0.25571737]
[0.25571737]
[0.29846168]
[0.25571737]
[0.25571737]
[0.25571737]
[0.25571737]
[0.25571737]
[0.25571737]
[0.25571737]
[0.25571737]
[0.25571737]
[0.25571737]
[0.25571737]
[0.25571737]
[0.25571737]
