0.008718787
0.005260481
0.007992805
-0.005470808
0.008718787
0.0
0.009316675
-0.005470808
0.011561365
0.0031146593
0.023780039
0.0
0.01213357
0.006849067
0.004258397
-0.0031146593
-0.0031146593
0.005794787
0.011780744
0.01193646
0.012863234
0.011780744
-0.0009778901
0.009424595
0.010941616
0.0047122976
0.0022700883
0.005470808
0.005794787
0.008585467
0.006362638
0.005470808
0.008585467
0.0023561488
0.01262319
0.0070684464
-0.001212411
0.0013782587
0.011833446
-0.0040925494
0.0
-0.005470808
0.012785087
0.010731289
-0.0047122976
0.013014334
0.009316675
-0.00017435638
0.01702196
0.0055712843
0.0023561488
0.0
0.0047122976
0.018973049
0.005112666
0.011672824
0.011446126
0.0
0.013713208
0.012496497
0.007826957
0.0037344075
0.008847074
0.0047122976
0.008150936
0.01274533
0.009529195
0.0011437378
0.008970695
0.011446126
0.0023561488
-0.0031146593
-0.0009778901
0.0
-0.005470808
0.006614546
0.010658185
0.006614546
0.006362638
0.009316675
0.011561365
0.005470808
-0.0003581419
0.0070684464
0.0055381213
-0.006448698
0.012319875
0.0060905563
0.011387008
0.01193646
0.006614546
-0.005470808
0.009729206
0.006362638
0.010348953
0.008302037
0.0
0.0125392545
0.01699801
0.010941616
-0.0014643191
0.016069356
0.007826957
-0.0040925494
-0.0040925494
0.009729206
0.011885343
0.011672824
0.0
-0.00017435638
0.013051082
0.010348953
0.004492918
-0.005470808
0.006614546
0.010183106
0.010731289
0.009205216
0.012863234
0.009824964
0.0
0.011265595
0.011446126
0.0076526008
0.0158839
-0.0047122976
-0.0040925494
0.005470808
-0.0003581419
0.0013782587
0.010507084
0.0031146593
0.0023561488
0.0076526008
0.007468815
-0.0007585105
-0.0047122976
0.0047122976
-0.00356856
-0.0003581419
0.012939624
0.006614546
0.008847074
0.007468815
0.01583591
0.016748741
0.006849067
0.013194228
0.008847074
0.006849067
0.008718787
0.006362638
0.004258397
0.012319875
0.006614546
0.011074935
0.005794787
0.012901642
0.0047122976
0.0047122976
0.007826957
0.006849067
0.0130874375
0.012785087
0.004258397
0.007468815
0.0013782587
0.009824964
0.0047122976
0.007468815
-0.005470808
0.0058862506
0.007992805
-0.0007585105
0.0013782587
0.010802854
0.017984472
-0.005470808
0.012085354
0.0070684464
-0.001212411
0.011727212
0.010802854
0.008718787
0.005296452
0.0060905563
0.010348953
0.011780744
0.0031146593
0.0047122976
-0.0003581419
0.008847074
0.0060905563
0.007992805
0.0070684464
0.009630671
0.02080414
0.011008929
-0.0017364006
0.0060905563
-0.00356856
0.0
0.008585467
0.016532645
-0.0017364006
0.010731289
0.0047122976
0.015479557
0.015040957
-0.00356856
0.011833446
0.007274522
0.0060905563
0.012319875
-0.007826957
0.009424595
0.0084467055
-0.005470808
0.0037344075
0.0070684464
0.0
0.012036444
0.0013782587
0.010348953
-0.0040925494
0.010658185
0.005794787
0.012705103
0.010267041
0.007468815
-0.0040925494
0.009205216
0.006849067
-0.0031146593
0.012664393
0.004258397
0.010731289
0.006362638
0.0
0.007468815
-0.0017364006
-0.0017364006
0.009630671
0.014136893
0.0037344075
0.005470808
0.0023561488
-0.0023561488
0.006849067
0.010183106
0.011265595
0.006362638
0.010872943
0.013123409
0.010507084
0.006614546
0.006849067
-0.0040925494
0.013051082
0.010507084
0.015670868
0.009424595
0.0
0.0
-0.005470808
0.0070684464
-0.0040925494
0.0021817924
0.0125392545
-0.005470808
0.0037344075
0.0031146593
0.013014334
0.01583591
0.010731289
-0.0023561488
0.009630671
0.010348953
0.011727212
0.008970695
0.01000875
0.006362638
0.0047122976
0.008970695
0.0023561488
0.014241492
0.010583474
0.01193646
0.009918098
0.013945723
0.011727212
0.008718787
0.01000875
-0.00203217
0.010802854
-0.005470808
0.0
0.0060905563
-0.0017364006
0.009316675
0.014317882
0.019472256
0.008585467
0.0047122976
0.006849067
0.011074935
0.008970695
0.0037344075
0.018160498
-0.0040925494
-0.0007585105
0.004258397
0.0023561488
0.0037344075
0.009316675
0.010267041
0.013431084
0.022109404
0.0047122976
0.014787483
0.012364898
0.010097045
-0.00356856
0.011617551
0.013527751
0.010097045
0.006614546
0.013123409
0.009729206
0.0060905563
0.008970695
0.012664393
0.0
0.008970695
0.010507084
0.006849067
0.0013782587
-0.005470808
0.011387008
0.01193646
0.0031146593
0.0037344075
0.013713208
0.007992805
0.0047122976
0.005112666
0.017487489
0.012863234
0.01274533
0.006849067
0.0023561488
0.008847074
0.006614546
0.008150936
0.0
0.0037344075
0.009918098
0.010941616
0.0084467055
0.006362638
0.00047507937
-0.0040925494
0.013860382
0.006614546
0.0013782587
0.006614546
-0.0017364006
0.0084467055
0.0
0.007274522
0.007992805
0.006849067
0.0060905563
0.012664393
0.010658185
0.011008929
0.004258397
0.014001449
0.0023561488
0.011561365
0.0084467055
0.006362638
0.009630671
0.008150936
0.011008929
0.0047122976
0.0037344075
0.008150936
0.0
-0.0031146593
-0.00356856
0.012664393
0.0037344075
0.005112666
0.010583474
0.008150936
0.0070684464
0.012319875
0.0130874375
0.011008929
0.0076526008
0.015040957
0.009824964
0.010658185
0.006614546
0.013051082
0.006362638
0.007992805
0.006849067
0.0076526008
0.01262319
-0.00356856
0.0047122976
0.0060905563
-0.0023561488
0.006614546
0.004258397
0.0037344075
-0.0023561488
0.0023561488
-0.001212411
0.0084467055
-0.0017364006
-0.001212411
0.0047122976
0.008585467
0.0047122976
0.0031146593
0.010267041
0.0084467055
0.0013782587
0.012319875
-0.0023561488
0.010941616
0.0031146593
0.006362638
0.018425506
0.006362638
0.0023561488
0.0031146593
0.009205216
0.009205216
0.0031146593
0.010507084
0.0
-0.0040925494
0.007826957
0.008150936
0.010658185
0.006614546
0.009424595
0.0060905563
0.004258397
0.015370483
0.010731289
0.0037344075
0.010348953
0.0060905563
0.011139684
0.0037344075
0.013590701
0.01632985
0.01274533
0.0023561488
0.013743157
0.01193646
0.007992805
0.006614546
0.012901642
0.0037344075
0.004258397
-0.0009778901
-0.00055243506
-0.0031146593
-0.0023561488
0.005470808
-0.0003581419
0.007274522
0.005470808
0.0031146593
0.006614546
0.007826957
0.007826957
0.0037344075
0.0037344075
0.012036444
0.0037344075
0.010183106
0.011074935
0.012977184
-0.006448698
0.007274522
0.0037344075
0.014342968
0.0023561488
0.005470808
0.0023561488
0.009205216
0.01262319
0.007468815
0.008970695
0.0060905563
-0.005470808
0.009729206
0.0
0.0128243845
0.011885343
0.006362638
-0.0023561488
0.0037344075
0.009630671
0.0031146593
0.007274522
0.011617551
0.005470808
0.009205216
0.007274522
0.012181113
0.0037344075
0.010872943
0.013772844
0.009424595
-0.0047122976
-0.001212411
-0.001212411
0.0076526008
0.005112666
0.010183106
0.0075063757
0.008847074
0.0084467055
0.0047122976
0.0070684464
0.0023561488
0.0
-0.0031146593
0.006614546
0.0084467055
0.009729206
0.011672824
0.0060905563
0.015295772
-0.0040925494
0.0031146593
0.007992805
0.009729206
0.010731289
0.0070684464
0.011326844
-0.0047122976
0.005112666
0.007826957
0.006614546
0.010658185
0.009424595
0.006849067
0.0070684464
0.0031819725
0.010583474
0.0084467055
0.015180534
0.004258397
0.0047122976
0.008150936
0.0023561488
0.014465696
-0.0007585105
-0.0047122976
0.006362638
0.013743157
0.005794787
0.0071935845
0.0084467055
0.007468815
0.0047122976
0.0037344075
0.0023561488
0.009205216
0.008150936
0.0047122976
0.0049581304
0.010267041
0.017497385
0.0076526008
0.0070684464
0.007274522
-0.0040925494
0.011203223
0.0047122976
0.012863234
0.006849067
-0.0007585105
0.007826957
0.0060905563
0.012036444
0.016893411
0.0084467055
0.011727212
0.006849067
0.025107069
-0.0007585105
-0.00203217
0.012227999
0.005794787
0.011265595
0.010583474
0.012901642
0.0070684464
-0.001212411
0.0047122976
0.012319875
0.0070684464
0.0047122976
0.009205216
0.009918098
0.007826957
0.0037344075
0.0037344075
0.0013782587
0.006614546
0.023909824
0.005470808
0.011139684
0.005470808
0.0
0.014215643
0.010941616
0.008585467
0.007274522
0.01000875
0.005112666
0.0047122976
0.016833877
0.016158424
0.005794787
0.0006197482
0.008970695
0.02882564
0.012274248
0.005470808
-0.0040925494
0.013331588
0.0037344075
0.0060905563
0.009316675
0.007826957
0.009824964
-0.0017364006
0.0031146593
0.010348953
0.024104865
0.009630671
0.01671159
0.010097045
0.014560785
0.009205216
0.0
0.013365078
0.013431084
0.0023561488
0.0084467055
0.011326844
-0.001212411
0.005794787
-0.001212411
0.007826957
-0.0017364006
0.008718787
0.011561365
0.009316675
0.005470808
0.018594217
0.014001449
-0.00356856
0.009529195
0.0047122976
0.0023561488
0.010816988
0.0023561488
-0.0017364006
0.012939624
-0.006448698
0.004258397
0.008847074
0.010097045
0.020596197
-0.0040925494
0.008970695
0.0031146593
0.016963499
0.014056276
0.008585467
0.010507084
0.010348953
0.0084467055
0.006614546
-0.006448698
0.009630671
0.010428938
0.015180534
0.008847074
0.004258397
0.0037344075
0.01546162
0.0023561488
0.008302037
0.004258397
-0.0007585105
0.0031146593
0.010872943
0.0
0.005470808
0.010731289
0.012664393
0.011986819
0.007274522
0.005794787
-0.0003581419
0.0031146593
0.010507084
0.007826957
0.0047122976
-0.0040925494
0.011008929
0.015040957
0.003953787
0.009205216
-0.001212411
0.0047122976
0.006614546
0.0060905563
0.005794787
0.007826957
0.0006197482
-0.0023561488
0.005112666
-0.007826957
0.010507084
0.007826957
0.007826957
0.0
0.0060905563
-0.007826957
-0.0017364006
0.0017022374
0.0060905563
0.0013782587
0.011986819
0.02398538
0.0023561488
-0.005470808
-0.007826957
0.0037344075
0.011008929
0.005470808
0.0023561488
0.008150936
0.024741545
0.008585467
0.0060905563
0.009918098
-0.0007585105
0.011672824
-0.007826957
0.005112666
0.009824964
0.008302037
0.0046262373
0.013123409
0.007274522
0.0076526008
0.0070684464
0.007826957
0.0
0.005470808
-0.0003581419
0.0
0.011446126
0.0037344075
0.0023561488
-0.0003581419
0.014916582
0.012785087
0.020666935
0.008302037
0.014979338
0.0023561488
0.008847074
0.008302037
0.0070684464
0.011139684
0.0047122976
-0.0023561488
0.005112666
0.0047122976
0.010731289
0.0036772767
0.01193646
0.005470808
0.010348953
0.0076526008
0.010348953
0.006614546
0.01000875
0.012939624
-0.0040925494
0.004258397
0.009030859
0.005112666
-0.0007585105
0.014136893
0.009824964
0.01553281
0.011074935
0.0047122976
0.010183106
0.007468815
-0.0040925494
0.008302037
0.007468815
0.011672824
0.009424595
0.0037344075
0.0023561488
0.006849067
0.008970695
0.0084467055
0.009824964
0.009529195
0.0076526008
0.008718787
0.0027565174
-0.007826957
0.0013782587
0.01262319
-0.0023561488
0.0023561488
-0.0023561488
0.010348953
0.0139737
0.0076526008
0.010183106
0.0
-0.0014643191
0.01593122
0.0023561488
-0.0023561488
0.0006197482
0.012181113
0.005794787
0.009918098
0.008970695
0.004258397
0.011986819
0.007468815
0.013331588
0.009424595
0.009205216
0.010658185
0.017507251
0.007274522
0.020441845
0.008150936
0.0070684464
0.013014334
-0.0009778901
0.010507084
0.011672824
-0.006448698
0.0023561488
0.011008929
0.0023561488
0.0060905563
0.010802854
0.0052241255
0.0037344075
0.011504234
0.0031146593
0.005470808
0.010428938
0.013621744
0.0023561488
-0.0017364006
-0.006448698
0.009630671
0.0037344075
0.0013782587
0.007274522
0.010583474
0.02369972
0.011265595
0.0084467055
0.0
0.011617551
0.011326844
0.011139684
0.0015976384
0.0060905563
0.015687738
-0.0027142907
0.004754524
0.0090899775
0.009529195
0.005470808
0.011387008
-0.005470808
-0.007826957
-0.00017435638
0.007468815
0.005794787
-0.0007585105
0.009729206
0.007274522
0.009918098
0.0047122976
0.008150936
0.01546162
0.004258397
-0.0017364006
0.006362638
0.005470808
0.005470808
0.013772844
0.016558792
-0.0017364006
0.0070684464
0.0023561488
0.006614546
0.0060905563
0.006614546
-0.006448698
0.014189594
0.006614546
0.0090899775
0.004258397
-0.0017364006
0.010428938
0.0047122976
0.0076526008
0.006362638
0.011326844
0.005470808
0.010941616
0.0023561488
0.009918098
-0.0031146593
-0.0040925494
0.0022700883
0.0023561488
0.010731289
-0.007826957
0.012496497
0.0023561488
0.007826957
0.010802854
0.0
0.0023561488
0.0060905563
0.0060905563
0.010097045
0.011203223
-0.00055243506
0.0047122976
0.009630671
0.013463613
0.011780744
0.012364898
0.0
0.009630671
0.0031146593
0.0013782587
0.007274522
0.009205216
0.009424595
0.007274522
0.004258397
0.007826957
-0.00017435638
0.007468815
0.0047122976
0.0023561488
0.0047122976
0.012705103
-0.005470808
0.010941616
0.008718787
0.005470808
0.011446126
-0.0014643191
0.010183106
0.022354763
-0.0031146593
0.0
0.007468815
0.011387008
0.006614546
0.0
0.0
0.010583474
0.0076526008
0.0047122976
0.0023561488
0.012085354
0.022833135
-0.00356856
0.007468815
0.005112666
0.012409333
0.006614546
0.0
0.0037344075
0.0047122976
0.0090899775
-0.0007585105
0.008585467
0.014292609
0.008150936
0.0070684464
0.006849067
0.015687738
0.009729206
0.008847074
0.011617551
0.0013782587
0.0023561488
0.0023561488
-0.0027142907
0.011139684
-0.0027142907
0.012785087
0.011326844
-0.0040925494
0.01952164
0.006614546
0.013463613
0.010583474
0.011265595
0.0023561488
0.0
-0.0031146593
0.005112666
0.0
0.012274248
0.006614546
0.0060905563
0.011504234
0.011986819
0.0037344075
0.0037344075
-0.0003581419
0.0037344075
0.0037344075
0.014417136
0.009529195
-0.0031146593
0.0023561488
0.0060905563
0.0023561488
0.005794787
0.0031146593
0.006849067
0.006614546
0.009205216
-0.00356856
0.011074935
0.0037344075
0.0023561488
-0.001212411
0.01000875
0.010428938
0.004492918
0.0076526008
0.010941616
0.0
-0.0040925494
0.015602539
0.014267147
0.006362638
0.0013782587
0.03268155
0.010802854
0.009205216
0.0060905563
0.0090899775
0.006614546
0.009205216
0.006362638
0.013772844
0.0047122976
0.007274522
0.009824964
0.009824964
0.0060905563
0.009316675
0.0013782587
0.014267147
0.0023561488
0.009630671
0.006362638
0.008585467
0.0023561488
0.013398241
-0.006448698
-0.0017364006
0.0031146593
0.0047122976
0.021124722
0.009918098
0.013331588
0.0007585105
0.01274533
0.0070684464
0.005470808
0.019354159
0.012496497
0.014267147
0.007826957
0.014979338
0.010872943
0.0047122976
0.012319875
0.010872943
0.004258397
0.0039002553
0.005470808
0.009529195
0.006362638
0.010583474
0.005794787
0.008970695
0.0023561488
0.007992805
0.007468815
0.009205216
-0.0023561488
0.0023561488
0.008970695
-0.0017364006
0.004258397
0.008585467
0.0070684464
0.008847074
-0.007826957
0.01000875
0.010731289
0.0047122976
0.00032397878
0.007826957
0.005470808
0.009424595
-0.0007585105
0.005470808
0.008718787
0.007274522
0.0023561488
0.006614546
0.008302037
0.0
0.009316675
-0.0040925494
0.023725122
0.0070684464
0.0023561488
-0.0040925494
-0.001212411
0.009424595
0.0013782587
-0.0003581419
0.015141236
-0.0031146593
0.0062832753
0.0037344075
0.012901642
0.008970695
-0.0023561488
0.0076526008
0.011387008
0.0031146593
0.01213357
0.005112666
0.016623296
0.018440513
0.0037344075
0.0047122976
0.0090899775
0.0070684464
0.013463613
-0.0031146593
-0.005470808
0.008718787
0.01193646
0.011387008
0.0023561488
0.0047122976
0.007992805
-0.0009778901
0.011074935
0.0037344075
0.007992805
-0.001212411
0.0013782587
-0.0003581419
0.009630671
0.0
0.011008929
-0.0031146593
0.014441503
0.006614546
0.007826957
0.008718787
-0.006448698
0.0023561488
-0.0040925494
0.009529195
0.0023561488
0.0023561488
0.0023561488
0.008970695
0.0090899775
0.018440513
-0.0023561488
0.0023561488
0.016821845
0.0037344075
0.009729206
0.0047122976
0.009316675
0.01274533
-0.0003581419
0.009918098
0.013527751
0.0076526008
0.005470808
0.009529195
0.011446126
0.022936424
0.008585467
-0.0014643191
0.0047122976
0.0031146593
0.005794787
0.0060905563
-0.007826957
-0.0007585105
0.008585467
0.010658185
-0.0031146593
0.0047122976
0.008150936
0.005112666
0.005112666
0.017457627
0.0047122976
-0.001212411
0.009918098
0.005470808
0.006849067
0.0
0.011727212
0.01593122
0.01262319
0.005470808
0.010802854
0.009424595
0.0
-0.0031146593
0.006614546
0.009205216
0.0090899775
0.0047122976
0.008302037
0.0031146593
0.005470808
0.0023561488
0.0056041274
0.007992805
0.0
0.009316675
0.0
0.0007585105
-0.0023561488
0.007468815
0.011008929
0.0047122976
0.011074935
0.014317882
0.011504234
-0.001212411
0.015101478
0.009918098
0.011008929
-0.005470808
0.006614546
0.006849067
0.004258397
0.011203223
0.0090899775
0.007468815
0.0013782587
0.009205216
0.0013782587
-0.0031146593
0.005794787
0.0
-0.00356856
0.005470808
0.007468815
0.013802275
0.011561365
0.010428938
0.017020823
0.007992805
-0.0023561488
0.0047122976
0.0047122976
0.0037344075
-0.0031146593
0.0060905563
0.009729206
-0.007826957
-0.0017364006
0.005794787
-0.007826957
0.010658185
0.008150936
0.019308066
-0.0003581419
0.012496497
-0.00055243506
0.007992805
0.0011437378
-0.0040925494
0.01000875
0.006614546
0.008150936
0.01594685
0.005112666
0.0013782587
0.013945723
0.006614546
0.009529195
0.0076526008
0.008718787
0.0047122976
0.0060905563
0.010731289
0.0076526008
-0.0040925494
0.0065160114
-0.0017364006
0.0070684464
0.013229092
0.007826957
-0.005470808
0.009630671
0.0010201168
0.013123409
0.016648758
-0.0017364006
0.0070684464
0.0023561488
0.009630671
0.0060905563
0.0037344075
0.011203223
-0.0031146593
0.016845869
0.007826957
0.011561365
0.0023561488
0.005470808
0.0
0.007826957
0.0047122976
0.009824964
0.016519494
0.013123409
0.011504234
-0.0023561488
0.011139684
0.01460735
0.011074935
0.0031146593
0.009918098
0.009729206
-0.00055243506
0.00032397878
0.009424595
0.007274522
0.005112666
0.0037344075
-0.0031146593
0.01857268
0.01493763
0.0023561488
0.0076526008
0.010507084
0.009316675
0.013652506
0.0023561488
0.013398241
0.0060905563
0.0023561488
-0.0007585105
0.005470808
0.0031146593
-0.0023561488
0.015993308
0.007992805
-0.005470808
0.011672824
0.0060905563
0.015515151
-0.007826957
0.005112666
0.0084467055
0.010941616
0.0
0.0
0.009205216
0.0023561488
0.010941616
0.015276835
0.013495833
0.013051082
0.008970695
0.010348953
0.0023561488
0.013652506
0.0023561488
0.013463613
0.010658185
0.009205216
-0.005470808
0.0036191691
0.0076526008
0.0031146593
0.010097045
0.0070684464
0.012036444
0.010941616
0.013014334
0.009918098
0.005470808
-0.0040925494
0.014809343
0.005470808
0.0068034395
0.008150936
0.010941616
0.005470808
0.012496497
0.0128243845
-0.0027142907
0.008718787
-0.0009778901
-0.00203217
0.0008918297
0.0070684464
0.0060905563
0.010872943
0.008718787
0.007826957
0.005470808
0.0047122976
-0.00203217
0.007468815
0.0128243845
0.0046695396
-0.0040925494
0.009529195
0.011326844
-0.0007585105
0.01954336
-0.0007585105
0.0037344075
0.0060905563
0.0060905563
0.0047122976
0.0023561488
0.0023561488
0.011727212
0.01000875
0.007992805
0.008150936
0.0
0.009729206
-0.0007585105
0.005470808
0.010658185
-0.00017435638
-0.005470808
0.005470808
0.005470808
0.012939624
0.0013782587
0.010941616
0.011617551
0.011986819
-0.0040925494
0.011203223
0.014809343
0.013889068
0.01213357
0.007468815
0.007468815
0.0076526008
-0.0040925494
0.0023561488
0.0047122976
0.013263602
-0.005470808
-0.005470808
0.0047122976
0.005794787
0.013682992
0.008150936
0.014653287
0.011986819
0.0
0.0
0.0047122976
0.010658185
0.015721226
0.007826957
-0.0003581419
0.005470808
0.0047122976
0.01603914
0.011885343
0.0008918297
0.008847074
0.005112666
0.0047122976
0.004258397
0.012409333
0.005794787
-0.0014643191
0.013159003
0.014831063
0.006362638
0.010507084
0.008585467
0.010507084
0.007274522
0.0006197482
0.011203223
-0.005470808
-0.0003581419
0.010731289
0.009424595
-0.0031146593
0.011265595
0.010583474
-0.0003581419
0.01906774
0.013431084
0.013229092
-0.0009778901
0.011446126
0.013123409
0.0070684464
0.0023561488
0.00047507937
0.010348953
0.011446126
0.0
0.01000875
0.011780744
0.0023561488
0.0047122976
0.0037344075
0.012977184
0.010183106
-0.0040925494
0.007468815
0.0037344075
-0.0031146593
0.006614546
0.012085354
-0.0023561488
0.016202098
0.004258397
0.0
0.014342968
0.02563482
0.0
0.012581482
-0.0017364006
0.011387008
0.009529195
0.011008929
0.0047122976
0.005470808
0.011780744
0.010267041
-0.00017435638
0.0047122976
0.0023561488
0.011203223
0.009824964
0.007992805
0.010941616
0.012227999
-0.0023561488
0.0061744917
0.008847074
0.0026801275
-0.00203217
0.007992805
0.009729206
0.013682992
0.007468815
0.0031146593
0.0023561488
0.010267041
0.010583474
0.01193646
-0.0040925494
0.0
-0.00055243506
-0.0027142907
0.011885343
0.009205216
0.004258397
0.0013782587
0.01000875
0.0130874375
0.0047122976
0.010731289
0.0047122976
0.005470808
0.0060905563
0.005470808
-0.006448698
0.0
-0.0023561488
0.016315889
0.009630671
0.0
-0.005470808
0.0076526008
0.01193646
0.013682992
0.0047122976
0.005470808
0.006849067
0.009824964
0.008150936
0.0090899775
0.006362638
0.0047122976
0.014537262
0.008718787
0.007826957
0.008718787
-0.0023561488
0.006362638
0.010097045
0.010658185
-0.0023561488
0.008718787
-0.0031146593
0.013590701
0.0128243845
0.0047122976
0.010097045
0.0076526008
0.006614546
0.008585467
0.0023561488
0.0045823758
0.008970695
0.01000875
0.0047122976
0.009205216
0.0019980068
0.0084467055
0.018901892
0.019319648
0.0037344075
0.0010201168
0.013860382
0.0047122976
0.010097045
0.015962407
0.013743157
0.008718787
0.014537262
0.0023561488
0.010658185
0.009205216
0.005112666
-0.0017364006
0.013463613
0.008970695
-0.0040925494
0.005794787
0.010183106
0.011203223
0.0047122976
0.011265595
0.0023561488
0.009205216
0.0037344075
0.0060905563
0.016023932
0.009918098
0.009529195
0.0023561488
0.008970695
0.011074935
0.008718787
0.007274522
0.024160983
0.0023561488
0.0037344075
0.009529195
-0.0017364006
0.007992805
0.0090899775
0.009239038
0.012085354
0.0060905563
0.008718787
0.0070684464
0.006849067
0.007826957
-0.005470808
0.010507084
-0.0003581419
0.0045823758
0.012274248
0.014765481
0.005470808
0.011326844
0.0060905563
0.0023561488
-0.0031146593
-0.001212411
0.0
0.011885343
0.006849067
0.0023561488
0.013682992
0.0037344075
0.010658185
0.007826957
0.0
0.007274522
0.01603914
0.005470808
0.0037344075
0.0047122976
0.010583474
0.01262319
0.005470808
0.0037344075
0.014630396
0.0047122976
0.008302037
0.006614546
0.010348953
-0.0040925494
0.007274522
0.0021817924
0.007274522
-0.007826957
0.011885343
0.0023561488
0.0023561488
0.0084467055
0.0037344075
-0.007826957
-0.0003581419
0.0011437378
0.003560051
0.0060905563
-0.0031146593
0.0076526008
0.010267041
0.0031146593
0.007468815
0.0
0.0
0.011504234
0.0031146593
0.0047122976
0.012085354
0.008150936
0.005112666
0.007468815
-0.007826957
0.009424595
0.008847074
0.009729206
0.0060905563
0.0076526008
-0.0017364006
0.005112666
0.005794787
-0.007826957
0.0070684464
0.0060905563
0.005470808
0.007468815
0.0047122976
-0.0017364006
0.019488798
-0.0007585105
0.0006197482
0.015314604
0.01575439
0.012705103
0.013802275
0.0023561488
0.005470808
0.012785087
0.0084467055
-0.0047122976
0.007992805
0.0076526008
0.008718787
0.011139684
0.00032397878
0.008847074
0.010583474
0.0072140004
0.0070684464
0.0031146593
0.0
0.008718787
0.013051082
0.011986819
0.015000002
0.0023561488
0.013772844
0.008302037
0.01262319
0.008585467
0.010802854
0.005112666
-0.0031146593
0.0132977655
0.0047122976
0.0
0.005470808
-0.0023561488
-0.0031146593
0.005794787
0.009824964
0.0023561488
-0.0007585105
0.0037344075
0.0047122976
0.011326844
0.028380798
0.006849067
0.009205216
0.006362638
0.004258397
0.005794787
0.014916582
-0.0017364006
0.0023561488
0.0047122976
-0.001212411
0.010872943
0.009630671
0.009630671
0.0147433365
0.011727212
0.005470808
0.010802854
0.005470808
0.0070684464
-0.001212411
0.010731289
-0.007826957
0.009205216
0.008585467
0.005112666
0.0023561488
0.0070684464
0.006614546
0.012409333
-0.0014643191
0.004258397
-0.0023561488
0.006614546
0.0070684464
0.005794787
0.019129433
-0.0023561488
0.008302037
-0.0014643191
-0.00203217
0.0023561488
0.0023561488
0.0013782587
0.008302037
-0.0031146593
0.006362638
0.010731289
-0.0007585105
0.0023561488
0.0084467055
0.0007585105
0.005112666
0.01193646
0.005794787
0.0031146593
-0.0017364006
0.0027565174
0.0047122976
0.005470808
0.008585467
0.012977184
0.007468815
-0.0031146593
0.0047122976
0.021497788
0.010941616
0.010428938
0.0023561488
0.012785087
0.0
0.0
0.009316675
-0.0031146593
0.0
0.0023561488
0.0084467055
0.024114752
0.006849067
0.0090899775
0.010348953
0.0047122976
0.0023561488
0.011326844
-0.0017364006
0.005794787
0.011139684
0.0019022484
0.010428938
0.006614546
0.009729206
0.012274248
0.015515151
0.006614546
-0.0003581419
0.012085354
-0.0014643191
0.01193646
0.004258397
0.007826957
0.0084467055
0.005470808
0.0070684464
0.0013782587
0.01680977
0.014630396
0.0
0.009630671
0.011074935
0.005470808
0.016773285
-0.0031146593
0.007992805
0.009316675
0.005794787
0.009918098
-0.005470808
0.0023561488
-0.0023561488
0.0047122976
0.009205216
0.0011437378
0.00047507937
-0.001212411
-0.0003581419
0.0
0.004258397
0.0076526008
-0.0040925494
0.008302037
0.002975897
0.014292609
0.0037344075
0.009630671
0.007826957
0.008150936
0.0
0.01583591
0.009205216
0.0031146593
0.007826957
0.006614546
0.0037344075
-0.0017364006
0.0070684464
0.018151544
0.0070684464
0.0031146593
0.014292609
0.0037344075
-0.005470808
0.007274522
-0.0027142907
0.013889068
0.0013782587
0.011203223
-0.0023561488
0.005470808
0.019477779
0.004258397
0.014241492
0.010941616
-0.0040925494
0.007826957
-0.00203217
0.006614546
0.007826957
0.0031146593
0.0047122976
0.0047122976
-0.0023561488
0.010731289
0.005470808
0.011780744
0.014537262
0.0
0.016128993
0.0031146593
0.0060905563
0.01761394
0.004258397
0.008847074
0.011617551
0.013123409
0.007468815
0.0047122976
0.011203223
0.001489718
0.011833446
0.0076526008
-0.0031146593
0.0070684464
0.0023561488
-0.0027142907
0.013495833
0.0
0.005470808
0.0037344075
0.005112666
0.0023561488
0.014676024
0.019055266
0.012085354
0.008150936
0.006614546
0.011885343
-0.0017364006
0.008847074
0.011008929
0.011326844
-0.005470808
0.0076526008
0.007468815
0.014417136
0.005794787
0.010507084
-0.0014643191
-0.005470808
0.0047122976
0.008718787
0.011139684
0.011203223
0.0023561488
0.010428938
0.0037344075
0.009205216
0.009824964
0.010097045
0.010183106
0.009424595
0.0010201168
0.010348953
0.0132977655
0.011504234
0.00444729
0.006849067
0.0070684464
0.005470808
0.010658185
0.008718787
0.007468815
0.009424595
-0.00055243506
0.008970695
0.006614546
0.014958548
0.007274522
0.014292609
0.015219382
0.01274533
0.0084467055
0.0013782587
0.007826957
0.007468815
-0.0040925494
0.007468815
0.007468815
0.011139684
0.011986819
0.007826957
0.0047122976
0.0037344075
0.011265595
0.0047122976
0.004258397
0.0023561488
0.0090899775
0.0060905563
0.014056276
0.009205216
0.009824964
0.0
0.010267041
0.0047122976
-0.0047122976
0.009729206
0.0047122976
0.0023561488
0.008718787
0.010658185
0.0023561488
0.008150936
0.015020542
0.008585467
0.0018037137
0.013559371
-0.0023561488
0.006362638
0.010183106
0.004258397
0.010507084
0.0037344075
0.006849067
0.008970695
0.009424595
-0.00356856
0.007468815
0.01553281
0.0047122976
0.0023561488
-0.0007585105
0.009316675
0.0023561488
0.004258397
0.0084467055
0.005794787
0.0037344075
0.0047122976
0.0023561488
-0.005470808
0.006614546
0.0037344075
0.006614546
0.01274533
0.011203223
0.010802854
0.0037344075
0.012785087
0.006614546
0.0023561488
0.012453194
0.009205216
0.0
0.009630671
0.009824964
0.0070684464
0.012227999
0.010872943
0.0013782587
0.005794787
0.006849067
0.0060905563
0.008150936
0.009205216
0.0060905563
0.0090899775
-0.0031146593
0.012977184
0.0023561488
0.0037344075
-0.001212411
0.010731289
0.010731289
0.005470808
0.0060905563
0.007826957
0.01000875
0.0070684464
0.010183106
0.011885343
0.009918098
0.008302037
0.007468815
-0.005470808
0.02672165
0.0
0.006614546
-0.007826957
0.011561365
0.0032479786
0.015497401
0.0070684464
-0.0040925494
0.0076526008
0.007274522
0.006849067
-0.0023561488
0.008150936
0.015479557
-0.0003581419
0.0060905563
0.014215643
0.0047122976
0.008718787
0.006614546
0.0037344075
0.009424595
-0.0003581419
0.010872943
0.005470808
0.010183106
-0.0040925494
-0.0031146593
0.0019980068
0.0023561488
0.010941616
0.014367871
0.0023561488
0.012036444
0.014560785
-0.0017364006
-0.0007585105
0.011986819
0.011074935
0.0031146593
0.018914942
0.0070684464
0.0023561488
0.008847074
0.011326844
0.012227999
0.012453194
0.018043885
0.011833446
0.009729206
0.015101478
0.01448972
0.010507084
0.010183106
0.005470808
-0.005470808
0.01262319
0.010267041
0.013263602
0.011203223
-0.0040925494
0.0031146593
-0.001212411
0.011617551
0.016128993
0.01717637
0.007274522
0.015653914
-0.007826957
0.0047122976
0.012181113
0.007274522
0.010583474
0.011504234
0.009205216
0.008150936
0.016143741
0.005112666
0.005112666
0.005470808
0.01274533
0.0026019814
0.012227999
0.005794787
0.007468815
0.014110233
0.008847074
0.010267041
0.010731289
0.010583474
0.01213357
0.0031146593
0.0037344075
0.010507084
0.01000875
0.012939624
0.0020911417
0.0023561488
-0.0023561488
0.005470808
0.004258397
0.004258397
0.0012630204
-0.0007585105
0.0010201168
-0.0007585105
0.008847074
0.005794787
0.009316675
0.025651911
0.017632984
0.0017022374
0.022309488
0.007274522
0.010097045
0.010731289
0.0017022374
0.011139684
0.007274522
0.005470808
0.0037344075
0.007468815
0.0047122976
0.015636874
-0.006448698
0.0023561488
0.015238641
0.0070684464
0.0023561488
0.0076526008
0.010428938
0.0
0.010802854
0.007468815
0.005470808
0.010428938
0.011727212
0.016173044
0.007992805
0.009424595
0.006614546
0.011326844
-0.005470808
0.006614546
0.0037344075
0.008970695
0.009205216
-0.0031146593
0.005794787
0.006614546
0.0070684464
0.0013782587
0.0037344075
0.011203223
0.009316675
0.011672824
0.004258397
0.0023561488
0.021828406
0.007468815
-0.0014643191
0.005470808
0.007826957
0.0047122976
0.0037344075
0.014001449
0.0031146593
0.010097045
0.0090899775
-0.0007585105
0.0
0.0047122976
-0.005470808
-0.001212411
0.011672824
0.0023561488
0.013463613
0.023998542
0.0070684464
0.0047122976
0.0047122976
0.014441503
0.0023561488
0.004258397
0.011986819
0.009729206
-0.0031146593
0.0037344075
0.017251553
0.014721047
0.010658185
0.022574734
0.013331588
0.010731289
0.0
0.0023561488
0.0
0.004258397
0.011833446
-0.0023561488
0.0023561488
0.013590701
0.013889068
0.006614546
0.011504234
0.0
0.011008929
0.0047122976
0.012085354
0.010267041
0.008847074
0.009630671
0.009424595
0.008302037
0.0047122976
0.011446126
0.006362638
0.013194228
0.0023561488
0.0023561488
0.015425458
0.009424595
0.005794787
0.0037344075
0.013014334
0.0037344075
0.017397106
0.006614546
-0.005470808
0.009316675
0.0060905563
0.013495833
0.0084467055
0.011326844
0.006849067
0.012409333
0.0025219966
0.007468815
0.0047122976
0.0125392545
0.0013782587
0.005470808
0.006362638
-0.0023561488
0.013365078
0.007468815
0.0047122976
0.0070684464
0.010658185
0.0076526008
0.0132977655
0.0047122976
-0.005470808
0.011008929
0.008847074
0.0243727
-0.005470808
0.016273662
0.005112666
-0.001212411
0.016008655
0.0084467055
0.0023561488
0.010267041
0.0070684464
0.0060905563
0.0084467055
0.009424595
0.010583474
0.016099306
0.014874091
-0.00055243506
0.009424595
0.004258397
0.011885343
-0.0031146593
0.005112666
0.0
0.005470808
0.0031146593
-0.0031146593
0.0060905563
0.0047122976
0.008970695
0.008302037
0.0023561488
-0.001212411
0.012085354
0.008302037
0.0076526008
0.008718787
0.012409333
0.0013782587
0.0076526008
-0.007826957
0.011139684
0.0023561488
0.016273662
0.015550377
0.005470808
0.006309936
0.013559371
0.0
0.008585467
-0.0023561488
0.01274533
0.013229092
0.013431084
-0.0023561488
0.016357597
0.010583474
0.0023561488
-0.005470808
0.013713208
-0.0007585105
0.0060905563
0.0031146593
0.011885343
0.010348953
0.014215643
0.010941616
0.02070945
0.011074935
0.0060905563
0.006614546
0.005794787
-0.005470808
0.004258397
0.0047122976
0.0
0.010428938
0.0047122976
-0.001212411
0.016452972
0.0060905563
0.0037344075
0.013559371
0.009630671
0.0031146593
0.005794787
0.0047122976
-0.0023561488
0.009529195
0.006614546
0.011265595
0.009316675
0.010097045
0.0023561488
0.014241492
0.005470808
0.012939624
0.006614546
0.0013782587
0.009824964
0.009529195
-0.001212411
0.0070684464
0.011326844
-0.0007585105
0.005470808
0.024334574
-0.0031146593
0.014787483
-0.005470808
-0.0031146593
0.0047122976
0.005470808
0.006849067
0.007826957
0.009529195
0.005470808
0.0013782587
0.011139684
0.009824964
0.0031146593
-0.0031146593
0.009424595
0.0070684464
0.012181113
-0.0023561488
-0.0023561488
0.0147433365
0.005112666
0.010941616
0.010267041
0.0037344075
0.008970695
0.009824964
0.0
-0.005470808
0.013123409
-0.005470808
0.007826957
-0.007826957
0.008847074
0.007468815
0.014560785
0.0023561488
0.0084467055
0.007468815
0.0060905563
0.0
-0.0017364006
0.010941616
0.016069356
-0.0017364006
0.009205216
0.0023561488
0.008227326
0.008718787
0.0023561488
0.007468815
0.006849067
0.008970695
-0.005470808
0.010428938
0.022392428
-0.0007585105
0.011833446
0.015000002
0.005470808
0.007468815
0.0076526008
0.009630671
0.0047122976
0.009824964
0.011008929
0.012409333
0.009316675
0.01448972
0.0023561488
0.0047122976
-0.005470808
0.0060905563
0.0
0.011833446
0.005470808
0.0037344075
0.012496497
0.0070684464
0.009205216
