0.017174909
0.015035339
0.015555223
0.018423487
0.020837797
0.01675122
0.016267853
0.0144605
0.014255085
0.014435985
0.018753896
0.013849312
0.01593732
0.015352342
0.018599318
0.01293381
0.020456545
0.010705457
0.022106662
0.018606082
0.021530136
0.0187574
0.019917214
0.01592295
0.014348072
0.014009084
0.014952492
0.016159648
0.01563046
0.022252062
0.015933096
0.016517231
0.016368449
0.016282223
0.018255264
0.016351542
0.020219848
0.019613735
0.013211923
0.017122498
0.02090965
0.013867915
0.013905106
0.013717446
0.013239826
0.01920205
0.023694223
0.015110573
0.013817197
0.017637314
0.016179092
0.009239631
0.018707523
0.018726967
0.01557044
0.016370984
0.014860352
0.015693862
0.016393809
0.014130817
0.013531467
0.016671928
0.018855458
0.018781068
0.014864576
0.013651504
0.013774925
0.018337261
0.019195288
0.0150860585
0.01528218
0.01778525
0.01732538
0.01491868
0.018961973
0.022585973
0.01879544
0.014666767
0.023229282
0.014816394
0.013193323
0.015571285
0.016634734
0.020222384
0.01351625
0.013504419
0.012343548
0.017345669
0.019442974
0.01870076
0.0147225605
0.019778578
0.018150019
0.017814837
0.017294103
0.011629443
0.015019272
0.016804647
0.016242491
0.021798955
0.021014474
0.017535027
0.012713173
0.016444528
0.019115405
0.015855324
0.017527418
0.018797975
0.02232138
0.01578516
0.015164672
0.011784974
0.016620835
0.018547753
0.015831651
0.01469551
0.018983105
0.01676407
0.016864667
0.016171481
0.016238265
0.020738047
0.020218158
0.014954185
0.019150484
0.017448803
0.016281378
0.016294902
0.015000677
0.00610079
0.020965444
0.020585038
0.021530136
0.018769233
0.015953382
0.013674326
0.014850205
0.016167257
0.018486887
0.014086859
0.020609554
0.013696305
0.021325562
0.015120716
0.014456285
0.019352524
0.018800512
0.013309135
0.013909334
0.01440386
0.01588829
0.016007487
0.014298193
0.017123342
0.016379438
0.015208631
0.014528126
0.020411743
0.01720534
0.012243152
0.020535162
0.017296638
0.015850252
0.011164507
0.018426869
0.023142211
0.018272169
0.013890736
0.01915471
0.023423713
0.01624503
0.017026974
0.015758108
0.01621206
0.01878276
0.020000057
0.00630553
0.020191949
0.020343268
0.014652397
0.01586124
0.015584811
0.014639716
0.010914285
0.017188434
0.020505575
0.014966866
0.01750375
0.017208723
0.018590866
0.013228832
0.0155924205
0.014363285
0.018498722
0.024409387
0.01602439
0.016392965
0.00836554
0.01413758
0.019055806
0.019175846
0.018078584
0.015288941
0.016354922
0.017052334
0.014660005
0.012313313
0.01541405
0.016707432
0.014564479
0.015335434
0.01588846
0.01815044
0.018340642
0.014387802
0.013809584
0.017509667
0.008667371
0.011933761
0.016017629
0.02178543
0.01744373
0.0196746
0.015624543
0.017806385
0.017508822
0.015729366
0.013143456
0.019514829
0.021163255
0.014298193
0.017489385
0.012759668
0.01542166
0.011015705
0.015057317
0.022313772
0.01783428
0.011586318
0.016958501
0.017357504
0.022903824
0.015942395
0.0120242145
0.015901819
0.01185514
0.020326361
0.020696623
0.016476652
0.016438613
0.020126015
0.015229766
0.018292457
0.014720868
0.012443511
0.018489424
0.015458011
0.018588329
0.014984616
0.020787075
0.016894253
0.01741076
0.016113998
0.013632064
0.018907871
0.012185677
0.015611018
0.015597491
0.016791595
0.01942015
0.016567105
0.016431006
0.017234929
0.013200932
0.016474117
0.011224515
0.01581052
0.01302426
0.01565413
0.015407289
0.015061543
0.016442837
0.01419168
0.019061724
0.019175846
0.016936522
0.0160227
0.0180304
0.017210413
0.022704322
0.015876457
0.013324351
0.01874163
0.017469935
0.017081922
0.01629744
0.013393676
0.012658228
0.017226476
0.015302465
0.01782329
0.021219892
0.012372496
0.014435985
0.016813101
0.019994985
0.018731194
0.020087129
0.011207619
0.013413119
0.015447864
0.01229473
0.020420196
0.01778694
0.015216241
0.014346378
0.013286309
0.01302172
0.015130878
0.016249256
0.02070254
0.013920324
0.015568751
0.016751438
0.021436302
0.018879972
0.013817188
0.016163873
0.017414989
0.009800928
0.019803938
0.013473137
0.017622098
0.01457462
0.013074135
0.015459701
0.02002542
0.01761449
0.015839262
0.015160451
0.015559453
0.016995696
0.011589712
0.017423442
0.011773979
0.015096203
0.019731238
0.017936567
0.014039518
0.01734736
0.018029556
0.019955255
0.023401733
0.016138513
0.01278502
0.018428558
0.018613689
0.01392709
0.01744542
0.014503615
0.016830008
0.01849027
0.010232082
0.019596828
0.012734299
0.021392344
0.014738623
0.007974986
0.016479189
0.009713026
0.01481132
0.020764252
0.01540898
0.012582137
0.012753752
0.014547574
0.018349944
0.015913652
0.015955076
0.014649014
0.017092066
0.022536099
0.0140217645
0.016701516
0.01867709
0.020311145
0.019871566
0.011181405
0.015186654
0.016502857
0.014946577
0.016805496
0.018638205
0.01476905
0.019945955
0.018640742
0.020915568
0.019858886
0.01721295
0.016370984
0.01496179
0.015818128
0.013113868
0.01724761
0.014829917
0.021612134
0.016360842
0.017447965
0.016433539
0.01918599
0.014846826
0.018443774
0.014634641
0.0134165
0.01431848
0.014919525
0.019487778
0.017189281
0.024094917
0.019865649
0.017625479
0.010928364
0.01562877
0.020486131
0.014702272
0.016237421
0.013040321
0.0154994335
0.019300956
0.017993206
0.019429449
0.016921306
0.017666057
0.014534045
0.012380096
0.017593374
0.017283114
0.018703297
0.01576149
0.01844124
0.019945955
0.021007711
0.015135933
0.012992139
0.01461689
0.014877254
0.015114798
0.01617571
0.016610218
0.018198624
0.016842688
0.018233282
0.020698315
0.013533158
0.02071015
0.014198443
0.012816302
0.019256154
0.01828147
0.018320778
0.014952492
0.01620995
0.014643098
0.01807943
0.01514523
0.015047172
0.011641271
0.01353062
0.014709876
0.014255085
0.017815681
0.01815213
0.016739555
0.015050563
0.020193642
0.0151393125
0.015415741
0.016332945
0.014197597
0.020557141
0.016518075
0.015469847
0.019484397
0.0110351695
0.01451883
0.016182473
0.01686213
0.012519579
0.015825737
0.015573821
0.013303224
0.016965264
0.01823413
0.019492004
0.010478059
0.015606792
0.015775016
0.013857767
0.019426912
0.019212196
0.02396389
0.015297392
0.0151190255
0.021406716
0.017600965
0.01925869
0.018503794
0.013980345
0.017811457
0.014235635
0.018761626
0.020518256
0.016302511
0.015900128
0.012790938
0.01667363
0.01933308
0.020603636
0.013781685
0.019656003
0.012123111
0.017338062
0.01456025
0.018271323
0.016567951
0.016519766
0.015688788
0.013391986
0.017465709
0.018350787
0.014014999
0.014667608
0.018754017
0.01922572
0.017835125
0.016802112
0.01694582
0.01951821
0.015422505
0.011586318
0.023025554
0.017978834
0.012423219
0.019540189
0.015973672
0.01488064
0.014687056
0.015720913
0.017457254
0.0162594
0.012700492
0.02066112
0.012861951
0.01538531
0.013301533
0.018033782
0.012566079
0.014274527
0.013706456
0.01648088
0.016320266
0.012347141
0.015839262
0.012953248
0.021451518
0.015079295
0.015841799
0.016658403
0.0096259415
0.020213086
0.009122556
0.014305802
0.015877303
0.01660092
0.017232817
0.015460546
0.010036796
0.014893318
0.017665211
0.023242809
0.014807093
0.018858839
0.020082057
0.021721184
0.02102631
0.016941592
0.020049088
0.018264562
0.0146701485
0.015703162
0.018098874
0.020533472
0.014704805
0.016050598
0.016948355
0.017122498
0.019067641
0.0151139535
0.016294902
0.019893544
0.01821553
0.013245742
0.016674463
0.013175571
0.017288186
0.015692169
0.021435456
0.01554001
0.016089484
0.015416588
0.013682783
0.016996542
0.016513001
0.018302603
0.014153637
0.017234083
0.012740222
0.008385843
0.01775989
0.014861195
0.01113828
0.017852033
0.018349096
0.0124037685
0.016286451
0.013246587
0.015908578
0.01723324
0.014424998
0.015579739
0.015096203
0.012700485
0.013764779
0.01342918
0.014453737
0.01632449
0.010188947
0.01965093
0.018200316
0.015180735
0.019745609
0.017569685
0.013209386
0.018723585
0.01263201
0.017237466
0.014037827
0.015090286
0.013368311
0.018574804
0.017698178
0.019462418
0.015977899
0.017914588
0.014957567
0.017167302
0.016824936
0.016549353
0.01792135
0.016937366
0.012954092
0.015760645
0.015792768
0.016281378
0.013040321
0.015359949
0.015960144
0.014879793
0.012320928
0.014885709
0.017542634
0.018655956
0.019268833
0.016944975
0.016551042
0.01604806
0.0127283875
0.02067549
0.011630272
0.015684562
0.023099944
0.018768389
0.018514784
0.018897725
0.015402218
0.013431716
0.020377083
0.01727466
0.019765051
0.015255971
0.017354123
0.01751812
0.019083703
0.016747164
0.017849496
0.017158847
0.012904219
0.014473183
0.01695681
0.01641917
0.016470734
0.0167497
0.0131189395
0.019266296
0.017391318
0.014897545
0.011232968
0.016693061
0.015632998
0.016633041
0.01594662
0.016257707
0.0151240975
0.01666432
0.012150169
0.01872612
0.017190125
0.022899598
0.019463263
0.014381887
0.019124279
0.023477815
0.01491868
0.01192531
0.014403016
0.015149459
0.014639716
0.018676246
0.015668502
0.012749526
0.021794729
0.018134378
0.013297299
0.014907687
0.006539761
0.008780609
0.0060138684
