[0.12115385]
[0.12115385]
[0.12115385]
[0.12115385]
[0.12115385]
[0.12115385]
[0.12115385]
[0.12115385]
[0.12115385]
[0.12115385]
[0.12115385]
[0.12115385]
[0.12115385]
[0.12115385]
[0.12115385]
[0.12115385]
[0.12115385]
[0.12115385]
[0.12115385]
[0.12115385]
[0.12115385]
[0.12115385]
[0.12115385]
[0.12115385]
[0.05881689]
[0.12115385]
[0.12115385]
[0.12115385]
[0.12115385]
[0.12115385]
[0.12115385]
[0.12115385]
[0.12115385]
[0.12115385]
[0.12115385]
[0.12115385]
[0.12115385]
[0.12115385]
[0.12115385]
[0.12115385]
[0.12115385]
[0.12115385]
[0.12115385]
[0.12115385]
[0.12115385]
[0.12115385]
[0.12115385]
[0.12115385]
[0.12115385]
[0.12115385]
[0.12115385]
[0.12115385]
[0.12115385]
[0.12115385]
[0.12115385]
[0.12115385]
[0.12115385]
[0.12115385]
[0.12115385]
[0.12115385]
[0.12115385]
[0.12115385]
[0.12115385]
[0.12115385]
[0.12115385]
[0.12115385]
[0.12115385]
[0.12115385]
[0.12115385]
[0.12115385]
[0.04983012]
[0.12115385]
[0.12115385]
[0.12115385]
[0.12115385]
[0.12115385]
[0.12115385]
[0.12115385]
[0.12115385]
[0.12115385]
[0.08666205]
[0.12115385]
[0.12115385]
[0.12115385]
[0.12115385]
[0.12115385]
[0.12115385]
[0.12115385]
[0.12115385]
[0.12115385]
[0.12115385]
[0.12115385]
[0.12115385]
[0.00226332]
[0.12115385]
[0.12115385]
[0.05653207]
[0.12115385]
[0.12115385]
[0.12115385]
[0.12115385]
[0.12115385]
[0.12115385]
[0.12115385]
[0.12115385]
[0.12115385]
[0.12115385]
[0.0365224]
[0.12115385]
[0.12115385]
[0.12115385]
[0.12115385]
[0.12115385]
[0.12115385]
[0.12115385]
[0.12115385]
[0.12115385]
[0.12115385]
[0.12115385]
[0.12115385]
[0.12115385]
[0.02656776]
[0.12115385]
[0.12115385]
[0.12115385]
[0.12115385]
[0.12115385]
[0.12115385]
[0.12115385]
[0.12115385]
[0.12115385]
[0.12115385]
[0.12115385]
[0.12115385]
[0.12115385]
[0.12115385]
[0.12115385]
[0.12115385]
[0.12115385]
[0.12115385]
[0.12115385]
[0.12115385]
[0.12115385]
[0.12115385]
[0.12115385]
[0.12115385]
[0.12115385]
[0.12115385]
[0.12115385]
[0.12115385]
[0.12115385]
[0.12115385]
[0.12115385]
[0.12115385]
[0.12115385]
[0.12115385]
[0.12115385]
[0.12115385]
[0.12115385]
[0.12115385]
[0.12115385]
[0.12115385]
[0.12115385]
[0.12115385]
[0.12115385]
[0.12115385]
[0.12115385]
[0.12115385]
[0.12115385]
[0.12115385]
[0.12115385]
[0.12115385]
[0.12115385]
[0.12115385]
[0.12115385]
[0.12115385]
[0.12115385]
[0.12115385]
[0.12115385]
[0.12115385]
[0.12115385]
[0.12115385]
[0.12115385]
[0.12115385]
[0.12115385]
[0.12115385]
[0.12115385]
[0.12115385]
[0.12115385]
[0.12115385]
[0.12115385]
[0.12115385]
[0.12115385]
[0.12115385]
[0.12115385]
[0.12115385]
[0.12115385]
[0.12115385]
[0.12115385]
[0.12115385]
[-0.1758372]
[0.12115385]
[0.12115385]
[0.12115385]
[0.12115385]
[0.12115385]
[0.12115385]
[0.12115385]
[0.12115385]
[0.12115385]
[0.12115385]
[0.12115385]
[0.12115385]
[0.12115385]
[0.12115385]
[0.12115385]
[0.12115385]
[0.12115385]
[0.12115385]
[0.12115385]
[0.12115385]
[0.12115385]
[0.12115385]
[0.08518712]
[0.12115385]
[0.12115385]
[0.12115385]
[0.12115385]
[0.12115385]
[0.12115385]
[0.12115385]
[0.12115385]
[0.12115385]
[0.12115385]
[0.12115385]
[0.12115385]
[0.12115385]
[0.12115385]
[0.12115385]
[0.12115385]
[0.12115385]
[0.12115385]
[0.12115385]
[0.12115385]
[0.12115385]
[0.12115385]
[0.12115385]
[0.12115385]
[0.12115385]
[0.12115385]
[0.12115385]
[0.12115385]
[0.12115385]
[0.12115385]
[0.12115385]
[0.12115385]
[0.12115385]
[0.12115385]
[0.12115385]
[0.12115385]
[0.12115385]
[0.12115385]
[0.12115385]
[0.12115385]
[0.12115385]
[0.12115385]
[0.12115385]
[0.12115385]
[0.12115385]
[0.12115385]
[0.12115385]
[0.12115385]
[0.12115385]
[0.12115385]
[0.12115385]
[0.12115385]
[0.12115385]
[0.12115385]
[0.12115385]
[0.12115385]
[0.12115385]
[0.12115385]
[0.12115385]
[0.12115385]
[0.12115385]
[0.12115385]
[0.12115385]
[0.12115385]
[0.12115385]
[0.12115385]
[0.12115385]
[0.12115385]
[0.12115385]
[0.12115385]
[0.12115385]
[0.03848121]
[0.12115385]
[0.12115385]
[0.12115385]
[0.12115385]
[0.12115385]
[0.12115385]
[0.12115385]
[0.12115385]
[0.12115385]
[0.12115385]
[0.12115385]
[0.0568278]
[0.12115385]
[0.12115385]
[0.12115385]
[0.12115385]
[0.12115385]
[0.12115385]
[0.12115385]
[0.12115385]
[0.12115385]
[0.12115385]
[0.12115385]
[0.12115385]
[0.12115385]
[0.12115385]
[0.12115385]
[0.12115385]
[0.12115385]
[0.12115385]
[0.12115385]
[0.12115385]
[0.12115385]
[0.12115385]
[0.12115385]
[0.12115385]
[0.05642714]
[0.12115385]
[0.12115385]
[0.12115385]
[0.12115385]
[0.12115385]
[0.12115385]
[0.12115385]
[0.12115385]
[0.12115385]
[0.12115385]
[0.12115385]
[0.12115385]
[0.12115385]
[0.12115385]
[0.12115385]
[0.12115385]
[0.12115385]
[0.12115385]
[0.12115385]
[0.12115385]
[0.12115385]
[0.12115385]
[0.12115385]
[0.12115385]
[0.12115385]
[0.12115385]
[0.12115385]
[0.12115385]
[0.12115385]
[0.12115385]
[0.12115385]
[0.12115385]
[0.12115385]
[0.12115385]
[0.03603603]
[0.12115385]
[0.12115385]
[0.12115385]
[0.12115385]
[0.12115385]
[0.12115385]
[0.12115385]
[0.12115385]
[0.00694812]
[0.12115385]
[0.12115385]
[0.12115385]
[0.12115385]
[0.12115385]
[0.12115385]
[0.12115385]
[0.12115385]
[0.12115385]
[0.12115385]
[0.12115385]
[0.12115385]
[0.12115385]
[0.12115385]
[0.12115385]
[0.12115385]
[0.12115385]
[0.12115385]
[0.12115385]
[0.12115385]
[0.12115385]
[0.12115385]
[0.12115385]
[0.12115385]
[0.12115385]
[0.12115385]
[0.12115385]
[0.12115385]
[0.12115385]
[0.12115385]
[0.12115385]
[0.12115385]
[0.12115385]
[0.12115385]
[0.12115385]
[0.12115385]
[0.12115385]
[0.12115385]
[0.12115385]
[0.12115385]
[0.12115385]
[0.12115385]
[0.12115385]
[0.12115385]
[0.12115385]
[0.12115385]
[0.12115385]
[0.12115385]
[0.12115385]
[0.12115385]
[0.12115385]
[0.12115385]
[0.12115385]
[0.12115385]
[0.12115385]
[0.12115385]
[0.12115385]
[0.12115385]
[0.12115385]
[0.12115385]
[0.12115385]
[0.12115385]
[0.12115385]
[0.12115385]
[0.12115385]
[0.12115385]
[0.12115385]
[0.12115385]
[0.12115385]
[0.12115385]
[0.12115385]
[0.12115385]
[0.12115385]
[0.12115385]
[0.12115385]
[0.12115385]
[0.12115385]
[0.12115385]
[0.12115385]
[0.12115385]
[0.04956819]
[0.12115385]
[0.12115385]
[0.12115385]
[0.12115385]
[0.12115385]
[0.12115385]
[0.12115385]
[0.12115385]
[0.12115385]
[0.12115385]
[0.12115385]
[0.12115385]
[0.12115385]
[0.12115385]
[0.12115385]
[0.12115385]
[0.12115385]
[0.12115385]
[0.12115385]
[0.12115385]
[0.12115385]
[0.12115385]
[0.12115385]
[0.12115385]
[0.12115385]
[0.12115385]
[0.12115385]
[0.12115385]
[0.12115385]
[0.12115385]
[0.12115385]
[0.12115385]
[0.12115385]
[0.12115385]
[0.12115385]
[0.12115385]
[0.12115385]
[0.12115385]
[0.12115385]
[0.12115385]
[0.12115385]
[0.12115385]
[0.12115385]
[0.12115385]
[0.12115385]
[0.12115385]
[0.12115385]
[0.12115385]
[0.12115385]
[0.12115385]
[0.12115385]
[0.12115385]
[0.12115385]
[0.12115385]
[0.12115385]
[0.12115385]
[0.12115385]
[0.12115385]
[0.12115385]
[0.12115385]
[0.12115385]
[0.12115385]
[0.12115385]
[0.12115385]
[0.12115385]
[0.12115385]
[0.12115385]
[0.12115385]
[0.12115385]
[0.12115385]
[0.12115385]
[0.12115385]
[0.12115385]
[0.12115385]
[0.12115385]
[0.12115385]
[0.12115385]
[0.12115385]
[0.12115385]
[0.03531294]
[0.12115385]
[0.12115385]
[0.12115385]
[0.12115385]
[0.12115385]
[0.12115385]
[0.12115385]
[0.12115385]
[0.12115385]
[0.12115385]
[0.12115385]
[0.12115385]
[0.12115385]
[0.12115385]
[0.12115385]
[0.12115385]
[0.12115385]
[0.12115385]
[0.12115385]
[0.12115385]
[0.12115385]
[0.12115385]
[0.12115385]
[0.12115385]
[0.12115385]
[0.02738877]
[0.12115385]
[0.12115385]
[0.12115385]
[0.12115385]
[0.05329061]
[0.12115385]
[0.12115385]
[0.06592185]
[0.12115385]
[0.12115385]
[0.12115385]
[0.12115385]
[0.12115385]
[0.12115385]
[0.12115385]
[0.05197474]
[0.12115385]
[0.12115385]
[0.12115385]
[0.12115385]
[0.12115385]
[0.12115385]
[0.12115385]
[0.12115385]
[0.12115385]
[0.12115385]
[0.12115385]
[0.12115385]
[0.12115385]
[0.12115385]
[0.12115385]
[0.12115385]
[0.12115385]
[0.12115385]
[0.12115385]
[0.12115385]
[0.12115385]
[0.12115385]
[0.12115385]
[0.12115385]
[0.12115385]
[0.12115385]
[0.12115385]
[0.12115385]
[0.12115385]
[0.12115385]
[0.12115385]
[0.12115385]
[0.12115385]
[0.12115385]
[0.12115385]
[0.12115385]
[0.12115385]
[0.12115385]
[0.12115385]
[0.12115385]
[0.12115385]
[0.12115385]
[0.12115385]
[0.12115385]
[0.12115385]
[0.12115385]
[0.12115385]
[0.12115385]
[0.12115385]
[0.12115385]
[0.12115385]
[0.12115385]
[0.12115385]
[0.12115385]
[0.12115385]
[0.12115385]
[0.12115385]
[0.12115385]
[0.02327594]
[0.12115385]
[0.12115385]
[0.12115385]
[0.12115385]
[0.12115385]
[0.12115385]
[0.12115385]
[0.12115385]
[0.12115385]
[0.12115385]
[0.12115385]
[0.12115385]
[0.12115385]
[0.06529324]
[0.12115385]
[0.12115385]
[0.12115385]
[0.12115385]
[0.12115385]
[0.12115385]
[0.12115385]
[0.12115385]
[0.12115385]
[0.12115385]
[0.12115385]
[0.12115385]
[0.12115385]
[0.12115385]
[0.12115385]
[0.12115385]
[0.12115385]
[0.12115385]
[0.12115385]
[0.12115385]
[0.12115385]
[0.12115385]
[0.12115385]
[0.12115385]
[0.12115385]
[0.12115385]
[0.12115385]
[0.12115385]
[0.12115385]
[0.12115385]
[0.12115385]
[0.12115385]
[0.12115385]
[0.12115385]
[0.12115385]
[0.12115385]
[0.12115385]
[0.12115385]
[0.12115385]
[0.12115385]
[0.12115385]
[0.12115385]
[0.12115385]
[0.12115385]
[0.12115385]
[0.12115385]
[0.12115385]
[0.12115385]
[0.12115385]
[0.12115385]
[0.12115385]
[0.12115385]
[0.12115385]
[0.12115385]
[0.12115385]
[0.12115385]
[0.12115385]
[0.12115385]
[0.12115385]
[0.12115385]
[0.12115385]
[0.12115385]
[0.12115385]
[0.12115385]
[0.12115385]
[0.12115385]
[0.12115385]
[0.12115385]
[0.12115385]
[0.12115385]
[0.12115385]
[0.12115385]
[0.12115385]
[0.12115385]
[0.12115385]
[0.12115385]
[0.12115385]
[0.12115385]
[0.12115385]
[0.12115385]
[0.12115385]
[0.12115385]
[0.12115385]
[0.12115385]
[0.12115385]
[0.12115385]
[0.12115385]
[0.12115385]
[0.12115385]
[0.12115385]
[0.12115385]
[0.12115385]
[0.12115385]
[0.12115385]
[0.12115385]
[0.12115385]
[0.12115385]
[0.12115385]
[0.12115385]
[0.12115385]
[0.12115385]
[0.12115385]
[0.12115385]
[0.12115385]
[0.12115385]
[0.12115385]
[0.12115385]
[0.12115385]
[0.12115385]
[0.12115385]
[0.12115385]
[0.12115385]
[0.12115385]
[0.12115385]
[0.12115385]
[0.12115385]
[0.12115385]
[0.12115385]
[0.12115385]
[0.12115385]
[0.12115385]
[0.12115385]
[0.12115385]
[0.12115385]
[0.12115385]
[0.12115385]
[0.12115385]
[0.12115385]
[0.12115385]
[0.12115385]
[0.12115385]
[0.12115385]
[0.12115385]
[0.12115385]
[0.12115385]
[0.12115385]
[0.12115385]
[0.12115385]
[0.12115385]
[0.12115385]
[0.12115385]
[0.12115385]
[0.12115385]
[0.12115385]
[0.12115385]
[0.12115385]
[0.12115385]
[0.12115385]
[0.12115385]
[0.12115385]
[0.12115385]
[0.12115385]
[0.12115385]
[0.12115385]
[0.12115385]
[0.12115385]
[0.12115385]
[0.12115385]
[0.03443055]
[0.12115385]
[0.12115385]
[0.12115385]
[0.12115385]
[0.12115385]
[0.12115385]
[0.12115385]
[0.12115385]
[0.12115385]
[0.12115385]
[0.12115385]
[0.12115385]
[0.12115385]
[0.12115385]
[0.12115385]
[0.12115385]
[0.12115385]
[0.12115385]
[0.12115385]
[0.12115385]
[0.12115385]
[0.12115385]
[0.12115385]
[0.12115385]
[0.12115385]
[0.12115385]
[0.12115385]
[0.12115385]
[0.12115385]
[0.12115385]
[0.12115385]
[0.12115385]
[0.12115385]
[0.12115385]
[0.12115385]
[0.12115385]
[0.12115385]
[0.12115385]
[0.12115385]
[0.12115385]
[0.12115385]
[0.12115385]
[0.12115385]
[0.12115385]
[-0.0285176]
[0.12115385]
[0.12115385]
[0.12115385]
[0.12115385]
[0.12115385]
[0.12115385]
[0.12115385]
[0.12115385]
[0.12115385]
[0.12115385]
[0.12115385]
[0.12115385]
[0.12115385]
[0.12115385]
[0.12115385]
[0.12115385]
[0.12115385]
[0.12115385]
[0.12115385]
[0.12115385]
[0.12115385]
[0.12115385]
[0.12115385]
[0.12115385]
[0.12115385]
[0.12115385]
[0.12115385]
[0.12115385]
[0.12115385]
[0.12115385]
[0.12115385]
[0.12115385]
[0.12115385]
[0.03398202]
[0.12115385]
[0.12115385]
[0.12115385]
[0.12115385]
[0.12115385]
[0.12115385]
[0.12115385]
[0.12115385]
[0.12115385]
[0.12115385]
[0.12115385]
[0.12115385]
[0.12115385]
[0.04774511]
[0.12115385]
[0.12115385]
[0.12115385]
[0.12115385]
[0.12115385]
[0.12115385]
[0.12115385]
[0.12115385]
[0.12115385]
[0.12115385]
[0.12115385]
[0.12115385]
[0.12115385]
[0.12115385]
[0.12115385]
[0.12115385]
[0.12115385]
[0.12115385]
[0.12115385]
[0.12115385]
[0.12115385]
[0.12115385]
[0.12115385]
[0.12115385]
[0.12115385]
[0.12115385]
[0.12115385]
[0.12115385]
[0.12115385]
[0.12115385]
[0.12115385]
[0.12115385]
[0.12115385]
[0.12115385]
[0.12115385]
[0.12115385]
[0.12115385]
[0.12115385]
[0.12115385]
[0.12115385]
[0.12115385]
[0.12115385]
[0.12115385]
[0.12115385]
[0.12115385]
[0.12115385]
[0.12115385]
[0.12115385]
[0.12115385]
[0.12115385]
[0.12115385]
[0.12115385]
[0.12115385]
[0.12115385]
[0.12115385]
[0.12115385]
[0.12115385]
[0.12115385]
[0.12115385]
[0.12115385]
[0.12115385]
[0.12115385]
[0.12115385]
[0.12115385]
[0.12115385]
[0.12115385]
[0.12115385]
[0.12115385]
[0.12115385]
[0.12115385]
[0.12115385]
[0.12115385]
[0.12115385]
[0.12115385]
[0.12115385]
[0.12115385]
[0.12115385]
[0.12115385]
[0.12115385]
[0.12115385]
[0.12115385]
[0.12115385]
[0.12115385]
[0.12115385]
[0.12115385]
[0.12115385]
[0.12115385]
[0.12115385]
[0.12115385]
[0.02945867]
[0.12115385]
[0.12115385]
[0.12115385]
[0.12115385]
[0.12115385]
[0.1106385]
[0.1106385]
[0.1106385]
[0.1106385]
[0.1106385]
[0.1106385]
[0.1106385]
[0.1106385]
