[12.027629]
[12.046901]
[10.704142]
[12.007202]
[12.039938]
[12.042905]
[12.034265]
[12.036452]
[12.03]
[12.030364]
[12.018542]
[12.024292]
[12.040307]
[12.049129]
[12.04261]
[12.0310545]
[12.041461]
[12.037652]
[12.050472]
[12.039112]
[12.020488]
[12.038176]
[12.040575]
[12.036223]
[12.007829]
[10.719911]
[12.030572]
[12.042856]
[12.032786]
[12.045713]
[12.034144]
[12.012155]
[10.72598]
[12.032878]
[12.038564]
[12.034083]
[12.03472]
[12.010695]
[12.035918]
[12.0365]
[12.019205]
[12.032168]
[12.022472]
[12.028146]
[12.007883]
[12.042255]
[12.033944]
[12.024795]
[12.031523]
[12.037083]
[12.041059]
[12.039432]
[12.019975]
[12.041017]
[12.042712]
[12.017156]
[12.035996]
[12.032404]
[12.035491]
[12.041308]
[12.039531]
[12.041699]
[12.021898]
[11.957584]
[12.034601]
[12.025507]
[12.032449]
[12.0381975]
[12.034265]
[11.99089]
[12.030827]
[12.043708]
[12.042808]
[12.018701]
[10.720345]
[12.004321]
[12.036856]
[12.039563]
[12.020171]
[12.041831]
[12.028804]
[12.028306]
[12.016975]
[12.0308895]
[12.033584]
[12.031289]
[12.029053]
[12.022814]
[12.043859]
[12.030499]
[12.023829]
[12.0236635]
[12.045693]
[12.021188]
[12.022655]
[12.035549]
[12.018057]
[12.035574]
[12.03299]
[12.04434]
[12.021882]
[12.031761]
[10.71822]
[12.02314]
[12.023624]
[12.041788]
[10.72508]
[12.023675]
[12.024083]
[12.039872]
[12.021261]
[12.008786]
[12.01342]
[12.01191]
[12.036778]
[12.032287]
[12.033867]
[12.029393]
[12.032765]
[10.725576]
[12.036967]
[12.048467]
[12.03889]
[12.034702]
[12.037986]
[12.036217]
[12.02876]
[11.940099]
[12.033011]
[12.04248]
[12.03955]
[12.026729]
[12.030256]
[12.045584]
[12.031755]
[12.039117]
[12.033019]
[12.041383]
[12.044211]
[12.039748]
[12.037]
[12.03582]
[10.723977]
[12.035597]
[12.029437]
[12.027066]
[12.030695]
[12.027164]
[12.038547]
[12.034247]
[12.012481]
[12.038584]
[11.943371]
[12.042336]
[12.042927]
[12.033349]
[12.034182]
[12.032824]
[12.007448]
[12.032529]
[12.025137]
[12.0416155]
[12.035905]
[12.025651]
[12.038826]
[10.736601]
[12.024486]
[12.034625]
[12.0267935]
[12.030429]
[12.035422]
[12.037738]
[12.034387]
[12.048831]
[12.045114]
[12.036355]
[12.031815]
[12.025565]
[10.697272]
[12.014417]
[12.032]
[12.016644]
[11.966331]
[12.035744]
[12.01928]
[12.033742]
[12.0428915]
[12.029593]
[12.007952]
[12.040845]
[12.04382]
[10.710581]
[11.995059]
[10.761354]
[12.043814]
[12.022786]
[12.018862]
[12.034025]
[12.041954]
[12.031598]
[12.020034]
[12.03328]
[11.997299]
[12.02385]
[12.044427]
[12.05121]
[12.036058]
[12.036503]
[12.030911]
[12.00146]
[12.04503]
[12.042393]
[12.040476]
[12.028483]
[12.032056]
[12.000551]
[12.045266]
[12.0174885]
[12.006628]
[12.025141]
[12.046629]
[12.033081]
[12.0132065]
[12.032336]
[12.0401945]
[12.018017]
[12.0229225]
[12.025163]
[12.0350275]
[12.032847]
[12.017667]
[12.029188]
[12.0231695]
[12.030819]
[12.031891]
[12.024739]
[12.037906]
[12.033581]
[12.03724]
[12.043397]
[12.043916]
[12.033348]
[12.026421]
[12.034781]
[12.041684]
[12.020992]
[12.04199]
[12.023277]
[12.039449]
[10.689988]
[12.039115]
[12.021693]
[12.028075]
[12.054814]
[12.041571]
[12.030421]
[12.047805]
[12.023878]
[12.027324]
[12.019672]
[12.013436]
[12.022191]
[12.050529]
[12.036847]
[12.035548]
[10.733079]
[12.014968]
[12.048064]
[12.046353]
[12.029888]
[12.028201]
[12.036774]
[12.030731]
[10.714979]
[12.040226]
[12.047135]
[12.038006]
[12.022634]
[12.021022]
[12.0492325]
[12.022385]
[12.029979]
[12.0138445]
[12.030065]
[12.035771]
[12.039209]
[12.034012]
[12.041291]
[12.042508]
[11.995989]
[12.03141]
[12.026551]
[12.028804]
[12.029398]
[12.033666]
[12.045853]
[12.0355015]
[10.716103]
[12.039887]
[12.034015]
[12.0315075]
[12.013108]
[12.028922]
[12.031886]
[12.040563]
[12.034667]
[12.040872]
[12.03014]
[12.0206375]
[12.026835]
[12.035656]
[12.029695]
[12.031781]
[12.037216]
[12.038592]
[12.028607]
[12.031178]
[12.035014]
[12.036771]
[12.041944]
[10.754601]
[12.03077]
[12.025997]
[12.028322]
[12.034661]
[10.735867]
[12.042513]
[12.042371]
[12.03876]
[12.034535]
[12.049882]
[12.03816]
[12.036567]
[12.0384]
[12.038875]
[12.034164]
[12.0449095]
[12.019357]
[12.024795]
[11.992304]
[12.004065]
[12.039142]
[12.035655]
[12.01792]
[12.015819]
[12.024575]
[10.700053]
[12.039596]
[12.034943]
[12.047351]
[12.049058]
[12.032363]
[12.017631]
[12.019397]
[12.03344]
[12.041244]
[10.726144]
[12.039654]
[12.03586]
[12.017139]
[12.022819]
[12.024427]
[12.024046]
[12.023694]
[12.032725]
[12.0416]
[12.016969]
[12.042317]
[12.048003]
[12.028986]
[12.007653]
[12.035467]
[10.723679]
[12.037557]
[12.029935]
[12.01245]
[10.742681]
[12.032906]
[12.046903]
[12.037005]
[12.051596]
[12.021712]
[12.038098]
[12.029588]
[12.039032]
[12.034171]
[12.024675]
[12.025814]
[12.030549]
[12.038138]
[12.027057]
[11.974893]
[12.01332]
[10.723086]
[12.04489]
[12.027178]
[12.043508]
[12.036678]
[12.033936]
[12.046163]
[12.023456]
[12.021446]
[12.027989]
[12.031947]
[12.025235]
[12.01169]
[12.031859]
[12.035213]
[10.724863]
[10.721589]
[12.0333185]
[11.986931]
[12.020016]
[12.025845]
[12.027379]
[12.034127]
[12.054003]
[12.031529]
[12.032436]
[12.032184]
[12.038717]
[12.037237]
[12.044019]
[12.037261]
[12.028841]
[12.036956]
[12.040872]
[12.027497]
[12.018029]
[12.030885]
[12.039564]
[11.990159]
[12.004654]
[12.044235]
[12.029071]
[12.034383]
[12.040919]
[12.028678]
[12.038573]
[12.030648]
[12.0337715]
[12.035562]
[12.004506]
[12.008747]
[12.031224]
[12.022283]
[11.997878]
[12.03917]
[12.038674]
[12.040967]
[10.718798]
[12.04404]
[12.046274]
[10.726097]
[10.710234]
[12.02414]
[12.021173]
[12.038592]
[12.038485]
[12.0008745]
[12.020535]
[12.036995]
[12.0376835]
[12.037222]
[12.043818]
[12.02793]
[12.035041]
[12.027505]
[12.033658]
[12.026088]
[12.034479]
[12.040084]
[12.031673]
[12.033933]
[12.024866]
[12.046131]
[12.014876]
[12.045502]
[12.038144]
[12.03416]
[12.020395]
[12.024699]
[12.035506]
[12.035592]
[12.027805]
[12.03443]
[12.046346]
[12.032623]
[11.961924]
[12.035329]
[12.031084]
[12.008491]
[12.036431]
[10.732295]
[12.037472]
[12.008864]
[12.038543]
[12.006967]
[12.036242]
[12.037233]
[12.035867]
[12.038115]
[12.022393]
[12.0195875]
[12.02665]
[12.040582]
[12.022587]
[12.0365]
[12.035319]
[12.0195055]
[12.022686]
[12.031082]
[12.036117]
[12.034835]
[12.040641]
[12.036684]
[12.034555]
[12.022281]
[12.02671]
[12.013515]
[12.036159]
[12.038269]
[12.046453]
[12.018014]
[12.034941]
[12.035489]
[12.015955]
[12.02933]
[12.01628]
[12.025526]
[12.033601]
[12.041051]
[12.029284]
[12.030491]
[12.043359]
[12.034673]
[12.009063]
[12.028531]
[12.037653]
[12.035791]
[12.018272]
[12.037434]
[11.998082]
[12.028836]
[12.036093]
[11.950551]
[12.031122]
[12.01126]
[12.038356]
[12.041632]
[12.031611]
[12.037675]
[12.030274]
[12.025432]
[12.029848]
[12.037225]
[12.033898]
[12.040123]
[12.016326]
[12.054088]
[10.724574]
[12.03515]
[12.03102]
[12.04494]
[12.02187]
[12.044919]
[12.034468]
[10.742945]
[12.004354]
[12.038268]
[12.018743]
[12.028612]
[12.036143]
[12.018999]
[12.025512]
[12.026147]
[12.029784]
[12.020251]
[12.016244]
[12.04146]
[12.033882]
[12.054692]
[12.049005]
[10.731346]
[12.019594]
[12.027699]
[12.03843]
[12.012759]
[12.015506]
[12.013982]
[12.041879]
[12.038571]
[12.047174]
[12.029834]
[12.012021]
[12.011444]
[12.042299]
[12.040393]
[12.0079775]
[12.032488]
[12.03969]
[12.0376]
[12.027043]
[12.045921]
[12.039923]
[12.020279]
[12.041137]
[12.053586]
[10.706983]
[12.03345]
[12.041521]
[12.04464]
[12.021199]
[12.04288]
[12.031578]
[10.715251]
[12.003361]
[10.71809]
[12.031322]
[12.025758]
[12.032341]
[12.032817]
[12.006164]
[12.03834]
[12.04943]
[12.04467]
[12.033475]
[12.036994]
[12.032001]
[12.025784]
[12.020989]
[12.041982]
[12.034075]
[12.034701]
[12.043881]
[12.030929]
[12.019049]
[12.043527]
[12.027933]
[12.008817]
[12.024407]
[12.052641]
[12.035995]
[12.036412]
[12.033142]
[12.037385]
[12.024341]
[12.030948]
[12.024214]
[12.042921]
[12.041546]
[12.035731]
[12.042112]
[12.04428]
[12.039891]
[12.035964]
[11.997165]
[12.026489]
[12.039228]
[12.030044]
[12.029565]
[12.028489]
[10.696845]
[12.044556]
[12.035529]
[12.03352]
[12.030028]
[12.037721]
[12.010975]
[11.999835]
[12.054954]
[12.010217]
[12.027217]
[12.031897]
[12.029584]
[12.037692]
[11.950934]
[11.9517565]
[11.936017]
[12.003682]
[12.028979]
[12.036918]
[12.03341]
[12.038046]
[12.025952]
[10.69786]
[12.01105]
[12.034734]
[12.036059]
[12.023857]
[12.038334]
[12.040137]
[12.0333395]
[12.035176]
[12.027694]
[12.001392]
[12.027295]
[12.041762]
[12.029509]
[12.036684]
[10.745627]
[12.022368]
[12.038995]
[12.026454]
[12.0351305]
[12.02738]
[12.041621]
[12.006499]
[12.028726]
[12.046123]
[12.027818]
[12.024432]
[10.734192]
[12.026419]
[12.034749]
[12.00645]
[12.029272]
[12.034915]
[12.041341]
[12.02]
[12.037873]
[12.029712]
[12.02778]
[12.035089]
[12.031087]
[12.033298]
[12.036342]
[12.039874]
[12.013915]
[12.034119]
[12.021632]
[12.017047]
[12.024688]
[12.042545]
[12.039793]
[10.717092]
[12.008858]
[12.029074]
[12.02917]
[12.034737]
[10.726071]
[12.030988]
[12.026864]
[12.033162]
[12.0280285]
[12.032163]
[11.993307]
[12.035511]
[11.994065]
[12.029988]
[12.048402]
[12.04885]
[12.02937]
[12.033336]
[12.034457]
[12.041352]
[12.036452]
[12.034692]
[12.032092]
[12.018226]
[12.033866]
[12.028794]
[12.02957]
[10.72332]
[12.033614]
[12.029081]
[12.026121]
[12.032352]
[12.025575]
[12.049227]
[12.037089]
[12.03007]
[12.035265]
[12.023416]
[12.033851]
[12.027923]
[12.020987]
[12.00727]
[12.028167]
[10.724843]
[10.738313]
[12.026727]
[12.030332]
[12.0457735]
[12.035232]
[12.041627]
[12.03422]
[12.006017]
[12.0322895]
[12.028856]
[12.0208]
[12.030098]
[12.038293]
[10.7335825]
[12.058606]
[12.0296335]
[12.0351305]
[12.031279]
[12.02967]
[12.034629]
[12.028229]
[12.004306]
[12.030763]
[12.031032]
[12.041489]
[12.0101385]
[12.040088]
[12.029822]
[12.0384445]
[12.039056]
[12.015543]
[12.03001]
[12.012725]
[12.034467]
[12.0486555]
[12.020525]
[12.018407]
[12.043396]
[12.042428]
[12.0073185]
[10.748387]
[12.038311]
[12.037964]
[12.025668]
[12.043672]
[12.032414]
[12.036112]
[12.04009]
[12.023831]
[10.72592]
[12.043403]
[12.037491]
[12.022288]
[12.015819]
[12.037562]
[12.02412]
[12.040333]
[12.036336]
[12.024295]
[12.02745]
[12.022641]
[12.042946]
[12.029468]
[10.744246]
[12.034436]
[12.033988]
[12.030524]
[12.023829]
[12.040904]
[12.038125]
[12.017394]
[12.030998]
[12.002872]
[12.01724]
[12.041348]
[12.024184]
[12.032135]
[12.036812]
[12.021827]
[12.031376]
[12.027942]
[12.035106]
[12.021651]
[12.027911]
[12.034277]
[12.021539]
[12.039155]
[12.043575]
[12.049106]
[12.020024]
[12.030685]
[12.027389]
[12.02371]
[12.018487]
[12.038714]
[12.015483]
[12.029237]
[10.728223]
[12.026639]
[12.030216]
[12.007623]
[12.034995]
[12.027194]
[12.034789]
[12.03908]
[12.036212]
[12.02443]
[12.042848]
[12.038247]
[12.025464]
[10.731782]
[12.028626]
[10.738734]
[12.035083]
[12.035709]
[12.050147]
[12.018212]
[12.012019]
[12.0265255]
[12.041206]
[12.021655]
[12.046566]
[12.040128]
[12.027846]
[12.041038]
[10.744905]
[12.026122]
[11.974954]
[12.020766]
[12.03605]
[12.01505]
[12.047447]
[12.029323]
[12.04037]
[12.031238]
[12.047868]
[12.018859]
[12.040548]
[11.988452]
[12.022774]
[12.039845]
[12.035405]
[12.018258]
[12.033514]
[12.028404]
[12.022021]
[12.017243]
[12.023913]
[12.03131]
[12.034119]
[12.032227]
[12.0409355]
[12.047823]
[12.033623]
[12.037751]
[12.04794]
[12.034299]
[10.704925]
[12.024906]
[12.041499]
[12.038138]
[12.039229]
[12.015732]
[12.035338]
[12.051039]
[12.034376]
[12.024029]
[12.021835]
[11.954938]
[12.044679]
[12.035121]
[12.035033]
[12.044573]
[12.041646]
[12.038803]
[12.032527]
[12.037482]
[12.045184]
[12.0139]
[12.028501]
[12.037641]
[12.039323]
[12.030712]
[12.017156]
[12.03847]
[11.9709835]
[12.040145]
[12.027291]
[12.036073]
[12.043746]
[12.022962]
[12.034237]
[12.032341]
[12.035601]
[12.034369]
[12.038308]
[12.038591]
[12.028878]
[12.042277]
[12.032266]
[12.030298]
[12.0015]
[12.028081]
[12.041881]
[10.735488]
[12.040305]
[12.028253]
[12.041066]
[11.963738]
[10.732738]
[12.041549]
[12.024718]
[12.029448]
[12.023672]
[12.027256]
[12.016519]
[12.029001]
[12.037141]
[12.037151]
[12.043317]
[12.01998]
[12.039231]
[12.0374]
[12.034841]
[12.035304]
[11.974555]
[12.042087]
[12.048364]
[10.733304]
[12.021994]
[12.03718]
[12.02899]
[12.035433]
[12.040012]
[12.041251]
[12.046714]
[12.034873]
[12.0256405]
[12.026128]
[12.034728]
[12.017695]
[12.036408]
[12.026677]
[11.993848]
[12.015628]
[12.028527]
[12.028725]
[12.034769]
[12.023455]
[12.028483]
[12.036425]
[12.036125]
[12.041442]
[12.046]
[12.022969]
[11.995496]
[12.034003]
[12.051564]
[10.720567]
[12.017894]
[12.010959]
[12.03261]
[12.0267935]
[12.036635]
[12.036347]
[12.035153]
[12.041742]
[12.019758]
[12.027499]
[12.051691]
[12.046668]
[12.034972]
[12.041654]
[12.034448]
[12.012324]
[12.0269]
[12.040576]
[12.024307]
[12.042037]
[12.021613]
[12.022273]
[12.052583]
[12.022381]
[12.0313425]
[12.028702]
[12.034727]
[12.022937]
[12.036433]
[12.038369]
[10.723436]
[12.045543]
[12.02765]
[12.020309]
[12.014428]
[12.007572]
[12.028392]
[12.026227]
[12.012286]
[12.030546]
[12.039079]
[12.027657]
[12.031562]
[12.047954]
[12.017269]
[12.032603]
[12.035577]
[10.704661]
[12.031631]
[12.023895]
[12.035169]
[12.020898]
[11.963407]
[12.025521]
[12.031095]
[12.03336]
[12.024932]
[12.032826]
[12.037042]
[12.03856]
[11.998024]
[12.042223]
[12.031103]
[12.03606]
[12.02198]
[12.016558]
[12.029494]
[12.029659]
[12.024211]
[12.028247]
[12.024823]
[12.017854]
[12.031058]
[12.012261]
[12.035985]
[12.025355]
[12.039751]
[12.02934]
[12.047778]
[12.027227]
[12.03847]
[12.036614]
[12.026873]
[12.036128]
[10.718308]
[12.036632]
[12.021773]
[12.0484915]
[12.034449]
[12.020349]
[12.027695]
[12.027363]
[12.0339365]
[12.021621]
[12.032903]
[12.024552]
[12.027683]
[12.04284]
[12.028954]
[12.025313]
[12.025431]
[12.041654]
[12.043563]
[12.02514]
[12.017728]
[12.045656]
[12.009106]
[12.04411]
[12.022874]
[12.044001]
[12.039812]
[12.0323515]
[12.021274]
[12.042797]
[12.027708]
[10.736503]
[12.037695]
[12.033382]
[12.022973]
[12.04196]
[12.011027]
[12.034629]
[12.034697]
[12.043526]
[12.040718]
[12.025654]
[12.020577]
[12.041022]
[12.040267]
[12.032481]
[12.025029]
[12.042111]
[12.038777]
[12.030538]
[12.041104]
[12.037898]
[12.042137]
[12.038763]
[12.020551]
[12.03475]
[12.021887]
[12.03054]
[12.022813]
[12.019615]
[12.04675]
[12.041008]
[12.031995]
[12.032493]
[12.035043]
[10.704864]
[12.038662]
[12.020431]
[12.029722]
[12.020463]
[12.02929]
[12.036585]
[12.0261965]
[12.04448]
[11.9915]
[12.014249]
[12.046017]
[10.73235]
[12.039554]
[12.03805]
[12.02664]
[12.0193815]
[12.021968]
[12.040557]
[12.031302]
[12.020918]
[12.022694]
[12.030549]
[12.031503]
[12.037195]
[12.03369]
[12.032921]
[12.039226]
[12.042483]
[12.041022]
[12.001735]
[12.035363]
[12.035469]
[12.033283]
[12.032557]
[12.031999]
[12.024053]
[10.745313]
[12.035264]
[12.041968]
[12.034111]
[12.030454]
[12.02834]
[12.04107]
[12.023099]
[12.026764]
[12.034713]
[12.035596]
[12.035321]
[12.032908]
[12.024728]
[12.016984]
[12.025131]
[12.038384]
[12.028796]
[12.02308]
[12.035752]
[12.038155]
[12.027393]
[12.051349]
[12.021239]
[12.034698]
[12.036952]
[12.037389]
[12.041407]
[10.724713]
[12.034488]
[12.052388]
[12.02654]
[12.043913]
[12.029767]
[11.9871435]
[12.045671]
[12.03432]
[12.030538]
[12.037893]
[12.025909]
[12.033951]
[12.039653]
[12.043359]
[12.043625]
[12.015043]
[12.006765]
[12.018357]
[12.039241]
[12.055671]
[12.035225]
[12.0370655]
[10.730512]
[12.015949]
[12.044175]
[12.031148]
[12.029748]
[10.730327]
[11.980052]
[12.035576]
[12.026494]
[12.014863]
[12.03494]
[12.038228]
[12.044654]
[12.043633]
[12.026243]
[12.042389]
[12.02709]
[12.026904]
[12.032748]
[12.04267]
[12.045295]
[12.031511]
[12.034015]
[12.038202]
[12.036666]
[12.023984]
[12.01277]
[12.044148]
[12.023107]
[12.045044]
[12.034907]
