0.016412321
-0.0071851066
0.010705062
-0.010279564
0.012515204
-0.0071851066
-0.0053749653
0.012089705
0.010497381
0.021144085
0.025537519
-0.010279564
-0.010279564
0.012903654
0.008687239
0.0
-0.010279564
-0.010279564
0.011450851
0.009283371
0.012777889
0.014630347
0.013591837
0.015184162
-0.0071851066
0.009283371
0.010050572
0.014280021
0.013260993
0.01223609
0.010279564
0.011619338
0.012515204
0.017282426
0.0040906495
0.006188914
-0.0046867817
0.025335409
-0.010279564
0.011275756
0.024568686
0.01223609
0.022515655
0.010903511
0.024667598
0.008687239
0.011619338
0.012777889
0.012903654
-0.0071851066
0.010705062
-0.010279564
0.003094457
0.015184162
0.009809197
0.009554021
0.006188914
0.017890168
-0.010279564
0.01599811
-0.010279564
0.008687239
0.010497381
-0.0019231691
0.017092425
-0.010279564
0.012903654
0.006188914
-0.010279564
0.0071851066
-0.003094457
-0.010279564
0.0071851066
0.008687239
0.012777889
0.011093512
0.011093512
-0.0015923246
0.021781633
0.013260993
-0.0009961927
0.014280021
-0.0071851066
0.014187969
-0.010279564
-0.0053749653
-0.010279564
-0.010279564
0.010903511
0.008356394
0.024277532
-0.010279564
0.008687239
-0.0040906495
0.016994303
0.015676795
0.009554021
0.012648478
0.012089705
0.011093512
0.012089705
0.003094457
0.007999055
0.013025973
0.018704118
-0.00047036703
0.011093512
-0.010279564
0.0071851066
0.012903654
0.01593567
-0.010279564
0.014458619
0.012377828
0.018010294
0.017282426
0.009283371
0.01337402
0.005592782
0.010050572
0.012515204
0.017639766
0.019700311
0.017043633
0.026949886
0.008356394
0.013591837
0.012903654
0.011938357
0.01314503
0.016944421
0.020984625
0.009809197
0.010279564
0.016468478
0.022848556
0.011619338
0.019780751
0.015676795
0.010705062
0.017890168
0.00021781675
0.009283371
0.010279564
0.0189348
-0.0019231691
0.013025973
0.011450851
0.014713795
-0.0019231691
-0.00022899162
0.0076106056
0.009554021
-0.010279564
0.00671474
-0.006188914
0.006188914
0.014713795
0.010279564
0.012777889
-0.0071851066
0.015109129
0.012777889
-0.010279564
0.017808253
0.016739128
0.0049045985
0.013260993
0.010279564
0.017596632
0.008687239
0.018496435
0.014093979
0.010497381
0.0071851066
0.015184162
0.01599811
0.02248676
0.017419802
-0.0046867817
0.0
0.017808253
0.003094457
-0.0053749653
-0.0035648241
0.008995248
0.017639766
-0.010279564
-0.008469422
0.0049045985
0.011450851
0.013997968
-0.0046867817
0.008687239
0.008687239
0.0
0.021678604
0.02051426
0.014630347
0.023401035
0.0040906495
0.0018101414
0.009283371
-0.0071851066
0.010279564
-0.010279564
0.015609661
0.0071851066
0.013260993
0.019333944
-0.0071851066
0.009283371
-0.008469422
0.017596632
0.01314503
0.020162553
0.01223609
0.0040906495
0.016468478
0.009809197
0.011450851
0.01495517
-0.010279564
0.015872346
0.0040906495
0.018049628
-0.010279564
0.0049045985
0.010705062
-0.008469422
-0.008469422
0.014713795
0.011781696
0.018352412
-0.010279564
0.012377828
0.003094457
0.008687239
0.010497381
-0.006188914
0.011275756
0.0189348
-0.00047036703
0.0
0.014093979
0.0071851066
0.00671474
-0.010279564
0.008356394
0.011619338
-0.010279564
0.003094457
-0.0026689584
0.012777889
0.01635545
0.01337402
0.01314503
0.013997968
-0.00072554266
-0.0046867817
0.003094457
0.0153305475
0.020306578
0.005592782
0.009283371
0.010903511
0.010279564
0.00671474
0.0
0.009283371
0.017043633
-0.0012843157
0.008687239
0.008356394
0.014187969
0.023574766
0.0018101414
0.0049045985
-0.006188914
0.012089705
-0.0071851066
0.012648478
0.016468478
-0.010279564
0.003094457
0.01223609
0.017328689
-0.00022899162
-0.0026689584
0.012377828
0.014795712
0.022384126
0.00671474
0.015609661
0.012515204
0.018837392
-0.00047036703
0.016297845
0.006188914
0.010497381
0.019478433
-0.003094457
0.016893977
0.013591837
0.01223609
0.010497381
0.0071851066
0.010497381
-0.0071851066
0.016632829
-0.0022805084
-0.0046867817
0.010705062
0.011275756
-0.0071851066
0.021483313
-0.010279564
-0.0071851066
-0.010279564
0.016578715
0.011938357
0.01593567
0.008687239
0.011450851
0.010279564
0.009554021
0.010705062
-0.010279564
-0.003094457
0.008995248
0.012903654
0.012089705
0.018315667
0.010903511
0.012089705
0.011619338
0.0
-0.010279564
-0.00072554266
0.012903654
-0.0015923246
0.0049045985
0.019807246
0.0
0.011450851
-0.0019231691
0.007999055
0.01337402
-0.010279564
0.018460862
0.0040906495
0.0076106056
0.011275756
0.0
0.01495517
0.014458619
0.006188914
0.009283371
-0.0071851066
0.014545308
-0.0040906495
0.01495517
0.0049045985
0.011450851
-0.010279564
0.011781696
0.018635958
0.010705062
0.01495517
0.012903654
0.009554021
0.01337402
0.007999055
-0.0040906495
0.019618394
0.0071851066
0.009809197
0.0049045985
0.014280021
0.011781696
0.009283371
0.009554021
-0.010279564
0.012903654
0.011275756
0.011450851
0.020881994
0.022171497
-0.0012843157
0.01593567
0.017419802
0.0040906495
0.011619338
0.010903511
0.013025973
0.013997968
0.013997968
0.012648478
-0.008469422
0.011619338
0.008995248
0.009809197
-0.0053749653
0.013696886
0.017808253
0.0049045985
-0.0071851066
0.012377828
0.011619338
0.015472285
0.008995248
-0.00022899162
0.0018101414
-0.010279564
0.018315667
0.0076106056
0.0071851066
0.007999055
0.009809197
0.01337402
0.01612043
0.016994303
-0.010279564
0.008356394
0.012903654
0.013591837
0.01918462
0.010903511
0.025067152
0.0049045985
0.020282894
-0.0040906495
0.003094457
0.01723568
0.019030128
0.015676795
0.0076106056
-0.00072554266
0.008687239
-0.006188914
-0.010279564
0.015257955
0.0189348
0.01223609
0.017282426
0.006188914
0.00671474
0.013799519
0.012089705
0.006188914
0.0071851066
0.019092567
0.003094457
0.013899846
0.010050572
0.015742935
-0.0053749653
0.012903654
0.0076106056
0.0
0.010279564
-0.010279564
0.014630347
0.021428535
0.0076106056
0.014795712
0.011093512
-0.0012843157
0.012777889
-0.010279564
0.01605969
-0.0071851066
0.019214887
0.013484257
0.003094457
0.008356394
0.01580811
0.008687239
0.014093979
-0.010279564
0.029572198
0.011450851
-0.010279564
0.013591837
0.007999055
-0.0026689584
0.0071851066
0.021335717
0.010497381
0.022140278
0.022712851
0.008995248
0.016944421
0.017766723
0.010903511
0.01635545
-0.00022899162
0.023966055
0.010050572
0.005592782
0.018902566
0.011619338
-0.003094457
0.018049628
0.009554021
-0.0071851066
0.011450851
0.018315667
0.012648478
0.003094457
0.008687239
-0.010279564
0.0071851066
0.01605969
0.017766723
0.016686294
0.013696886
0.014876153
-0.0053749653
0.016994303
-0.003094457
-0.0071851066
0.0049045985
0.021730416
0.009809197
-0.010279564
0.006188914
0.014187969
-0.010279564
-0.010279564
0.010705062
0.019392302
0.01580811
0.018870099
0.018601485
0.010050572
0.018966803
0.003094457
0.01495517
0.016842956
0.030009538
0.015032814
0.009809197
0.011275756
0.025610112
0.0049045985
0.0
0.022140278
0.009283371
0.009283371
0.018010294
-0.010279564
0.013591837
0.010050572
0.016239487
-0.010279564
-0.00047036703
-0.0035648241
0.005592782
0.018088618
0.013696886
0.013799519
0.016578715
0.015472285
0.0018101414
-0.010279564
-0.010279564
-0.00047036703
0.011619338
0.015472285
0.014093979
0.007999055
0.011450851
0.015032814
-0.0053749653
0.010050572
0.0071851066
0.005592782
0.013899846
0.009283371
0.01580811
-0.003094457
0.006188914
0.01314503
0.009809197
-0.0040906495
0.009809197
-0.006188914
-0.008469422
0.006188914
-0.0040906495
0.012648478
0.005592782
0.008995248
0.017419802
-0.0009961927
0.010705062
0.009283371
0.021446869
0.01593567
0.009809197
0.017509092
0.012377828
0.010050572
0.014370213
0.003094457
0.003094457
0.019154146
0.010497381
-0.003094457
0.013484257
0.011781696
0.009554021
0.018388856
-0.006188914
0.010903511
-0.0022805084
0.011093512
-0.0053749653
-0.010279564
0.010903511
-0.006188914
-0.0040906495
-0.010279564
-0.0053749653
0.0018101414
0.012777889
0.019833585
-0.0053749653
-0.0035648241
0.003094457
0.011781696
0.01723568
0.01223609
0.006188914
0.009283371
0.008995248
0.0153305475
0.01337402
0.008356394
-0.010279564
0.0049045985
0.013997968
0.011619338
0.024993358
0.0
0.020259084
0.016994303
0.010050572
0.007999055
-0.010279564
-0.0053749653
-0.010279564
0.008995248
-0.003094457
0.01635545
0.003094457
0.003094457
0.013899846
0.011781696
-0.010279564
-0.010279564
0.013025973
0.018203586
0.011093512
0.011781696
0.0071851066
0.029239984
0.01827862
-0.010279564
0.0049045985
0.020559128
0.0
0.010279564
0.005592782
0.013260993
-0.010279564
0.014458619
-0.0040906495
0.021025028
0.022808276
0.011938357
0.013591837
0.021519462
-0.003094457
0.012903654
0.02013809
0.020282894
0.012089705
0.005592782
-0.0035648241
-0.010279564
0.015109129
0.011275756
0.01605969
-0.0012843157
0.0
0.010497381
-0.010279564
0.0018101414
0.011093512
-0.0015923246
0.017188437
-0.010279564
0.006188914
0.010705062
-0.0053749653
-0.006188914
0.009809197
0.0049045985
-0.0071851066
-0.0071851066
0.00671474
0.019478433
-0.010279564
0.0018101414
-0.010279564
0.006188914
0.014370213
0.007999055
0.0018101414
0.01337402
0.020776944
0.0
0.006188914
0.022339407
0.009554021
0.003094457
-0.0046867817
0.0
0.00671474
-0.00072554266
0.016893977
-0.0071851066
0.014458619
0.014876153
0.010903511
-0.010279564
0.012903654
0.014876153
0.011781696
0.018601485
0.018870099
0.0049045985
0.020468935
-0.010279564
-0.0071851066
-0.0071851066
0.023305537
0.0
0.013260993
0.015032814
0.019333944
0.006188914
0.013997968
0.015742935
0.010279564
0.0040906495
0.010050572
0.014458619
0.021626184
0.014093979
0.019534945
0.009554021
0.010705062
0.010705062
0.003094457
-0.0022805084
0.014876153
0.02376382
-0.0026689584
0.010903511
0.008687239
0.011450851
0.015109129
-0.010279564
-0.010279564
0.0
0.015742935
0.010497381
0.0071851066
0.011938357
0.008995248
0.014093979
0.017596632
-0.0071851066
0.012089705
0.015257955
0.015609661
0.003094457
-0.010279564
0.025234735
-0.0071851066
0.0018101414
0.009554021
0.012903654
0.008687239
0.0
0.013997968
0.0076106056
-0.010279564
0.03550175
0.0049045985
0.009554021
0.010705062
0.021882337
0.009809197
0.010903511
0.009283371
-0.010279564
0.0049045985
0.0016587927
0.015184162
0.020113494
0.010903511
0.003094457
0.014280021
0.012903654
0.003094457
0.013899846
0.013260993
0.01605969
-0.0071851066
0.006188914
0.009809197
-0.010279564
0.014545308
0.013696886
0.015472285
0.011781696
0.0018101414
0.011938357
0.003094457
0.024476824
0.011093512
0.021410124
0.014280021
0.01599811
0.028137146
-0.0015923246
0.00671474
-0.010279564
0.0
0.015872346
-0.006188914
-0.010279564
0.008687239
0.017890168
0.009283371
0.009283371
-0.003094457
0.00671474
0.019214887
-0.0071851066
0.015472285
-0.00022899162
-0.0026689584
0.011619338
0.021144085
-0.0053749653
0.015872346
0.009283371
0.007999055
-0.003094457
0.01223609
-0.010279564
-0.010279564
-0.010279564
0.008995248
-0.0071851066
-0.010279564
-0.0071851066
0.007999055
0.01580811
-0.010279564
0.00671474
0.019727286
0.003094457
0.017808253
-0.010279564
0.009554021
-0.0071851066
0.0259162
-0.010279564
0.007999055
0.0189348
-0.010279564
0.009809197
0.02021108
0.0071851066
-0.0009961927
0.012515204
0.017553076
0.008356394
0.008995248
0.010497381
0.0071851066
-0.0040906495
0.018352412
0.013799519
0.019214887
0.013799519
-0.010279564
-0.010279564
0.017596632
0.011781696
0.021298043
0.005592782
0.016686294
-0.008469422
0.011093512
-0.010279564
0.003094457
0.023220267
0.016523937
-0.0053749653
0.019700311
-0.0015923246
-0.010279564
0.005592782
0.0153305475
0.015541501
0.018088618
0.0018101414
0.0049045985
0.022045288
-0.0035648241
0.011450851
0.019363217
0.02570275
0.012648478
0.003094457
0.008995248
0.019092567
0.01612043
0.011093512
0.016578715
0.017419802
0.014713795
0.008687239
0.016686294
0.022808276
0.013899846
0.013899846
0.018635958
0.009554021
0.01723568
-0.0071851066
0.014187969
0.011619338
-0.0026689584
0.014545308
0.011781696
0.01337402
0.016791344
0.018203586
0.0071851066
0.012648478
-0.006188914
-0.0071851066
0.01723568
0.0040906495
0.0076106056
0.005718547
0.010050572
0.018165592
0.008356394
0.017509092
-0.0053749653
0.009809197
-0.006188914
-0.010279564
0.010497381
0.015472285
0.012089705
0.01635545
0.015257955
0.009283371
0.014630347
0.0018101414
0.02248676
-0.010279564
-0.010279564
0.003094457
0.015109129
0.00671474
0.011275756
-0.010279564
0.003094457
0.008995248
-0.0071851066
0.021025028
0.021465128
0.003094457
-0.0053749653
0.019700311
-0.010279564
0.015472285
-0.010279564
0.006188914
-0.010279564
0.018531727
0.014280021
-0.0009961927
0.011093512
0.010279564
-0.0053749653
0.007999055
0.010903511
0.009554021
0.010903511
-0.0071851066
0.018496435
0.01314503
0.01827862
0.012515204
0.013025973
0.0
0.01723568
0.008687239
-0.0040906495
0.009283371
-0.0053749653
0.026542485
-0.00047036703
0.007999055
0.008995248
-0.010279564
0.014370213
-0.00047036703
0.016791344
0.016578715
0.008687239
0.017766723
0.014187969
0.0040906495
0.010903511
0.01593567
0.00671474
0.014630347
0.011093512
0.009809197
0.015676795
0.015609661
-0.00022899162
0.0071851066
0.011275756
0.013997968
0.015472285
0.016239487
-0.0071851066
-0.0071851066
-0.0071851066
-0.0053749653
0.02006389
0.011275756
0.017596632
0.0
-0.010279564
-0.010279564
0.017464671
0.009809197
-0.0046867817
-0.0053749653
0.010903511
0.007999055
-0.0071851066
-0.0071851066
-0.0015923246
0.015257955
0.017724805
-0.010279564
0.018010294
0.006188914
-0.0071851066
0.014187969
0.01495517
0.012777889
-0.010279564
0.010705062
0.009283371
0.017553076
0.020984625
0.003094457
0.018804444
0.011781696
0.010903511
-0.0053749653
0.009283371
-0.0012843157
-0.0022805084
-0.0071851066
0.011275756
0.011093512
0.013025973
-0.010279564
0.003094457
0.012648478
0.012089705
0.013025973
0.011450851
0.007999055
0.007999055
-0.010279564
0.010279564
0.003094457
0.012903654
0.009283371
0.015676795
0.008995248
0.005592782
0.010050572
0.020603549
-0.010279564
0.020162553
-0.0071851066
0.014187969
-0.0071851066
-0.010279564
0.0049045985
0.010903511
-0.008469422
-0.00047036703
-0.010279564
0.013899846
0.014280021
0.0049045985
0.0071851066
-0.0071851066
0.016180355
0.008995248
0.013484257
0.019534945
0.012089705
0.012089705
-0.00072554266
0.015257955
0.015109129
0.009283371
0.016994303
0.005592782
0.011938357
0.008687239
-0.010279564
0.011093512
0.018670168
0.01314503
0.01635545
0.02619633
0.0
0.012648478
0.0009961927
0.012777889
0.014458619
0.003094457
0.008356394
-0.00022899162
-0.010279564
0.003094457
0.009283371
0.008687239
0.01827862
0.015609661
0.015109129
0.015257955
0.01635545
0.008995248
0.0040906495
-0.010279564
0.006188914
0.0076106056
0.012777889
0.008995248
0.010279564
0.010050572
0.0071851066
0.020581394
0.015472285
-0.0012843157
-0.006188914
0.012648478
-0.0040906495
-0.0040906495
-0.010279564
0.006188914
0.01337402
0.0076106056
0.013899846
-0.010279564
0.014370213
0.018601485
0.015872346
0.008687239
0.010279564
0.014713795
0.015609661
0.028108437
0.023269191
-0.006188914
0.009283371
-0.010279564
0.010050572
0.0049045985
0.013997968
0.013260993
0.014280021
0.011938357
0.012515204
0.0
0.012089705
0.0018101414
0.011619338
-0.0012843157
0.01612043
0.00671474
-0.0022805084
0.007999055
0.0049045985
0.003094457
0.009283371
0.003094457
0.010279564
0.021980818
0.010497381
0.010279564
0.008687239
0.019214887
0.009554021
0.008356394
-0.0022805084
0.014280021
-0.003094457
0.014713795
0.005592782
0.016739128
0.012089705
0.017188437
0.010705062
0.015676795
-0.010279564
0.012377828
-0.0022805084
0.008995248
0.012089705
0.008687239
0.010279564
0.009283371
0.003094457
0.021483313
0.0040906495
0.014713795
0.011093512
0.006188914
0.013696886
0.013591837
0.014458619
0.015032814
0.008687239
0.007999055
-0.0015923246
0.012903654
0.012777889
0.014545308
0.008687239
0.015257955
0.023913717
0.0049045985
0.010705062
0.012648478
-0.0015923246
0.02069109
-0.0071851066
0.013591837
0.0071851066
0.007999055
0.012089705
0.0018101414
0.0049045985
0.017328689
-0.0015923246
0.014630347
0.013484257
0.00671474
0.012777889
0.018870099
0.016686294
0.0040906495
0.019274812
0.019859768
0.003094457
-0.010279564
0.0049045985
0.003094457
-0.0071851066
-0.0071851066
0.0040906495
-0.0071851066
-0.0009961927
0.021446869
-0.0040906495
0.017188437
0.011275756
0.018771252
0.01593567
0.003094457
-0.003094457
-0.010279564
