[0.00899357]
[0.00893102]
[0.00891721]
[0.00887679]
[0.00894171]
[0.00889981]
[0.00891119]
[0.00889644]
[0.00892485]
[0.0089756]
[0.00891098]
[0.00892529]
[0.00891806]
[0.00893408]
[0.00891158]
[0.008929]
[0.00891056]
[0.00892037]
[0.00892356]
[0.00892186]
[0.0088916]
[0.00892923]
[0.00891488]
[0.00898949]
[0.00888124]
[0.00892475]
[0.00891512]
[0.00893648]
[0.00892358]
[0.00895454]
[0.00894619]
[0.00894156]
[0.00896302]
[0.00893444]
[0.00893525]
[0.00892981]
[0.00888958]
[0.00894772]
[0.00892851]
[0.00893212]
[0.00894814]
[0.00891583]
[0.00895119]
[0.00888905]
[0.00898577]
[0.00893268]
[0.00895111]
[0.00895675]
[0.00892887]
[0.00890031]
[0.00893867]
[0.00892745]
[0.00895694]
[0.0089746]
[0.00892878]
[0.00890393]
[0.00895616]
[0.0089507]
[0.00891965]
[0.00893782]
[0.00891981]
[0.008894]
[0.00898662]
[0.00887266]
[0.00893589]
[0.00895917]
[0.00892987]
[0.0089165]
[0.00892624]
[0.00891419]
[0.0089422]
[0.00895802]
[0.00891694]
[0.00894484]
[0.0089271]
[0.00894033]
[0.00889515]
[0.00892771]
[0.00894382]
[0.0089129]
[0.00892457]
[0.00889632]
[0.0089192]
[0.00894983]
[0.00894313]
[0.00893792]
[0.00889827]
[0.00894971]
[0.00891784]
[0.00893524]
[0.00895176]
[0.00893846]
[0.00893613]
[0.00892436]
[0.00896866]
[0.00896952]
[0.00897823]
[0.00898988]
[0.00891438]
[0.00892975]
[0.00893387]
[0.00893553]
[0.0089205]
[0.0089423]
[0.00891793]
[0.00894644]
[0.00895088]
[0.00889727]
[0.00891943]
[0.00893246]
[0.00895813]
[0.00895543]
[0.00895924]
[0.00895155]
[0.00892727]
[0.00895938]
[0.00891427]
[0.00894889]
[0.00893318]
[0.00893472]
[0.00894863]
[0.0089245]
[0.00896768]
[0.00888712]
[0.00897979]
[0.00888944]
[0.00893464]
[0.00905367]
[0.00894205]
[0.00896269]
[0.00895769]
[0.00892605]
[0.00891507]
[0.00896086]
[0.00895148]
[0.0089495]
[0.00892625]
[0.00892209]
[0.00895934]
[0.0089264]
[0.00890513]
[0.00893645]
[0.00892719]
[0.00893151]
[0.00891044]
[0.0089381]
[0.00892904]
[0.00900329]
[0.00893671]
[0.0088971]
[0.00890027]
[0.00892048]
[0.00898096]
[0.00890471]
[0.00893112]
[0.00890614]
[0.00889192]
[0.00893598]
[0.00892916]
[0.00897593]
[0.00891062]
[0.00891698]
[0.00895629]
[0.0089411]
[0.0089436]
[0.00893654]
[0.0089431]
[0.00891213]
[0.00892673]
[0.00892782]
[0.00894038]
[0.0089427]
[0.00892226]
[0.00892205]
[0.00892383]
[0.00893645]
[0.0089001]
[0.00894571]
[0.00898495]
[0.00889879]
[0.00890792]
[0.00891273]
[0.00894498]
[0.00892115]
[0.00891318]
[0.00891951]
[0.00895009]
[0.00893587]
[0.00893935]
[0.00892736]
[0.00892149]
[0.00892641]
[0.00889636]
[0.00892936]
[0.00891955]
[0.00892665]
[0.00893537]
[0.0089667]
[0.00892538]
[0.00897639]
[0.0089262]
[0.00891363]
[0.00893345]
[0.00891984]
[0.00895318]
[0.00891513]
[0.00893641]
[0.00894063]
[0.00893202]
[0.0089034]
[0.00889682]
[0.00890845]
[0.00892341]
[0.00896784]
[0.00894263]
[0.00896462]
[0.00896702]
[0.0089163]
[0.00894788]
[0.00892177]
[0.00894544]
[0.00896043]
[0.0089108]
[0.0089193]
[0.00893768]
[0.00892633]
[0.00894793]
[0.00893545]
[0.00892623]
[0.0089215]
[0.00893214]
[0.00893218]
[0.00891274]
[0.00893304]
[0.0089052]
[0.00891478]
[0.00893803]
[0.00891274]
[0.00893098]
[0.00891628]
[0.00891115]
[0.00894317]
[0.00894865]
[0.00893351]
[0.00895375]
[0.00892699]
[0.00891276]
[0.008948]
[0.00890435]
[0.00893201]
[0.00894544]
[0.0089122]
[0.00892516]
[0.00895716]
[0.00896119]
[0.00891343]
[0.00892431]
[0.00896813]
[0.00891005]
[0.0089019]
[0.0089367]
[0.00891882]
[0.00894802]
[0.00891888]
[0.00893441]
[0.00894437]
[0.00894182]
[0.00894585]
[0.00892607]
[0.00892783]
[0.00895742]
[0.00892902]
[0.00895482]
[0.00893391]
[0.00892903]
[0.00893007]
[0.00891345]
[0.00892186]
[0.00895148]
[0.00895695]
[0.00891696]
[0.00894757]
[0.00896437]
[0.00890829]
[0.00891448]
[0.00894145]
[0.00894449]
[0.00890335]
[0.00893303]
[0.00893454]
[0.00897489]
[0.00894904]
[0.00893128]
[0.00892364]
[0.00894322]
[0.0089445]
[0.00891157]
[0.00900105]
[0.0089149]
[0.00894705]
[0.00897909]
[0.00892377]
[0.00894888]
[0.00894023]
[0.00893768]
[0.00896]
[0.00890039]
[0.00891862]
[0.00893701]
[0.00892339]
[0.00893953]
[0.00890887]
[0.0089204]
[0.00892567]
[0.0089125]
[0.00894576]
[0.00895371]
[0.0089173]
[0.00890804]
[0.00893661]
[0.00895452]
[0.00894031]
[0.00892854]
[0.00895281]
[0.00896871]
[0.00894501]
[0.00891652]
[0.00891445]
[0.00890436]
[0.00892936]
[0.00893521]
[0.00891326]
[0.00892105]
[0.00893791]
[0.00893058]
[0.008953]
[0.00892251]
[0.0089346]
[0.00893797]
[0.00887831]
[0.0089101]
[0.00893638]
[0.00893494]
[0.0088778]
[0.00897747]
[0.00890009]
[0.00897456]
[0.00896938]
[0.00892094]
[0.00894134]
[0.00892262]
[0.0089115]
[0.0089196]
[0.00891569]
[0.00898736]
[0.00894076]
[0.00892842]
[0.00892056]
[0.00894279]
[0.00893997]
[0.00892338]
[0.0089374]
[0.00893779]
[0.00891987]
[0.00894473]
[0.00892197]
[0.0088767]
[0.00892284]
[0.00893149]
[0.00895288]
[0.00888349]
[0.00894487]
[0.00893854]
[0.0089652]
[0.00892252]
[0.00896675]
[0.0089234]
[0.00892252]
[0.00896577]
[0.00891138]
[0.00893905]
[0.00891845]
[0.0089644]
[0.00894673]
[0.00892608]
[0.00895704]
[0.0089865]
[0.00892422]
[0.0089056]
[0.00894551]
[0.00893009]
[0.00900032]
[0.00894021]
[0.00894073]
[0.00894553]
[0.00893905]
[0.00892979]
[0.00893028]
[0.00894294]
[0.0089285]
[0.00890132]
[0.00891442]
[0.00889738]
[0.00895623]
[0.00894258]
[0.00891869]
[0.00897782]
[0.00892237]
[0.0089775]
[0.00893773]
[0.00897244]
[0.00887921]
[0.00895818]
[0.00894857]
[0.00890468]
[0.00890432]
[0.00893058]
[0.00891301]
[0.00893232]
[0.00892899]
[0.00895181]
[0.00894608]
[0.00893562]
[0.00891128]
[0.00891812]
[0.00895528]
[0.00895667]
[0.00894781]
[0.0089187]
[0.00894621]
[0.00893044]
[0.00891139]
[0.008954]
[0.00894931]
[0.00892793]
[0.00894197]
[0.0089092]
[0.00892915]
[0.00891689]
[0.00890325]
[0.0089421]
[0.00893597]
[0.008922]
[0.00892437]
[0.00893315]
[0.00892857]
[0.00892844]
[0.0089087]
[0.00896501]
[0.00893684]
[0.00890759]
[0.00898371]
[0.00891635]
[0.0089285]
[0.00892756]
[0.00893499]
[0.008909]
[0.00895]
[0.00892037]
[0.00891176]
[0.00892399]
[0.00890599]
[0.00893566]
[0.00896975]
[0.00894612]
[0.00891815]
[0.00892235]
[0.00890568]
[0.00892643]
[0.00891535]
[0.00891572]
[0.00890488]
[0.00896937]
[0.00893532]
[0.00893834]
[0.00893204]
[0.00892775]
[0.00891517]
[0.00891216]
[0.00895404]
[0.00894684]
[0.00895329]
[0.00890108]
[0.00893261]
[0.00893318]
[0.00890166]
[0.0089201]
[0.0089462]
[0.00895083]
[0.00896757]
[0.0089425]
[0.00898526]
[0.00893608]
[0.00894754]
[0.00893173]
[0.00894294]
[0.00892161]
[0.00894709]
[0.0089189]
[0.00893056]
[0.00894911]
[0.00888398]
[0.00891448]
[0.0089465]
[0.00893763]
[0.00892897]
[0.00893644]
[0.00892637]
[0.00894208]
[0.00893564]
[0.00893469]
[0.00892713]
[0.00889733]
[0.00891797]
[0.00896284]
[0.00894194]
[0.00894308]
[0.00897076]
[0.00892993]
[0.00895043]
[0.00890447]
[0.00892693]
[0.00895783]
[0.0089232]
[0.00895432]
[0.00888263]
[0.00891313]
[0.00894612]
[0.00891711]
[0.00893961]
[0.00895859]
[0.00891643]
[0.00891757]
[0.00895308]
[0.00893787]
[0.00892579]
[0.0089123]
[0.00891887]
[0.00892596]
[0.00895143]
[0.00897225]
[0.00892173]
[0.00893342]
[0.00893426]
[0.00894123]
[0.00892354]
[0.00890768]
[0.00895284]
[0.00897396]
[0.00893128]
[0.00900547]
[0.00889706]
[0.00893875]
[0.00893724]
[0.00900765]
[0.00893341]
[0.00890641]
[0.00892701]
[0.00891311]
[0.00898817]
[0.00894821]
[0.00895056]
[0.00893173]
[0.00895184]
[0.00895627]
[0.00893263]
[0.00894276]
[0.0089264]
[0.00896318]
[0.00894832]
[0.0089549]
[0.00893442]
[0.00892817]
[0.00893331]
[0.00889147]
[0.00893622]
[0.00893443]
[0.00892041]
[0.00890684]
[0.00893843]
[0.00894498]
[0.00892531]
[0.00891646]
[0.00895405]
[0.0089267]
[0.0089076]
[0.00890556]
[0.00894102]
[0.0088778]
[0.00891002]
[0.00893115]
[0.00893718]
[0.00893783]
[0.00891321]
[0.00895279]
[0.00892071]
[0.00896353]
[0.0089457]
[0.00893315]
[0.00893914]
[0.00896429]
[0.00894037]
[0.00891862]
[0.00896084]
[0.00891359]
[0.00890718]
[0.00892708]
[0.00892952]
[0.00892173]
[0.00892064]
[0.00897884]
[0.00894509]
[0.00891729]
[0.00893816]
[0.00891057]
[0.00892944]
[0.00889281]
[0.00894587]
[0.00889928]
[0.00894145]
[0.00892255]
[0.00893415]
[0.0088984]
[0.00891135]
[0.00891962]
[0.00892224]
[0.00895672]
[0.00893169]
[0.0089059]
[0.00895899]
[0.00889945]
[0.00892107]
[0.00895704]
[0.00892419]
[0.00890486]
[0.00891999]
[0.00891366]
[0.00891063]
[0.00892813]
[0.00895951]
[0.00887692]
[0.00890569]
[0.00894991]
[0.00891401]
[0.00897551]
[0.00892944]
[0.00893606]
[0.00895227]
[0.00894639]
[0.00894122]
[0.0089129]
[0.00890834]
[0.00891624]
[0.00893445]
[0.00889871]
[0.0089343]
[0.00892226]
[0.00894915]
[0.00893571]
[0.00893357]
[0.00891734]
[0.00889096]
[0.00895296]
[0.00891908]
[0.00895536]
[0.00891953]
[0.008949]
[0.00896]
[0.0089391]
[0.00890532]
[0.00891826]
[0.00896475]
[0.00894403]
[0.00893323]
[0.00890792]
[0.00892681]
[0.00889921]
[0.00902358]
[0.00894321]
[0.00891426]
[0.00896099]
[0.00894951]
[0.0089723]
[0.0089842]
[0.00892434]
[0.00895522]
[0.00893105]
[0.00891919]
[0.00893583]
[0.00893958]
[0.00891754]
[0.00893334]
[0.00896093]
[0.00892156]
[0.00894563]
[0.00891964]
[0.0089369]
[0.00892307]
[0.00892701]
[0.00893034]
[0.00891955]
[0.00893104]
[0.00891064]
[0.00896301]
[0.00890929]
[0.00892112]
[0.00892354]
[0.00889374]
[0.00892431]
[0.00895963]
[0.00891589]
[0.00891446]
[0.00892904]
[0.00891596]
[0.00896133]
[0.00890753]
[0.00889306]
[0.00894887]
[0.00898543]
[0.00892301]
[0.00892591]
[0.00892836]
[0.0089558]
[0.008907]
[0.00891808]
[0.00897868]
[0.00894622]
[0.00891541]
[0.00890674]
[0.00893366]
[0.00892388]
[0.00894104]
[0.00892567]
[0.00892331]
[0.0089349]
[0.00897121]
[0.00893394]
[0.00892354]
[0.00891109]
[0.0089085]
[0.00894437]
[0.00894004]
[0.00893418]
[0.00891381]
[0.00893907]
[0.00890991]
[0.00891735]
[0.00892725]
[0.00892473]
[0.00893197]
[0.00894114]
[0.00895859]
[0.0089426]
[0.00890239]
[0.00895429]
[0.00895839]
[0.00893536]
[0.00894365]
[0.00893479]
[0.00894672]
[0.00892812]
[0.00894873]
[0.008953]
[0.00893051]
[0.0089342]
[0.00891478]
[0.00890917]
[0.00890222]
[0.00894878]
[0.00894967]
[0.00890788]
[0.00893554]
[0.00893954]
[0.00894387]
[0.00893116]
[0.0089086]
[0.00892543]
[0.00890507]
[0.00891945]
[0.00892688]
[0.00890436]
[0.00893266]
[0.00893952]
[0.00895867]
[0.00895635]
[0.00892481]
[0.00892201]
[0.00896255]
[0.00893205]
[0.00890677]
[0.0089157]
[0.00895307]
[0.0089001]
[0.00892081]
[0.00891896]
[0.00891264]
[0.00892537]
[0.00893654]
[0.00894175]
[0.00894595]
[0.00891234]
[0.00892795]
[0.0089634]
[0.00893911]
[0.00895303]
[0.00894443]
[0.00895619]
[0.00892704]
[0.00892561]
[0.00890513]
[0.00889468]
[0.00890723]
[0.00892904]
[0.00894442]
[0.00891488]
[0.00890715]
[0.00893453]
[0.00893905]
[0.00891855]
[0.008901]
[0.00895757]
[0.00896298]
[0.00891088]
[0.00894403]
[0.00889206]
[0.0089467]
[0.00893882]
[0.00892169]
[0.00894986]
[0.00894395]
[0.00890622]
[0.00896547]
[0.00893958]
[0.00897747]
[0.00893846]
[0.00896236]
[0.00893022]
[0.0089446]
[0.00899362]
[0.00892055]
[0.00892061]
[0.00892481]
[0.00889028]
[0.00894791]
[0.00891006]
[0.00891282]
[0.00891388]
[0.00895176]
[0.00892812]
[0.008965]
[0.00892675]
[0.00895221]
[0.00894278]
[0.00890127]
[0.00893583]
[0.00892994]
[0.0089146]
[0.0089203]
[0.00898384]
[0.00894557]
[0.00892381]
[0.0089481]
[0.00892762]
[0.00891064]
[0.00894152]
[0.00892661]
[0.00890603]
[0.00891621]
[0.00893486]
[0.0088823]
[0.00891979]
[0.00894229]
[0.0089314]
[0.00895736]
[0.00892422]
[0.00891225]
[0.00888511]
[0.00893785]
[0.00896228]
[0.00890852]
[0.00892409]
[0.00892931]
[0.00897342]
[0.00892322]
[0.00894187]
[0.00889416]
[0.00894655]
[0.00893271]
[0.00893965]
[0.00890537]
[0.00894074]
[0.00890347]
[0.00896215]
[0.0089288]
[0.00892533]
[0.00891107]
[0.00894572]
[0.00894806]
[0.00896421]
[0.00895329]
[0.00896763]
[0.00893676]
[0.00890059]
[0.00893357]
[0.00898749]
[0.00893256]
[0.00897004]
[0.00896153]
[0.00894611]
[0.00892891]
[0.00890965]
[0.00891111]
[0.00890933]
[0.00893277]
[0.00898364]
[0.00893941]
[0.00894734]
[0.00890518]
[0.00887254]
[0.0089142]
[0.00892808]
[0.00892428]
[0.00892764]
[0.00892196]
[0.00890261]
[0.00896423]
[0.00892017]
[0.00892337]
[0.00895799]
[0.00893366]
[0.00893984]
[0.00891428]
[0.00893328]
[0.00895044]
[0.00894749]
[0.00895204]
[0.00894921]
[0.00893122]
[0.00893789]
[0.00892401]
[0.00892171]
[0.00894364]
[0.00891538]
[0.00891031]
[0.00896175]
[0.00892543]
[0.00891306]
[0.00893136]
[0.00898005]
[0.00891037]
[0.0088923]
[0.00894525]
[0.00891813]
[0.00892649]
[0.00894655]
[0.00893188]
[0.00895895]
[0.0089233]
[0.00892333]
[0.00892175]
[0.00893982]
[0.00892597]
[0.00893985]
[0.00890151]
[0.00889172]
[0.00896178]
[0.00896055]
[0.00892486]
[0.00892948]
[0.00890682]
[0.00893467]
[0.00890627]
[0.00895]
[0.00892429]
[0.0089413]
[0.00895405]
[0.00893937]
[0.00893724]
[0.00892026]
[0.00894588]
[0.00893923]
[0.00892106]
[0.00892384]
[0.00891331]
[0.00893628]
[0.00893223]
[0.00892438]
[0.00890645]
[0.00886245]
[0.00892971]
[0.00892367]
[0.00896176]
[0.00894459]
[0.0088927]
[0.00889675]
[0.00897806]
[0.00888552]
[0.00894605]
[0.00890601]
[0.00896133]
[0.0089024]
[0.00895378]
[0.00893414]
[0.00891742]
[0.00891375]
[0.00894746]
[0.00889847]
[0.00894784]
[0.00892566]
[0.00893759]
[0.00893817]
[0.00891078]
[0.00895981]
[0.00893886]
[0.00897919]
[0.00893977]
[0.00890814]
[0.00890865]
[0.00892468]
[0.00892653]
[0.00893951]
[0.00893059]
[0.00892605]
[0.00895664]
[0.00888973]
[0.00889711]
[0.00892459]
[0.00894021]
[0.0089304]
[0.00891726]
[0.00893034]
[0.00895467]
[0.00890891]
[0.00892135]
[0.00892708]
[0.00888707]
[0.008953]
[0.00896272]
[0.00895879]
[0.0089322]
[0.00894509]
[0.00896186]
[0.00893615]
[0.00896358]
[0.00892185]
[0.00896355]
[0.00895533]
[0.00894884]
[0.00895563]
[0.00900661]
[0.00892786]
[0.00893452]
[0.00892826]
[0.00891776]
[0.00893646]
[0.00893577]
[0.0089199]
[0.00890034]
[0.00892195]
[0.00887826]
[0.00896806]
[0.00891673]
[0.00894765]
[0.00892458]
[0.00895148]
[0.00892095]
[0.00891163]
[0.00894905]
[0.00891537]
[0.00895732]
[0.00892001]
[0.00894408]
[0.00896591]
[0.00892972]
[0.00894792]
[0.00895899]
[0.00893484]
[0.00892504]
[0.0088964]
[0.00893604]
[0.00892097]
[0.00894933]
[0.00893401]
[0.00893101]
[0.00895059]
[0.00892702]
[0.00893636]
[0.00892474]
[0.00889912]
[0.0089056]
[0.0089365]
[0.00891419]
[0.00894416]
[0.00890679]
[0.00898731]
[0.00895984]
[0.00890412]
[0.00892772]
[0.00891527]
[0.00893113]
[0.00893012]
[0.00892506]
[0.00890873]
[0.00896757]
[0.00894612]
[0.00891801]
[0.00894975]
[0.00895933]
[0.0089697]
[0.00892625]
[0.00897472]
[0.00893223]
[0.00894391]
[0.00892646]
[0.00893621]
[0.00893471]
[0.00891467]
[0.00891879]
[0.00894056]
[0.00893062]
[0.00893307]
[0.00895541]
[0.0089294]
[0.00892738]
[0.00893645]
[0.00892473]
[0.00893976]
[0.00892974]
[0.00890834]
[0.00894322]
[0.00891916]
[0.0089267]
[0.00895]
[0.00895843]
[0.00894565]
[0.00892419]
[0.00894783]
[0.00894634]
[0.0089491]
[0.00895253]
[0.00892012]
[0.00894359]
[0.008925]
[0.00892901]
[0.00895461]
[0.00893047]
[0.00893773]
[0.00894435]
[0.00897104]
[0.00889244]
[0.00891617]
[0.00890691]
[0.00892647]
[0.00892878]
[0.00893241]
[0.00892891]
[0.00892802]
[0.00889799]
[0.00890504]
[0.00891535]
[0.00891995]
[0.00892153]
[0.00896211]
[0.00897426]
[0.00891561]
[0.00894897]
[0.00891159]
[0.00890371]
[0.0089359]
[0.0089181]
[0.00896822]
[0.00893742]
[0.00893175]
[0.00894069]
[0.0089173]
[0.00893654]
[0.00897659]
[0.00896114]
[0.00891041]
[0.00893844]
[0.00890547]
[0.00894038]
[0.0088955]
[0.00891051]
[0.00891551]
[0.00897001]
[0.00891949]
[0.00894813]
[0.00891128]
[0.00895427]
[0.00892165]
[0.00895986]
[0.00893199]
[0.00894062]
[0.00893199]
[0.0089285]
[0.00897837]
[0.00893739]
[0.0089149]
[0.00892629]
[0.00892729]
[0.0089588]
[0.00896613]
[0.00893632]
[0.00891482]
[0.00897804]
[0.00891495]
[0.00894877]
[0.00890093]
[0.00894848]
[0.00895536]
[0.00893238]
[0.00896214]
[0.00895141]
[0.00895091]
[0.00893771]
[0.00896149]
[0.00892175]
[0.00895406]
[0.00896107]
[0.00896559]
[0.00891619]
[0.00896687]
[0.00894826]
[0.00891712]
[0.00892093]
[0.00894706]
[0.00895752]
[0.0089339]
[0.00894225]
[0.00895102]
[0.00889407]
[0.00892856]
[0.0089545]
[0.008921]
[0.00891211]
[0.00895717]
[0.00894981]
[0.00893592]
[0.00891745]
[0.00893359]
[0.00895685]
[0.00893238]
[0.00890921]
[0.00894076]
[0.00893055]
[0.0089285]
[0.0089359]
[0.00895738]
[0.00896295]
[0.00893873]
[0.00890716]
[0.00894021]
[0.00892759]
[0.008933]
[0.00895497]
[0.00893432]
[0.00892242]
[0.00894499]
[0.00894499]
[0.00891966]
[0.00895756]
[0.00893175]
[0.00895464]
[0.00895905]
[0.00893779]
[0.00892201]
[0.00894373]
[0.00894181]
[0.00889399]
[0.00886645]
[0.00889432]
[0.0089426]
[0.00892597]
[0.00894097]
[0.00895159]
[0.00894167]
[0.00890747]
[0.00894136]
[0.00893233]
[0.00894121]
[0.00893649]
[0.00898648]
[0.00892336]
[0.00893969]
[0.0089135]
[0.0089161]
[0.0089462]
[0.00894438]
[0.00893738]
[0.0089296]
[0.00894519]
[0.00889505]
[0.00890115]
[0.00894627]
[0.00891078]
[0.0089077]
[0.00894203]
[0.00893135]
[0.00894497]
[0.00892304]
[0.00892353]
[0.00893312]
[0.00893978]
[0.00895009]
[0.00891086]
[0.00890368]
