[15.087529]
[15.087359]
[15.087562]
[15.087175]
[15.0870075]
[15.087323]
[15.086864]
[15.087407]
[15.087573]
[15.086986]
[15.0874605]
[15.087373]
[15.087328]
[15.087051]
[15.087216]
[15.087223]
[15.08719]
[15.087228]
[15.087184]
[15.087083]
[15.087146]
[15.087534]
[15.087235]
[15.087193]
[15.087202]
[15.087557]
[15.087184]
[15.087214]
[15.087327]
[15.087488]
[15.087116]
[15.087029]
[15.087287]
[15.087127]
[15.087035]
[15.087495]
[15.087409]
[15.087571]
[15.087317]
[15.084181]
[15.087371]
[15.087252]
[15.087127]
[15.087464]
[15.087344]
[15.0876255]
[15.087269]
[15.0870695]
[15.087238]
[15.087028]
[15.087243]
[15.087094]
[15.087065]
[15.08748]
[15.087229]
[15.0870905]
[15.087187]
[15.087204]
[15.087334]
[15.087168]
[15.087531]
[15.087154]
[15.087118]
[15.087163]
[15.0876]
[15.08743]
[15.08686]
[15.087503]
[15.08739]
[15.08755]
[15.086959]
[15.086944]
[15.086997]
[15.087595]
[15.087373]
[15.08715]
[15.087005]
[15.087169]
[15.0874815]
[15.08759]
[15.087145]
[15.087406]
[15.087501]
[15.087336]
[15.087042]
[15.087447]
[15.087518]
[15.08722]
[15.087308]
[15.087455]
[15.087422]
[15.087371]
[15.087265]
[15.087577]
[15.087188]
[15.087066]
[15.087018]
[15.0872555]
[15.087035]
[15.087289]
[15.087198]
[15.087104]
[15.087239]
[15.087403]
[15.08711]
[15.08759]
[15.087364]
[15.087237]
[15.087023]
[15.087258]
[15.087246]
[15.087222]
[15.087199]
[15.086413]
[15.087185]
[15.087133]
[15.087608]
[15.087518]
[15.086255]
[15.0873995]
[15.087113]
[15.087593]
[15.087181]
[15.087223]
[15.087161]
[15.087314]
[15.087569]
[15.08762]
[15.087271]
[15.087239]
[15.087549]
[15.087302]
[15.087577]
[15.086989]
[15.0871105]
[15.087565]
[15.087273]
[15.08691]
[15.087566]
[15.087372]
[15.087218]
[15.08716]
[15.087203]
[15.086993]
[15.087353]
[15.08723]
[15.087592]
[15.087457]
[15.087373]
[15.087156]
[15.087505]
[15.087401]
[15.087512]
[15.0870905]
[15.08725]
[15.087278]
[15.087329]
[15.087149]
[15.087342]
[15.087134]
[15.087574]
[15.087213]
[15.08718]
[15.087472]
[15.087102]
[15.08734]
[15.087483]
[15.086949]
[15.087193]
[15.087497]
[15.087001]
[15.087137]
[15.087496]
[15.087206]
[15.087482]
[15.087128]
[15.087298]
[15.087523]
[15.087372]
[15.0871105]
[15.087043]
[15.087003]
[15.087167]
[15.087318]
[15.08698]
[15.087281]
[15.087537]
[15.0871935]
[15.087044]
[15.087381]
[15.08727]
[15.087155]
[15.087573]
[15.087033]
[15.087582]
[15.087586]
[15.087222]
[15.087407]
[15.087622]
[15.087372]
[15.087096]
[15.087354]
[15.0873575]
[15.087247]
[15.087148]
[15.08731]
[15.087199]
[15.087047]
[15.087213]
[15.087321]
[15.086971]
[15.0872965]
[15.087299]
[15.087075]
[15.087243]
[15.087075]
[15.087548]
[15.082108]
[15.08719]
[15.08722]
[15.087079]
[15.08733]
[15.087234]
[15.087416]
[15.087588]
[15.087318]
[15.087344]
[15.086887]
[15.087104]
[15.08701]
[15.0872755]
[15.087079]
[15.087491]
[15.087277]
[15.08692]
[15.087137]
[15.087381]
[15.087543]
[15.087575]
[15.087003]
[15.087188]
[15.087581]
[15.087249]
[15.087201]
[15.087184]
[15.087031]
[15.087387]
[15.086062]
[15.08754]
[15.087497]
[15.087625]
[15.08747]
[15.0870695]
[15.087272]
[15.087131]
[15.087217]
[15.087482]
[15.087239]
[15.087618]
[15.087314]
[15.087289]
[15.087065]
[15.087338]
[15.087123]
[15.087444]
[15.08722]
[15.087562]
[15.087531]
[15.087172]
[15.08756]
[15.087213]
[15.087179]
[15.087178]
[15.087317]
[15.087003]
[15.08718]
[15.087128]
[15.087399]
[15.087116]
[15.087463]
[15.087388]
[15.087389]
[15.087573]
[15.087049]
[15.087598]
[15.087163]
[15.087464]
[15.087076]
[15.087144]
[15.087585]
[15.087598]
[15.087015]
[15.087453]
[15.087405]
[15.086992]
[15.087403]
[15.087242]
[15.087438]
[15.086992]
[15.087209]
[15.087066]
[15.087504]
[15.087544]
[15.086972]
[15.087476]
[15.087272]
[15.08719]
[15.087495]
[15.087186]
[15.087206]
[15.086523]
[15.0771055]
[15.087042]
[15.087318]
[15.087151]
[15.087125]
[15.087158]
[15.086083]
[15.087076]
[15.087307]
[15.087201]
[15.087108]
[15.0872135]
[15.087046]
[15.087189]
[15.087281]
[15.087627]
[15.087598]
[15.087203]
[15.087147]
[15.087514]
[15.087562]
[15.087026]
[15.087447]
[15.086965]
[15.087218]
[15.087576]
[15.087409]
[15.087666]
[15.087321]
[15.087232]
[15.087222]
[15.087492]
[15.087186]
[15.087178]
[15.087195]
[15.087577]
[15.087164]
[15.08763]
[15.087317]
[15.087176]
[15.08761]
[15.08752]
[15.087052]
[15.087204]
[15.086978]
[15.08727]
[15.08718]
[15.087192]
[15.087232]
[15.08718]
[15.08756]
[15.087428]
[15.087171]
[15.087375]
[15.087187]
[15.087262]
[15.087583]
[15.084902]
[15.087029]
[15.08728]
[15.087148]
[15.087595]
[15.08743]
[15.087168]
[15.087308]
[15.08718]
[15.087134]
[15.087106]
[15.086891]
[15.087163]
[15.087157]
[15.086976]
[15.087477]
[15.087218]
[15.087183]
[15.087191]
[15.087585]
[15.087216]
[15.087276]
[15.087224]
[15.08721]
[15.087204]
[15.087285]
[15.087217]
[15.087297]
[15.087579]
[15.087014]
[15.087301]
[15.087111]
[15.086965]
[15.087206]
[15.087156]
[15.087462]
[15.087308]
[15.087195]
[15.087337]
[15.087268]
[15.087316]
[15.087618]
[15.087447]
[15.087298]
[15.087489]
[15.087565]
[15.087367]
[15.08747]
[15.08747]
[15.087194]
[15.087503]
[15.087103]
[15.087039]
[15.08756]
[15.08756]
[15.087638]
[15.087104]
[15.087382]
[15.087504]
[15.087096]
[15.087583]
[15.087187]
[15.087247]
[15.087575]
[15.0870495]
[15.087531]
[15.086785]
[15.087373]
[15.087395]
[15.087085]
[15.087232]
[15.0875435]
[15.087103]
[15.087489]
[15.087485]
[15.087088]
[15.087417]
[15.08704]
[15.087184]
[15.087181]
[15.087394]
[15.087024]
[15.08726]
[15.085916]
[15.087228]
[15.087575]
[15.087206]
[15.087035]
[15.086877]
[15.087546]
[15.087105]
[15.087228]
[15.087011]
[15.087605]
[15.087287]
[15.087314]
[15.087552]
[15.087568]
[15.087038]
[15.087209]
[15.085137]
[15.087264]
[15.087386]
[15.08718]
[15.087045]
[15.087208]
[15.087102]
[15.087405]
[15.087298]
[15.087171]
[15.087036]
[15.087341]
[15.087445]
[15.087185]
[15.087581]
[15.087487]
[15.08633]
[15.08739]
[15.087652]
[15.087096]
[15.087262]
[15.087163]
[15.087584]
[15.087497]
[15.087605]
[15.087504]
[15.087526]
[15.08707]
[15.087483]
[15.087325]
[15.087487]
[15.087191]
[15.087195]
[15.08719]
[15.0868635]
[15.087135]
[15.087615]
[15.087314]
[15.087028]
[15.08732]
[15.087328]
[15.08727]
[15.08751]
[15.087598]
[15.087067]
[15.086954]
[15.087337]
[15.08759]
[15.087524]
[15.087079]
[15.087249]
[15.087253]
[15.087469]
[15.087404]
[15.087564]
[15.0870695]
[15.087472]
[15.086949]
[15.0872]
[15.087274]
[15.086961]
[15.087312]
[15.087133]
[15.087552]
[15.087062]
[15.087447]
[15.087538]
[15.087171]
[15.087037]
[15.087143]
[15.085481]
[15.086435]
[15.087259]
[15.087561]
[15.087605]
[15.087529]
[15.087403]
[15.087037]
[15.0874815]
[15.087327]
[15.087204]
[15.087601]
[15.087582]
[15.087321]
[15.087373]
[15.087255]
[15.087618]
[15.08711]
[15.087348]
[15.086998]
[15.087403]
[15.08701]
[15.087241]
[15.087644]
[15.087219]
[15.087249]
[15.087284]
[15.087164]
[15.087214]
[15.087091]
[15.087235]
[15.087431]
[15.086997]
[15.086883]
[15.087208]
[15.0871105]
[15.087302]
[15.087196]
[15.087256]
[15.087039]
[15.087267]
[15.087488]
[15.086995]
[15.087577]
[15.087056]
[15.087077]
[15.0872345]
[15.087235]
[15.0871525]
[15.087244]
[15.087176]
[15.087606]
[15.087161]
[15.087174]
[15.087661]
[15.087251]
[15.087543]
[15.08745]
[15.087077]
[15.08723]
[15.0871935]
[15.087388]
[15.087283]
[15.08756]
[15.087559]
[15.087558]
[15.087169]
[15.087623]
[15.087574]
[15.087165]
[15.087019]
[15.087504]
[15.087463]
[15.087563]
[15.086989]
[15.087267]
[15.08755]
[15.0875225]
[15.086949]
[15.087142]
[15.087104]
[15.0875025]
[15.08729]
[15.087314]
[15.087153]
[15.087242]
[15.087218]
[15.087367]
[15.087071]
[15.08727]
[15.087234]
[15.087165]
[15.087525]
[15.087259]
[15.087254]
[15.08745]
[15.08738]
[15.087123]
[15.087201]
[15.087495]
[15.087335]
[15.08732]
[15.087409]
[15.087633]
[15.086981]
[15.087308]
[15.087266]
[15.087237]
[15.087245]
[15.0869875]
[15.0873575]
[15.087575]
[15.087569]
[15.087119]
[15.087584]
[15.087264]
[15.087255]
[15.087051]
[15.087189]
[15.087279]
[15.085894]
[15.087558]
[15.087207]
[15.087033]
[15.087659]
[15.087603]
[15.087283]
[15.087632]
[15.087295]
[15.087042]
[15.087277]
[15.087648]
[15.087113]
[15.087618]
[15.087302]
[15.087251]
[15.087176]
[15.087547]
[15.087509]
[15.087129]
[15.087576]
[15.087471]
[15.087138]
[15.087489]
[15.087192]
[15.087542]
[15.087326]
[15.08731]
[15.087198]
[15.08689]
[15.087298]
[15.086931]
[15.087598]
[15.087334]
[15.087212]
[15.087192]
[15.087598]
[15.087296]
[15.087289]
[15.087371]
[15.087218]
[15.0870075]
[15.087432]
[15.087205]
[15.087009]
[15.087173]
[15.087594]
[15.087579]
[15.086798]
[15.087455]
[15.087363]
[15.087604]
[15.087042]
[15.087211]
[15.087157]
[15.087265]
[15.087245]
[15.087476]
[15.087153]
[15.087171]
[15.087312]
[15.087352]
[15.087546]
[15.087277]
[15.087222]
[15.087031]
[15.087045]
[15.087171]
[15.087523]
[15.087195]
[15.087187]
[15.08723]
[15.08682]
[15.076695]
[15.087155]
[15.087541]
[15.087255]
[15.087098]
[15.086942]
