[0.00240648]
[0.00232819]
[0.00208795]
[0.00239575]
[0.00232563]
[0.00241944]
[0.00236638]
[0.00246024]
[0.00238875]
[0.00230985]
[0.00233939]
[0.00243292]
[0.00240362]
[0.00235469]
[0.0020763]
[0.00226215]
[0.00241331]
[0.00234063]
[0.00234881]
[0.00238936]
[0.00247301]
[0.00237619]
[0.0023188]
[0.00245464]
[0.00240302]
[0.00238187]
[0.00236969]
[0.00236641]
[0.00223789]
[0.00244226]
[0.00247609]
[0.00243601]
[0.00232735]
[0.00238148]
[0.00239288]
[0.00245627]
[0.00237204]
[0.00243203]
[0.00247373]
[0.0024563]
[0.00241125]
[0.00240851]
[0.00239758]
[0.00238618]
[0.00242552]
[0.00237904]
[0.00232444]
[0.00241358]
[0.00243892]
[0.00249275]
[0.00213347]
[0.00240951]
[0.00239215]
[0.00243822]
[0.00228233]
[0.0023354]
[0.00235715]
[0.0023866]
[0.00236873]
[0.00244171]
[0.00239611]
[0.00246139]
[0.00245823]
[0.00242025]
[0.00237278]
[0.00246987]
[0.00234405]
[0.00241408]
[0.00211466]
[0.00216136]
[0.00242193]
[0.00247412]
[0.00239744]
[0.00243738]
[0.00211075]
[0.00237969]
[0.00243153]
[0.00240814]
[0.00240983]
[0.00243572]
[0.00242985]
[0.00235776]
[0.00244567]
[0.00243733]
[0.00245632]
[0.00246594]
[0.00237216]
[0.00237581]
[0.00236791]
[0.00243805]
[0.00240064]
[0.00238328]
[0.0023632]
[0.00249077]
[0.00240213]
[0.00233363]
[0.0024238]
[0.00238384]
[0.00241222]
[0.00242954]
[0.00247328]
[0.00242705]
[0.00233117]
[0.00247817]
[0.00245077]
[0.00250394]
[0.00222568]
[0.00245996]
[0.0023838]
[0.00249438]
[0.00243382]
[0.0023852]
[0.00233175]
[0.00230198]
[0.00247033]
[0.00236595]
[0.00243616]
[0.00240138]
[0.00234905]
[0.00244286]
[0.00243338]
[0.00237719]
[0.00235834]
[0.0024432]
[0.00239891]
[0.00233943]
[0.00244147]
[0.00242607]
[0.00228502]
[0.00232299]
[0.00240185]
[0.00237345]
[0.00235134]
[0.00236335]
[0.00209317]
[0.00241969]
[0.00236834]
[0.00238999]
[0.00252046]
[0.00211478]
[0.00235367]
[0.0024159]
[0.00242403]
[0.00210925]
[0.00232581]
[0.00229733]
[0.00235826]
[0.00244989]
[0.00246017]
[0.00241625]
[0.00212098]
[0.0024722]
[0.00236863]
[0.00246239]
[0.00241397]
[0.00237509]
[0.00245799]
[0.0024457]
[0.0023229]
[0.0024282]
[0.00234906]
[0.00239419]
[0.00234384]
[0.00236292]
[0.00227433]
[0.00235142]
[0.0023558]
[0.00228365]
[0.00235732]
[0.00228463]
[0.00244834]
[0.0024011]
[0.00238847]
[0.00241613]
[0.0023065]
[0.00243294]
[0.00243379]
[0.00244669]
[0.00215814]
[0.00247676]
[0.00237694]
[0.002387]
[0.00239857]
[0.00239964]
[0.00210143]
[0.00233078]
[0.00213401]
[0.00235456]
[0.00210755]
[0.00240772]
[0.00241165]
[0.00237516]
[0.00240681]
[0.00239859]
[0.00241035]
[0.00235397]
[0.00234961]
[0.00248315]
[0.00243436]
[0.00240545]
[0.00237162]
[0.00240434]
[0.00235991]
[0.00241466]
[0.0021389]
[0.00238528]
[0.0025014]
[0.00246813]
[0.00243592]
[0.00240376]
[0.00235089]
[0.00241459]
[0.00232528]
[0.00241461]
[0.00243591]
[0.00240129]
[0.00241717]
[0.00214837]
[0.00240438]
[0.00234516]
[0.00244337]
[0.00249221]
[0.00239108]
[0.00237162]
[0.00243636]
[0.00218646]
[0.00241861]
[0.00242516]
[0.00230898]
[0.00241058]
[0.00244933]
[0.00235928]
[0.00236145]
[0.00238082]
[0.00240383]
[0.00238363]
[0.00233896]
[0.00243485]
[0.00215435]
[0.00242417]
[0.00243564]
[0.00240339]
[0.00234392]
[0.00246707]
[0.0024234]
[0.00239573]
[0.00239491]
[0.00240436]
[0.00233827]
[0.00245448]
[0.00239022]
[0.00243041]
[0.00241418]
[0.00239481]
[0.00224466]
[0.00235678]
[0.00237335]
[0.00231276]
[0.00230747]
[0.00235395]
[0.00209654]
[0.0024619]
[0.00241861]
[0.00241568]
[0.00243562]
[0.00234502]
[0.00239146]
[0.0023043]
[0.00233392]
[0.00244564]
[0.00242542]
[0.00243718]
[0.00239972]
[0.0023905]
[0.00242684]
[0.00222817]
[0.00242698]
[0.00232133]
[0.00233155]
[0.00235747]
[0.00237972]
[0.00244202]
[0.00241774]
[0.00238982]
[0.00237268]
[0.00238658]
[0.00232046]
[0.00230478]
[0.00236149]
[0.00242776]
[0.00238557]
[0.00245254]
[0.00240178]
[0.0025198]
[0.00238615]
[0.00231765]
[0.00236259]
[0.00235205]
[0.00237924]
[0.00239838]
[0.00242269]
[0.00211401]
[0.00209091]
[0.00234144]
[0.00235451]
[0.00246123]
[0.0024061]
[0.00238636]
[0.00242127]
[0.0024778]
[0.00240626]
[0.00240935]
[0.00230503]
[0.00240243]
[0.00241534]
[0.00220916]
[0.00230701]
[0.00239339]
[0.00249388]
[0.00207247]
[0.00230187]
[0.00232559]
[0.00209848]
[0.00239356]
[0.0024159]
[0.00243132]
[0.00232786]
[0.0023813]
[0.00230767]
[0.00238703]
[0.00241582]
[0.00245191]
[0.0023662]
[0.00237752]
[0.00233457]
[0.00211372]
[0.00241203]
[0.00240666]
[0.0023232]
[0.00238055]
[0.00250527]
[0.00232921]
[0.00243458]
[0.00241992]
[0.00235989]
[0.00214596]
[0.00244631]
[0.00236989]
[0.00244295]
[0.00239965]
[0.00253821]
[0.00236877]
[0.00233844]
[0.00239388]
[0.00239101]
[0.00237664]
[0.00225221]
[0.00237435]
[0.00241491]
[0.00243131]
[0.00230862]
[0.00232662]
[0.00233069]
[0.00238017]
[0.00246488]
[0.00238162]
[0.00237812]
[0.00231678]
[0.00240087]
[0.00238696]
[0.00241921]
[0.00240944]
[0.00239813]
[0.00241545]
[0.00241995]
[0.00235428]
[0.00230092]
[0.00217435]
[0.00242574]
[0.00239454]
[0.00242008]
[0.00239819]
[0.00240887]
[0.00235663]
[0.00210664]
[0.00242607]
[0.00234783]
[0.00241328]
[0.00238221]
[0.00241925]
[0.00209988]
[0.00248577]
[0.00209907]
[0.00243369]
[0.00241696]
[0.0023746]
[0.00237789]
[0.00213745]
[0.00246924]
[0.00230109]
[0.0024342]
[0.00212373]
[0.00243465]
[0.00244067]
[0.00232432]
[0.00237431]
[0.00242073]
[0.00239069]
[0.00225083]
[0.00244497]
[0.00244976]
[0.00241786]
[0.00243958]
[0.00237246]
[0.00244986]
[0.00244394]
[0.00249769]
[0.00239338]
[0.00245768]
[0.00242086]
[0.00244605]
[0.00247081]
[0.00247231]
[0.00244334]
[0.00239015]
[0.00239398]
[0.00243184]
[0.00239104]
[0.00244069]
[0.00245286]
[0.00234004]
[0.00239383]
[0.00248869]
[0.00237234]
[0.00250737]
[0.00236598]
[0.00240404]
[0.002522]
[0.00240174]
[0.00236884]
[0.00217355]
[0.00238627]
[0.00240668]
[0.0024271]
[0.00239905]
[0.00247779]
[0.00245068]
[0.00238614]
[0.00226583]
[0.00227478]
[0.00240214]
[0.00234993]
[0.00239533]
[0.00212913]
[0.0023586]
[0.00234972]
[0.00232915]
[0.00243229]
[0.00248316]
[0.00240605]
[0.00229897]
[0.00233093]
[0.00211093]
[0.00210876]
[0.00241707]
[0.00236547]
[0.00211245]
[0.00228822]
[0.00246694]
[0.00235552]
[0.00236205]
[0.00239493]
[0.00216492]
[0.00238764]
[0.00232788]
[0.00240126]
[0.00223332]
[0.00241935]
[0.00233064]
[0.00238913]
[0.00239358]
[0.00237463]
[0.00211761]
[0.00238867]
[0.00244968]
[0.00238816]
[0.00237309]
[0.00243126]
[0.00235412]
[0.00243659]
[0.00233716]
[0.00240086]
[0.00215713]
[0.00240347]
[0.00240148]
[0.00242537]
[0.0024294]
[0.00243706]
[0.00242987]
[0.00242849]
[0.00240051]
[0.00243364]
[0.00236319]
[0.00245145]
[0.00236922]
[0.00240788]
[0.00241505]
[0.00244287]
[0.00238347]
[0.00243786]
[0.00240003]
[0.0023657]
[0.00240237]
[0.00240554]
[0.00231401]
[0.00243415]
[0.00242098]
[0.00237448]
[0.00240414]
[0.00235966]
[0.00242211]
[0.0023089]
[0.00240603]
[0.00237209]
[0.00238476]
[0.00238599]
[0.0023956]
[0.00248407]
[0.00236201]
[0.00232141]
[0.00212731]
[0.00241774]
[0.00238078]
[0.00240017]
[0.00231408]
[0.00240429]
[0.00240055]
[0.00237642]
[0.00245855]
[0.00219782]
[0.0024212]
[0.00241224]
[0.00240182]
[0.00245046]
[0.00207014]
[0.00244799]
[0.00237492]
[0.00240893]
[0.00249955]
[0.00240232]
[0.00243908]
[0.00244638]
[0.00239255]
[0.00235812]
[0.00240798]
[0.00236125]
[0.00234683]
[0.00237065]
[0.00233347]
[0.00238188]
[0.00246192]
[0.00239798]
[0.00234944]
[0.00235089]
[0.00235383]
[0.00238065]
[0.0024255]
[0.00244035]
[0.00229866]
[0.00239808]
[0.00232908]
[0.00253466]
[0.00240953]
[0.00232196]
[0.00245513]
[0.00228964]
[0.002416]
[0.00231287]
[0.00234247]
[0.0024176]
[0.0024567]
[0.00238702]
[0.00240926]
[0.00244656]
[0.00209402]
[0.00243327]
[0.00242146]
[0.00241343]
[0.00241621]
[0.00239045]
[0.00236707]
[0.00256105]
[0.002494]
[0.00241129]
[0.00230321]
[0.00246091]
[0.002405]
[0.00249981]
[0.00235435]
[0.00237779]
[0.00245908]
[0.002183]
[0.00239803]
[0.00243252]
[0.00240752]
[0.00247337]
[0.00244655]
[0.00215278]
[0.00244774]
[0.00236032]
[0.0023758]
[0.00233436]
[0.00241418]
[0.00243433]
[0.00229065]
[0.00212247]
[0.00245475]
[0.00237088]
[0.00213932]
[0.00234927]
[0.00236015]
[0.00210921]
[0.00236231]
[0.00238898]
[0.00240952]
[0.00234113]
[0.00239247]
[0.00237785]
[0.00212632]
[0.00209323]
[0.00240506]
[0.0024174]
[0.00226688]
[0.00246044]
[0.00238163]
[0.00216542]
[0.00212978]
[0.00239633]
[0.00241244]
[0.00241728]
[0.00237028]
[0.00242174]
[0.00244834]
[0.00211497]
[0.00235978]
[0.00236587]
[0.00239842]
[0.00247793]
[0.0023782]
[0.00239581]
[0.00228056]
[0.00238125]
[0.00241735]
[0.00242406]
[0.00233307]
[0.00245682]
[0.00233977]
[0.00209341]
[0.00237032]
[0.00234244]
[0.00229552]
[0.00240627]
[0.00250891]
[0.00237294]
[0.00236141]
[0.00239623]
[0.00236357]
[0.00237408]
[0.00245754]
[0.00241759]
[0.00241254]
[0.0021069]
[0.00229973]
[0.00243203]
[0.0024361]
[0.0024168]
[0.00237]
[0.00233963]
[0.00250922]
[0.00248312]
[0.00244339]
[0.00235521]
[0.00238557]
[0.00247699]
[0.00238137]
[0.002476]
[0.00237514]
[0.00244281]
[0.00243622]
[0.00240183]
[0.00237529]
[0.00214523]
[0.002151]
[0.00238784]
[0.00234128]
[0.00237795]
[0.00233147]
[0.00241973]
[0.0023785]
[0.00237587]
[0.00246181]
[0.00244743]
[0.00240878]
[0.00249812]
[0.00239292]
[0.00242258]
[0.00245114]
[0.00238425]
[0.0024147]
[0.00235371]
[0.00242227]
[0.0024834]
[0.00239708]
[0.00225002]
[0.00239894]
[0.00243427]
[0.00241764]
[0.00240499]
[0.00240889]
[0.0024501]
[0.00242359]
[0.00240845]
[0.00242344]
[0.00249482]
[0.00236117]
[0.00239515]
[0.00217202]
[0.00239875]
[0.0025253]
[0.00244854]
[0.0023791]
[0.00238166]
[0.0024717]
[0.00239703]
[0.0024287]
[0.00212098]
[0.00218224]
[0.002405]
[0.0022563]
[0.0023969]
[0.00236553]
[0.00240818]
[0.00232803]
[0.00245768]
[0.00237288]
[0.00247515]
[0.00243394]
[0.00241449]
[0.00234416]
[0.00207732]
[0.00239196]
[0.00246731]
[0.00245103]
[0.00233545]
[0.00234735]
[0.0024678]
[0.00235804]
[0.00232349]
[0.00240086]
[0.00234989]
[0.00244564]
[0.00239955]
[0.00228969]
[0.00249011]
[0.00242613]
[0.00215738]
[0.00211372]
[0.00233253]
[0.00218077]
[0.0024444]
[0.00215285]
[0.00234496]
[0.00226807]
[0.00239016]
[0.00239727]
[0.0023504]
[0.00218065]
[0.00235555]
[0.00232696]
[0.0024106]
[0.00234858]
[0.00240774]
[0.00212348]
[0.00243102]
[0.00216063]
[0.00252044]
[0.00240689]
[0.00245291]
[0.00234598]
[0.00248]
[0.00238756]
[0.00238137]
[0.00240759]
[0.00233626]
[0.00239709]
[0.0024643]
[0.00245171]
[0.00240498]
[0.00238874]
[0.00240652]
[0.00239231]
[0.00230736]
[0.00227118]
[0.00238777]
[0.00237488]
[0.00250147]
[0.00240548]
[0.00242758]
[0.00248577]
[0.00210745]
[0.00238854]
[0.00233187]
[0.00244687]
[0.00232002]
[0.00250564]
[0.00235292]
[0.0023767]
[0.00230883]
[0.00236492]
[0.00235291]
[0.00235493]
[0.00242183]
[0.00240814]
[0.00233396]
[0.00243978]
[0.00219926]
[0.0023954]
[0.00235664]
[0.00237324]
[0.0023363]
[0.0024506]
[0.00217364]
[0.00236489]
[0.00242917]
[0.00248402]
[0.0023752]
[0.00238254]
[0.00243099]
[0.0024211]
[0.00238919]
[0.00245943]
[0.00235014]
[0.00213143]
[0.00229605]
[0.00249961]
[0.00240123]
[0.0024469]
[0.00238504]
[0.00249134]
[0.0024827]
[0.00237555]
[0.00242126]
[0.00238387]
[0.00208631]
[0.00212819]
[0.00245625]
[0.00229229]
[0.00238139]
[0.00239513]
[0.00244677]
[0.00245055]
[0.00238455]
[0.00242866]
[0.00242562]
[0.00215629]
[0.00238702]
[0.00241424]
[0.00239436]
[0.00211976]
[0.00242081]
[0.00243207]
[0.00239671]
[0.00242491]
[0.00237268]
[0.00234051]
[0.00239064]
[0.00238981]
[0.00229439]
[0.00245916]
[0.00238737]
[0.00239169]
[0.00230297]
[0.00237956]
[0.00241789]
[0.00239973]
[0.00208081]
[0.00248236]
[0.00241803]
[0.00234528]
[0.00242847]
[0.00236788]
[0.00208177]
[0.00240967]
[0.00208112]
[0.0023812]
[0.00235848]
[0.00241322]
[0.00233521]
[0.00239979]
[0.00241664]
[0.00242583]
[0.00232572]
[0.00240717]
[0.00239039]
[0.00225228]
[0.002405]
[0.00215324]
[0.0023077]
[0.00236863]
[0.00237191]
[0.00212407]
[0.00244525]
[0.00237082]
[0.00230194]
[0.00240892]
[0.00207869]
[0.00242038]
[0.00238501]
[0.00239925]
[0.0024396]
[0.00236432]
[0.0023198]
[0.0023898]
[0.00237349]
[0.00244329]
[0.00241132]
[0.00234251]
[0.00233958]
[0.00243886]
[0.00236804]
[0.00231085]
[0.00244692]
[0.00237942]
[0.00242073]
[0.00233527]
[0.00241166]
[0.00247463]
[0.00233354]
[0.00236954]
[0.00242247]
[0.00238929]
[0.00211686]
[0.00238279]
[0.00244094]
[0.00238673]
[0.00239336]
[0.00243198]
[0.00241602]
[0.00238205]
[0.00247317]
[0.00209227]
[0.00238982]
[0.0023948]
[0.00239395]
[0.00238735]
[0.00236093]
[0.00240562]
[0.00240435]
[0.00237415]
[0.00242139]
[0.00249715]
[0.00209408]
[0.00231308]
[0.00237228]
[0.00246215]
[0.00230755]
[0.0023425]
[0.00237443]
[0.00214049]
[0.00210641]
[0.00239668]
[0.00243196]
[0.0024249]
[0.00210796]
[0.00247439]
[0.00251538]
[0.0023237]
[0.00239031]
[0.00240746]
[0.00236398]
[0.00237758]
[0.00208141]
[0.00242095]
[0.00242782]
[0.00238923]
[0.0023783]
[0.00235922]
[0.00240981]
[0.00210445]
[0.00239891]
[0.00240255]
[0.00247116]
[0.0024094]
[0.00246027]
[0.00216927]
[0.0023229]
[0.00231071]
[0.00232703]
[0.00250072]
[0.00245259]
[0.00211963]
[0.00245046]
[0.00247822]
[0.00215174]
[0.00240445]
[0.00239261]
[0.00239216]
[0.00209129]
