[0.01226431]
[0.01226301]
[0.01225276]
[0.01225794]
[0.01225675]
[0.0122572]
[0.01225924]
[0.01225909]
[0.01225078]
[0.01224932]
[0.01226283]
[0.0122609]
[0.01224925]
[0.01225899]
[0.01226692]
[0.01225872]
[0.01225074]
[0.0122385]
[0.01227614]
[0.0122649]
[0.01226436]
[0.01225809]
[0.01225786]
[0.01223631]
[0.01225491]
[0.01226604]
[0.01225177]
[0.01224962]
[0.01225356]
[0.01225866]
[0.01223758]
[0.01226307]
[0.01225706]
[0.01225467]
[0.01226271]
[0.01225121]
[0.01226534]
[0.01225647]
[0.01225471]
[0.01222466]
[0.01225296]
[0.01225531]
[0.01225986]
[0.01225283]
[0.01224287]
[0.01226105]
[0.01227549]
[0.01226274]
[0.0122574]
[0.01224649]
[0.01225459]
[0.01223476]
[0.01225584]
[0.01224864]
[0.01226047]
[0.01223413]
[0.01225757]
[0.0122658]
[0.01226303]
[0.01225751]
[0.01225751]
[0.01225983]
[0.01226502]
[0.01226213]
[0.01226511]
[0.01225108]
[0.01224317]
[0.01225981]
[0.01225913]
[0.01224942]
[0.01226362]
[0.01225653]
[0.01225937]
[0.01225087]
[0.01225343]
[0.01225903]
[0.01225701]
[0.01225812]
[0.01227519]
[0.01226714]
[0.01223527]
[0.01225166]
[0.01226995]
[0.01227527]
[0.01225959]
[0.01225036]
[0.01224347]
[0.01225877]
[0.0122554]
[0.01226165]
[0.01224532]
[0.01226586]
[0.01225639]
[0.0122586]
[0.01225581]
[0.01225261]
[0.01226444]
[0.01226716]
[0.01225289]
[0.01226172]
[0.01225218]
[0.0122686]
[0.0122431]
[0.01226244]
[0.01225549]
[0.01225861]
[0.01226543]
[0.01226993]
[0.0122317]
[0.01226438]
[0.01226703]
[0.01225424]
[0.01225586]
[0.01222753]
[0.01225341]
[0.01224179]
[0.01227181]
[0.01225732]
[0.01225783]
[0.01226071]
[0.01224864]
[0.01226188]
[0.01226734]
[0.01226199]
[0.01224433]
[0.01226797]
[0.01225214]
[0.01225186]
[0.01225695]
[0.01223044]
[0.01227016]
[0.012263]
[0.01225897]
[0.01225915]
[0.01225396]
[0.01224951]
[0.01225202]
[0.01223454]
[0.01226639]
[0.01225874]
[0.01226337]
[0.01225536]
[0.01224889]
[0.01226318]
[0.01226363]
[0.01226103]
[0.01225346]
[0.01226236]
[0.01225023]
[0.0122583]
[0.01225653]
[0.01225553]
[0.01226525]
[0.01225248]
[0.01224654]
[0.01225699]
[0.01223408]
[0.01226544]
[0.01226228]
[0.0122567]
[0.01226301]
[0.01226251]
[0.0122629]
[0.01224522]
[0.01227074]
[0.01227444]
[0.01226613]
[0.01224102]
[0.01225879]
[0.01224098]
[0.01225661]
[0.01225818]
[0.0122459]
[0.01225396]
[0.01225783]
[0.01226891]
[0.01223684]
[0.01225814]
[0.01225107]
[0.0122467]
[0.0122562]
[0.01224627]
[0.01225831]
[0.01224706]
[0.01226091]
[0.0122655]
[0.01225818]
[0.01225649]
[0.01226326]
[0.01224907]
[0.01226036]
[0.01226248]
[0.01225577]
[0.0122616]
[0.0122745]
[0.01225442]
[0.01225899]
[0.01223037]
[0.01225321]
[0.01224951]
[0.0122716]
[0.01225073]
[0.01225786]
[0.01226258]
[0.01224494]
[0.0122553]
[0.01224661]
[0.01225866]
[0.01225761]
[0.01224627]
[0.01225771]
[0.01225668]
[0.01226179]
[0.01226083]
[0.01226151]
[0.0122549]
[0.01225879]
[0.0121727]
[0.01223831]
[0.0122524]
[0.01227141]
[0.01226566]
[0.01226891]
[0.01225863]
[0.012256]
[0.01226167]
[0.01225306]
[0.01224748]
[0.01226912]
[0.01226439]
[0.01225919]
[0.01225952]
[0.01226196]
[0.01225246]
[0.01223392]
[0.01221665]
[0.01227078]
[0.01225791]
[0.0122578]
[0.01225487]
[0.01226156]
[0.01226649]
[0.01225296]
[0.01224408]
[0.01225822]
[0.01224521]
[0.01226754]
[0.01223893]
[0.01225781]
[0.01225405]
[0.01226997]
[0.01225704]
[0.01226671]
[0.01226504]
[0.01224664]
[0.01226089]
[0.01225021]
[0.01226462]
[0.01226592]
[0.01227619]
[0.01224559]
[0.01226593]
[0.01224486]
[0.01225673]
[0.01226568]
[0.01224733]
[0.01226163]
[0.01224286]
[0.01225443]
[0.01226202]
[0.01224821]
[0.01225154]
[0.01226773]
[0.01225294]
[0.01225645]
[0.01224902]
[0.01225915]
[0.01223677]
[0.0122446]
[0.01225116]
[0.01225345]
[0.01225719]
[0.01224902]
[0.01226527]
[0.01227022]
[0.01225345]
[0.01225335]
[0.01226596]
[0.01225127]
[0.01226627]
[0.01226052]
[0.01225888]
[0.01225581]
[0.01225274]
[0.01214861]
[0.01225311]
[0.01225477]
[0.01225162]
[0.01225081]
[0.01226532]
[0.01226602]
[0.01226882]
[0.01224537]
[0.01225805]
[0.01225515]
[0.01226107]
[0.01225883]
[0.01226977]
[0.01226093]
[0.01224491]
[0.01226279]
[0.01222583]
[0.01225668]
[0.0122593]
[0.0122603]
[0.01224409]
[0.01226075]
[0.01224617]
[0.0122556]
[0.01226134]
[0.01226297]
[0.01226793]
[0.01225768]
[0.01225907]
[0.01226615]
[0.01226449]
[0.01225384]
[0.0122487]
[0.01225355]
[0.01221487]
[0.01225364]
[0.01224228]
[0.01225968]
[0.01225661]
[0.01221937]
[0.01225572]
[0.01226579]
[0.01226272]
[0.01224655]
[0.01225713]
[0.01224559]
[0.01226376]
[0.01225659]
[0.01226268]
[0.01225795]
[0.012235]
[0.01226819]
[0.01224338]
[0.01226957]
[0.01226507]
[0.0122521]
[0.01226196]
[0.01228261]
[0.0122537]
[0.01224999]
[0.01226839]
[0.01226147]
[0.01225309]
[0.01225881]
[0.01226962]
[0.01226011]
[0.01223947]
[0.01226209]
[0.01227532]
[0.01223145]
[0.01226412]
[0.0122591]
[0.01222781]
[0.01225555]
[0.0122161]
[0.01225875]
[0.0122682]
[0.01226798]
[0.01225781]
[0.01224654]
[0.01223975]
[0.01226566]
[0.01225927]
[0.01226109]
[0.01225135]
[0.01224468]
[0.0121827]
[0.01225597]
[0.01225062]
[0.01226919]
[0.01226875]
[0.01226051]
[0.01225564]
[0.0122558]
[0.01227518]
[0.01225724]
[0.01225739]
[0.01226082]
[0.0122511]
[0.01226667]
[0.01225673]
[0.01226116]
[0.01226031]
[0.01226456]
[0.01226423]
[0.01225695]
[0.0122558]
[0.01224547]
[0.01223223]
[0.01226504]
[0.01225125]
[0.01223869]
[0.01226213]
[0.01225281]
[0.01225968]
[0.01226115]
[0.01226706]
[0.01224895]
[0.01226298]
[0.01226514]
[0.01223972]
[0.01226085]
[0.01225515]
[0.01227213]
[0.01226313]
[0.01225685]
[0.01224482]
[0.01225558]
[0.01226224]
[0.01223128]
[0.0122407]
[0.01225965]
[0.01226046]
[0.0122609]
[0.01225042]
[0.01227003]
[0.01225976]
[0.01226289]
[0.01226128]
[0.01222869]
[0.01224925]
[0.01225334]
[0.01226915]
[0.01226555]
[0.01225337]
[0.01227001]
[0.01226741]
[0.01224649]
[0.01225739]
[0.01223134]
[0.01226246]
[0.01225686]
[0.01225493]
[0.01225281]
[0.01225991]
[0.01225321]
[0.01225725]
[0.01226209]
[0.01225131]
[0.01226625]
[0.01226291]
[0.01225738]
[0.01225658]
[0.01225657]
[0.01225117]
[0.01224473]
[0.01226241]
[0.01225963]
[0.01225985]
[0.01225409]
[0.01225064]
[0.01227082]
[0.0122538]
[0.01223904]
[0.01224964]
[0.01225546]
[0.01225792]
[0.01226153]
[0.01223433]
[0.01225832]
[0.01226771]
[0.01226202]
[0.01225722]
[0.01225519]
[0.01226906]
[0.01224788]
[0.0122595]
[0.01225622]
[0.01224876]
[0.01223939]
[0.01225618]
[0.01226261]
[0.01223937]
[0.01223869]
[0.01226527]
[0.01225742]
[0.01224692]
[0.01226656]
[0.01226536]
[0.01224733]
[0.01226052]
[0.01225046]
[0.01225345]
[0.01226391]
[0.01226064]
[0.01227742]
[0.01225141]
[0.01225446]
[0.01227325]
[0.01226492]
[0.01225873]
[0.01226727]
[0.01225002]
[0.01225626]
[0.01225424]
[0.01225571]
[0.01226262]
[0.01226374]
[0.01225634]
[0.01223361]
[0.01225472]
[0.01225991]
[0.01226681]
[0.01224557]
[0.01226705]
[0.0122686]
[0.01225667]
[0.01224357]
[0.01226057]
[0.0122546]
[0.01224916]
[0.01225525]
[0.0122548]
[0.01226025]
[0.01223309]
[0.01226449]
[0.01225919]
[0.01226284]
[0.01224476]
[0.01226388]
[0.01224698]
[0.01225669]
[0.01226674]
[0.01220134]
[0.01219888]
[0.01226893]
[0.01226342]
[0.01224268]
[0.01225497]
[0.01226218]
[0.01223312]
[0.0122465]
[0.01225573]
[0.01224274]
[0.01226117]
[0.01225341]
[0.01225908]
[0.01222905]
[0.01225502]
[0.01225567]
[0.01224519]
[0.01225457]
[0.01225668]
[0.01225479]
[0.01225876]
[0.01227243]
[0.01224819]
[0.01226423]
[0.0122507]
[0.01225114]
[0.01225669]
[0.01226093]
[0.01225917]
[0.01224698]
[0.01224292]
[0.01219955]
[0.01225402]
[0.01224527]
[0.01225568]
[0.01225384]
[0.01225762]
[0.01224331]
[0.012261]
[0.0122649]
[0.01225966]
[0.01225546]
[0.0122718]
[0.01225873]
[0.01227501]
[0.01225918]
[0.0122513]
[0.01225863]
[0.01226177]
[0.01226058]
[0.01225438]
[0.01226039]
[0.01226285]
[0.01226215]
[0.01225464]
[0.01225545]
[0.01224454]
[0.01226965]
[0.01225702]
[0.01222863]
[0.01226307]
[0.01226602]
[0.01225392]
[0.01227631]
[0.01223568]
[0.01226123]
[0.01224674]
[0.01226117]
[0.01225819]
[0.01225804]
[0.01224511]
[0.0122579]
[0.01226045]
[0.01225968]
[0.01224267]
[0.01224832]
[0.01225624]
[0.01225214]
[0.01225509]
[0.01226758]
[0.01226416]
[0.01224231]
[0.01225715]
[0.01226083]
[0.01219546]
[0.01225564]
[0.01225794]
[0.01223149]
[0.01226183]
[0.01226178]
[0.01225577]
[0.01226754]
[0.01225177]
[0.01226231]
[0.01225871]
[0.01223533]
[0.01225237]
[0.01225092]
[0.01227608]
[0.01226416]
[0.01223634]
[0.01225347]
[0.01226278]
[0.01212826]
[0.01226261]
[0.01225633]
[0.01226251]
[0.01224915]
[0.01226417]
[0.01225435]
[0.01226915]
[0.01226676]
[0.01225517]
[0.01225736]
[0.01226981]
[0.01225359]
[0.01226281]
[0.0122574]
[0.01226042]
[0.01226426]
[0.01224985]
[0.01224894]
[0.0122574]
[0.01225107]
[0.01225561]
[0.01225338]
[0.01225547]
[0.01226006]
[0.0122578]
[0.0122473]
[0.01224994]
[0.0121458]
[0.01226749]
[0.01225955]
[0.0122455]
[0.01225522]
[0.01226204]
[0.01224338]
[0.01226183]
[0.01226034]
[0.01225389]
[0.0122741]
[0.01225517]
[0.01226135]
[0.01225908]
[0.01226146]
[0.01225808]
[0.01226061]
[0.01225647]
[0.01227108]
[0.01225107]
[0.01226071]
[0.01226565]
[0.01224355]
[0.01225551]
[0.01226378]
[0.01225758]
[0.01224791]
[0.01223863]
[0.01225759]
[0.01224794]
[0.0122536]
[0.01224354]
[0.01225977]
[0.01225582]
[0.01225701]
[0.0122547]
[0.01226498]
[0.01225106]
[0.01226663]
[0.01224425]
[0.01225648]
[0.01225829]
[0.01227429]
[0.01225157]
[0.01223572]
[0.01225285]
[0.01224281]
[0.01227663]
[0.01225913]
[0.01225501]
[0.01226006]
[0.01227366]
[0.01226464]
[0.01225555]
[0.0122582]
[0.01224772]
[0.01225709]
[0.01226795]
[0.01224312]
[0.0122574]
[0.01225383]
[0.01223121]
[0.01226772]
[0.01225433]
[0.01223858]
[0.01223888]
[0.01216244]
