0.0076340837
0.013880537
-0.0026262025
0.0047464804
0.005252405
0.009718104
0.008908913
0.009414838
0.0026262025
0.009569505
-0.0045616236
0.009253588
0.014294272
0.008529716
0.010621399
0.0015362301
-0.008724056
0.003471651
0.012625088
0.009718104
-0.0022650906
-0.0010899726
0.0015362301
0.014464585
-0.0030253935
0.0064589656
0.0076340837
0.008724056
0.008908913
0.014587476
0.0047464804
-0.0010899726
-0.008724056
0.003471651
0.008724056
-0.0060978536
-0.008724056
-0.0060978536
-0.0045616236
0.008108303
0.0
0.0047464804
-0.003471651
0.0064589656
0.010734506
-0.008724056
0.0
-0.008724056
0.009569505
0.005252405
0.0060978536
0.003471651
0.010260287
0.0064589656
0.008108303
0.0076340837
0.0020104493
0.01357727
0.008108303
-0.0060978536
0.009253588
0.010951068
0.013360708
0.0
-0.0060978536
0.011054877
0.0060978536
-0.008724056
-0.008724056
0.0060978536
0.0047464804
-0.0030253935
-0.0039775763
0.0026262025
0.009569505
-0.0060978536
-0.001935421
0.0103845205
-0.0008454484
0.0
0.0041624326
0.008724056
-0.0016321545
0.0026262025
-0.0026262025
0.003471651
0.011796516
-0.0045616236
0.009253588
-0.008724056
0.01635814
-0.003471651
-0.008724056
-0.008724056
-0.005252405
0.0064589656
0.008724056
-0.0008454484
0.0076340837
0.0064589656
0.0070919017
0.0
-0.003471651
0.009569505
0.0
-0.007187826
0.011443814
0.0060978536
-0.008724056
0.0011370392
-0.001935421
0.003471651
0.011796516
0.0041624326
0.0
-0.0039775763
-0.0045616236
0.0060978536
0.008108303
0.01715273
-0.0045616236
0.0041624326
0.003471651
0.009253588
0.0026262025
-0.003471651
0.0026262025
0.0015362301
0.009998886
0.0056986627
0.0
0.0006907816
-0.0013513734
0.010951068
0.0056986627
0.006788635
0.012556819
0.0026262025
0.015757216
0.0047464804
0.0026262025
0.016602665
0.0015362301
0.0006907816
0.0026262025
0.008908913
0.015697548
0.005252405
-0.0030253935
0.0026262025
0.008724056
-0.005252405
0.0103845205
-0.0010899726
0.0103845205
0.008324865
0.010734506
0.0014077836
0.015113501
0.0064589656
0.008529716
0.008908913
-0.005252405
0.0041624326
0.015512692
0.0026262025
0.003471651
-0.0060978536
0.0047464804
0.013629531
-0.0006157533
0.01368108
0.012625088
0.005252405
-0.0016321545
-0.00039919093
-0.0060978536
-0.0045616236
0.0026262025
-0.0006157533
0.008908913
0.0026262025
0.0026262025
0.0070919017
0.009414838
-0.008724056
-0.0026262025
0.003471651
0.005252405
0.009998886
0.013928803
0.010260287
0.009414838
0.0103845205
0.008108303
0.005252405
-0.008724056
0.0
0.003471651
-0.0026262025
0.012416477
0.0060978536
0.009998886
0.0076340837
-0.001935421
-0.008724056
0.010951068
0.008724056
0.0070919017
-0.007187826
0.0060978536
0.0041624326
0.0041624326
0.0056986627
0.010844334
-0.0039775763
-0.0060978536
-0.008724056
0.0076340837
-0.003471651
0.010621399
-0.0013513734
0.006788635
-0.00039919093
-0.0060978536
0.0056986627
0.010621399
0.0
-0.0013513734
-0.0008454484
-0.0008454484
0.006788635
-0.008724056
0.0041624326
0.0
0.0041624326
0.016457852
0.006788635
0.013831649
0.0
-0.008724056
0.0056986627
-0.007187826
-0.0013513734
0.0
0.010844334
0.0047464804
-0.008724056
0.010621399
0.0041624326
0.005252405
-0.0010899726
-0.0039775763
0.0015362301
-0.008724056
-0.0045616236
-0.008724056
0.008529716
0.005252405
0.007372683
0.0041624326
-0.0022650906
0.0060978536
0.0041624326
0.0060978536
0.0047464804
0.009414838
-0.008724056
0.008724056
0.0041624326
0.0056986627
0.0047464804
-0.008724056
-0.008724056
0.009998886
0.0026262025
0.0056986627
0.0026262025
0.0060978536
0.006788635
0.010734506
0.011711371
-0.008724056
-0.0026262025
0.0070919017
-0.007187826
0.0070919017
0.01013184
0.012344307
0.009998886
0.009861096
0.02139621
-0.008724056
-0.0060978536
0.009085168
0.0047464804
-0.0026262025
0.010951068
0.006788635
0.0041624326
0.009253588
0.012119163
0.0014077836
0.010734506
-0.0030253935
0.008108303
0.01050481
0.013360708
0.0056986627
0.012692149
-0.008724056
0.005252405
0.009998886
-0.0060978536
0.0076340837
0.0009940482
0.006788635
-0.0013513734
0.009569505
-0.008724056
-0.0060978536
0.0060978536
-0.008724056
0.011711371
-0.008724056
0.0015362301
0.0070919017
-0.003471651
0.0
-0.008724056
0.0060978536
-0.008724056
0.005252405
-0.003471651
0.0060978536
0.0
0.013831649
0.008908913
0.014546953
-0.008724056
0.008324865
-0.0039775763
0.011711371
0.009414838
0.007878608
-0.008724056
0.0041624326
-0.001935421
0.008908913
0.0041624326
0.0026262025
0.0006907816
0.0
-0.0006157533
-0.008724056
0.0047464804
0.007878608
0.010951068
0.007372683
0.0026262025
0.01352428
0.006788635
0.0026262025
-0.008724056
0.009085168
-0.0030253935
-0.0060978536
0.005252405
0.0060978536
0.0060978536
0.006788635
-0.0060978536
-0.001935421
0.0103845205
-0.0060978536
0.008324865
0.007878608
0.01352428
0.0041624326
0.003471651
0.003471651
0.009414838
-0.007187826
0.011961273
0.0026262025
0.003471651
0.0041624326
0.0
0.015384245
-0.003471651
-0.0060978536
-0.001935421
0.009085168
0.0026262025
0.009718104
-0.008724056
0.0060978536
0.006788635
-0.008724056
0.008108303
-0.0060978536
0.003471651
0.007372683
-0.008724056
0.01650674
0.0064589656
0.0064589656
0.008529716
-0.007187826
0.009253588
0.0041624326
0.011254335
0.009718104
0.017448112
0.008108303
-0.0060978536
0.015986912
-0.005252405
0.005252405
0.007878608
0.008108303
-0.0022650906
0.009569505
-0.007187826
-0.0013513734
0.0
-0.0010899726
0.0
-0.0060978536
-0.0006157533
-0.003471651
0.012758043
-0.008724056
0.0026262025
0.008108303
0.0047464804
0.010734506
0.014294272
-0.008724056
-0.003471651
0.011443814
-0.0008454484
0.015183022
0.0076340837
-0.008724056
-0.007187826
0.0076340837
-0.0060978536
0.003471651
0.0005295314
0.0076340837
0.003471651
-0.0026262025
0.011350259
-0.007187826
-0.001935421
-0.0022650906
-0.008724056
0.010621399
-0.008724056
0.005252405
0.007372683
-0.001935421
0.0041624326
-0.0008454484
0.007878608
0.003471651
0.012195707
-0.003471651
0.0006907816
0.0026262025
0.014505993
0.0041624326
-0.008724056
-0.008724056
-0.008724056
0.0056986627
0.008724056
0.0070919017
0.015757216
-0.008724056
0.0
0.0041624326
0.009718104
0.0060978536
0.0011370392
0.008324865
-0.008724056
0.008724056
-0.0008454484
0.0070919017
0.0026262025
0.0064589656
0.0015362301
-0.007187826
-0.0060978536
0.006788635
0.011054877
-0.008724056
0.014546953
-0.001935421
0.0047464804
0.003471651
0.0012748293
-0.003471651
0.003471651
-0.008724056
0.01504268
0.015786702
-0.0016321545
0.0060978536
0.018368589
-0.007187826
-0.0026262025
0.0015362301
0.008908913
0.0060978536
0.010621399
0.00018485665
-0.008724056
-0.0060978536
0.008724056
0.0026262025
0.0064589656
-0.008724056
-0.0045616236
-0.008724056
0.016942188
0.009253588
-0.0030253935
0.008324865
-0.0039775763
-0.007187826
-0.008724056
0.0056986627
0.014627569
0.0076340837
0.01050481
0.009414838
0.0026262025
0.0064589656
0.0041624326
-0.0045616236
-0.008724056
0.0026262025
0.0060978536
-0.001935421
-0.008724056
0.009861096
0.008108303
-0.0045616236
0.009253588
0.0076340837
0.006788635
0.0
-0.001935421
0.01050481
0.008324865
0.0
0.011155918
0.0041624326
-0.00039919093
-0.0060978536
0.008908913
-0.0016321545
-0.0039775763
-0.008724056
-0.008724056
0.0015362301
-0.0060978536
-0.008724056
0.010260287
0.016255734
0.0076340837
0.0060978536
0.0047464804
0.0047464804
-0.0022650906
0.009414838
0.008529716
0.0
0.0064589656
0.00036111212
0.008529716
0.0
0.0056986627
0.0015362301
0.0060978536
0.009718104
0.006788635
0.0041624326
-0.0045616236
0.0015362301
0.01873645
0.01482191
-0.008724056
0.01050481
-0.0026262025
-0.0060978536
0.0047464804
0.0060978536
0.003471651
0.009569505
0.0026262025
0.010734506
-0.0060978536
0.0026262025
-0.008724056
0.009253588
-0.008724056
-0.008724056
0.0041624326
0.008529716
0.0047464804
0.008324865
-0.007187826
-0.008724056
0.008724056
-0.008724056
0.012195707
-0.0060978536
0.011796516
0.013880537
0.0047464804
-0.0060978536
-0.008724056
0.009414838
0.0041624326
0.005252405
0.0026262025
0.0015362301
0.0015362301
0.003471651
0.0047464804
0.0026262025
0.008108303
-0.008724056
0.0015362301
-0.0060978536
0.010951068
-0.0013513734
0.008908913
0.0015362301
0.0026262025
-0.0045616236
-0.008724056
0.016457852
0.009718104
0.0015362301
-0.003471651
-0.0060978536
-0.0060978536
0.0064589656
-0.0045616236
-0.008724056
-0.0045616236
0.008908913
0.0056986627
0.011796516
-0.00019434052
-0.008724056
-0.0006157533
0.0
-0.0060978536
0.009414838
0.012270736
0.014115943
0.006788635
-0.0039775763
-0.005252405
-0.008724056
0.0060978536
0.012886489
0.0047464804
0.006788635
0.013247601
-0.0026262025
0.005252405
0.007878608
0.0
0.0076340837
0.008529716
0.0064589656
-0.0026262025
-0.008724056
-0.005252405
-0.0060978536
0.0
0.012344307
0.006788635
-0.008724056
0.0076340837
-0.0026262025
-0.0045616236
0.0041624326
0.0012748293
-0.003471651
-0.0045616236
0.0070919017
-0.0013513734
-0.008724056
0.01050481
-0.0060978536
0.0026262025
0.015697548
0.009861096
-0.005252405
0.014422719
0.0
0.011624268
0.005252405
0.005252405
0.009253588
0.0
-0.0006157533
0.010734506
0.0041624326
-0.008724056
0.008324865
0.009085168
0.008324865
0.0060978536
-0.0039775763
0.0
-0.0026262025
-0.0006157533
-0.008724056
0.012195707
0.007372683
0.013304577
-0.0045616236
0.0056986627
0.0
0.007372683
-0.008724056
0.013629531
0.006788635
0.01050481
0.011254335
-0.008724056
-0.0060978536
0.01050481
0.005252405
0.0060978536
0.0026262025
-0.0030253935
-0.0060978536
-0.008724056
-0.008724056
0.0060978536
-0.008724056
0.005252405
-0.007187826
0.007372683
0.0056563294
-0.0008454484
0.0070919017
0.011796516
-0.008724056
0.006788635
-0.008724056
0.0012748293
-0.008724056
0.0047464804
0.015606247
0.0015362301
0.012270736
0.008324865
-0.005252405
0.0047464804
0.003471651
0.0020104493
-0.0022650906
-0.008724056
-0.00039919093
-0.008724056
-0.0030253935
0.015575318
0.0041624326
0.008529716
-0.005252405
0.0026262025
0.0041624326
0.006788635
0.0041624326
0.01013184
0.010844334
0.011350259
0.008108303
0.006788635
0.0041624326
0.0
0.012416477
0.0026262025
0.009861096
0.0064589656
-0.0026262025
0.003471651
-0.00019434052
-0.0008454484
0.0060978536
-0.0045616236
-0.0060978536
0.007372683
-0.008724056
0.0026262025
0.011054877
0.0
-0.008724056
0.0041624326
-0.003471651
0.011535116
0.01013184
0.007878608
0.008529716
0.003155734
-0.008724056
-0.008724056
0.010260287
0.007878608
0.009414838
-0.0045616236
0.009253588
0.015148421
-0.0013513734
0.0
-0.008724056
0.0076340837
-0.008724056
0.013731938
-0.008724056
0.0041624326
0.015078256
0.0015362301
0.007878608
0.0026262025
0.006788635
0.0130107235
0.008108303
-0.003471651
0.01013184
0.0
-0.005252405
0.0056986627
0.005252405
0.0026262025
0.005252405
0.009253588
0.010951068
-0.0060978536
0.01050481
-0.0045616236
-0.008724056
-0.008724056
0.009861096
0.011535116
0.0
-0.0016321545
0.0056986627
-0.008724056
0.0015362301
-0.001935421
0.015351442
0.0076340837
0.0041624326
0.0047464804
0.0
0.009414838
-0.0008454484
-0.00019434052
0.009718104
-0.001935421
-0.008724056
0.006788635
0.0026262025
-0.008724056
-0.0022650906
0.0064589656
-0.008724056
0.008108303
0.003471651
-0.0008454484
0.007372683
-0.001935421
0.010844334
-0.00019434052
-0.0060978536
-0.003471651
0.011535116
0.009414838
0.0047464804
0.010260287
0.011711371
0.0047464804
-0.007187826
0.0026262025
0.011535116
0.0026262025
0.0056986627
0.008108303
0.0026262025
0.007372683
0.009085168
0.0130107235
0.0047464804
0.011155918
-0.0008454484
0.0026262025
-0.008724056
0.0041624326
-0.0060978536
-0.0010899726
0.0047464804
-0.0013513734
0.009085168
-0.008724056
0.0015362301
0.009085168
-0.0030253935
-0.0030253935
0.007878608
-0.0013513734
-0.00039919093
0.0
-0.008724056
-0.0026262025
0.009085168
0.0026262025
0.0041624326
-0.008724056
0.008529716
0.009414838
0.0076340837
-0.008724056
-0.0008454484
0.0060978536
0.008908913
0.008724056
0.008529716
0.007372683
0.0015362301
-0.008724056
-0.008724056
-0.00039919093
0.010951068
0.0064589656
0.0076340837
0.0060978536
-0.005252405
-0.0013513734
0.003471651
0.008324865
0.0
0.0060978536
0.0076340837
-0.0045616236
0.0015362301
-0.0060978536
0.006788635
0.009414838
-0.0060978536
-0.0016321545
-0.007187826
-0.0060978536
0.012416477
-0.0013513734
0.0026262025
0.007878608
0.005252405
-0.008724056
-0.008724056
0.011443814
0.01050481
0.006788635
-0.008724056
0.0060978536
0.0047464804
-0.001935421
0.003471651
-0.008724056
-0.0026262025
-0.008724056
-0.003471651
0.008529716
0.0026262025
0.009718104
-0.001935421
-0.007187826
0.008324865
0.0056986627
0.007372683
-0.008724056
0.01013184
0.018323751
-0.0006157533
0.006788635
-0.001935421
-0.00019434052
0.008724056
0.007372683
0.0060978536
0.0015362301
0.006788635
-0.008724056
0.0047464804
0.008324865
0.0047464804
0.0070919017
0.005252405
0.008108303
-0.0030253935
0.0076340837
0.012886489
-0.008724056
0.007878608
0.018293561
0.011054877
0.011535116
0.0015362301
0.011155918
0.012487298
0.0064589656
0.011796516
0.003471651
0.0060978536
0.009998886
0.012041041
-0.0013513734
-0.0026262025
-0.0060978536
0.0026262025
0.007878608
0.007372683
0.0060978536
0.011350259
-0.003471651
0.008908913
0.0015362301
0.008108303
0.008529716
0.008324865
-0.008724056
0.0060978536
0.0041624326
0.0041624326
0.015006767
0.0015362301
0.011879791
0.0060978536
0.003471651
0.008908913
-0.0060978536
-0.007187826
-0.008724056
-0.0060978536
0.011624268
-0.008724056
0.008324865
0.007372683
-0.008724056
0.0026262025
-0.003471651
0.003471651
-0.0060978536
0.0
-0.005252405
0.0026262025
0.0047464804
-0.008724056
0.007878608
0.009569505
0.008108303
-0.008724056
0.006788635
0.008108303
-0.0060978536
-0.0016321545
-0.0010899726
0.0015362301
0.0026262025
-0.008724056
0.0130107235
0.006788635
0.0
0.0056986627
0.0064589656
-0.008724056
0.0026262025
-0.005252405
0.0056986627
0.012556819
-0.008724056
-0.0030253935
0.0026262025
-0.0026262025
0.011350259
0.0026262025
0.0047464804
-0.0060978536
0.0
0.0
-0.0008454484
-0.008724056
0.005252405
0.0064589656
0.0041624326
0.0056986627
0.009253588
0.0026262025
0.01013184
-0.008724056
0.0026262025
0.005252405
0.0026262025
0.0033951069
-0.0045616236
0.0
0.0056986627
0.0005295314
-0.0026262025
0.0026262025
0.009414838
0.003471651
0.005252405
0.003471651
0.0070919017
0.0064589656
0.0015362301
-0.0030253935
0.005252405
0.007878608
0.003471651
0.0
0.0041624326
0.0060978536
-0.0060978536
0.011961273
0.007878608
0.0041624326
-0.008724056
0.0026262025
0.007372683
0.009718104
0.0026262025
0.012416477
0.010260287
0.012692149
0.0026262025
-0.0026262025
0.0076340837
-0.008724056
0.0064589656
0.007878608
0.010734506
0.012692149
0.006788635
0.0
0.008529716
-0.008724056
0.0015362301
-0.008724056
0.0060978536
0.0047464804
-0.0010899726
-0.008724056
-0.005252405
0.010260287
-0.0060978536
0.01050481
0.0026262025
0.0041624326
0.005252405
-0.0045616236
0.014587476
-0.00039919093
-0.0060978536
0.0060978536
0.008529716
0.0026262025
0.012758043
0.011350259
0.007372683
-0.008724056
0.003471651
0.008529716
-0.0060978536
0.005252405
-0.0008454484
0.01664973
0.02094243
-0.0045616236
0.007372683
0.011961273
0.007372683
-0.0045616236
-0.008724056
-0.007187826
-0.008724056
-0.008724056
0.012556819
0.0026262025
0.008108303
-0.007187826
0.0070919017
0.005252405
-0.00019434052
-0.0013513734
0.0026262025
-0.005252405
0.0056986627
0.0056986627
-0.0013513734
-0.0026262025
0.011155918
-0.0026262025
0.0047464804
0.0047464804
0.0041624326
0.014115943
0.013131013
-0.008724056
0.0
0.0041624326
0.0060978536
0.009718104
0.0041624326
-0.0045616236
0.005252405
0.0041624326
0.008908913
0.009861096
-0.008724056
-0.0045616236
0.014627569
0.008108303
0.0060978536
0.0070919017
-0.0026262025
0.005252405
0.005252405
0.0070919017
0.009861096
0.008529716
0.0
0.0064589656
0.015006767
0.009718104
0.0060978536
-0.0060978536
0.0041624326
0.007372683
-0.001935421
-0.0013513734
0.0060978536
-0.008724056
0.016433168
-0.008724056
0.012041041
0.0015362301
0.0047464804
0.0041624326
0.0076340837
-0.0026262025
0.012949116
-0.008724056
0.005252405
0.008908913
0.009253588
0.0026262025
-0.0008454484
0.005252405
0.0056986627
0.003471651
0.0041624326
0.01050481
0.0026262025
0.008724056
0.01368108
0.0041624326
0.008724056
0.0047464804
0.015449013
0.015384245
0.005252405
0.006788635
0.011961273
-0.0026262025
-0.0060978536
0.0026262025
0.0026262025
0.008908913
0.0015362301
-0.007187826
0.0047464804
0.005252405
0.008324865
0.0015362301
-0.001935421
-0.0060978536
-0.008724056
-0.0060978536
0.0026262025
0.0006907816
-0.001935421
-0.0006157533
0.01050481
0.0041624326
0.01013184
0.014706506
-0.001935421
0.0026262025
0.0015362301
0.014380385
0.005252405
-0.003471651
0.012195707
0.0064589656
0.0041624326
0.0041624326
-0.008724056
0.003968092
0.013189755
-0.0060978536
-0.001935421
0.0047464804
0.008324865
0.012556819
-0.008724056
0.003471651
0.0064589656
0.015351442
0.008108303
0.0076340837
-0.00019434052
-0.008724056
-0.007187826
0.008724056
-0.008724056
0.009569505
0.005252405
-0.0060978536
0.007372683
-0.0006157533
0.003471651
0.0041624326
0.008908913
0.0041624326
0.0025302784
0.006788635
-0.008724056
-0.0008454484
0.008724056
0.018308686
0.0026262025
-0.0008454484
0.003471651
0.0076340837
0.009998886
0.005252405
0.0026262025
0.0056986627
-0.008724056
0.0047464804
-0.007187826
0.005252405
0.003237217
0.0026262025
-0.00019434052
-0.0026262025
0.011155918
0.007878608
0.012692149
-0.00039919093
0.007372683
-0.003471651
0.010621399
0.0070919017
-0.007187826
0.008108303
-0.008724056
-0.001935421
-0.0008454484
-0.008724056
-0.008724056
0.009253588
0.0015362301
-0.0016321545
0.0009940482
-0.0030253935
0.0060978536
0.010260287
0.005252405
-0.0026262025
-0.00039919093
0.008724056
-0.0045616236
0.015512692
-0.00019434052
0.014161319
0.01050481
0.005252405
0.009085168
0.0
0.008108303
0.011879791
-0.001935421
0.0026262025
0.0026262025
0.009718104
-0.007187826
0.011961273
0.007878608
0.0056986627
-0.0060978536
0.01050481
-0.0060978536
0.0026262025
0.005252405
-0.0026262025
0.008324865
0.010260287
0.0
0.007878608
-0.0026262025
0.011711371
-0.008724056
0.008724056
-0.0060978536
0.01497051
-0.0045616236
0.005252405
0.015183022
-0.0060978536
-0.00039919093
0.011443814
0.002431862
-0.0045616236
0.0014077836
0.0
-0.003471651
0.01818596
0.005252405
-0.005252405
0.0041624326
0.009569505
0.008324865
-0.0026262025
0.005252405
0.0064589656
-0.007187826
0.010621399
-0.0045616236
0.008529716
0.0056986627
-0.008724056
0.0056986627
0.0060978536
-0.008724056
0.012949116
0.0026262025
0.011350259
-0.0022650906
0.0041624326
0.009998886
-0.0045616236
-0.0060978536
-0.00039919093
0.006788635
-0.008724056
-0.0060978536
-0.008724056
0.011155918
-0.00039919093
-0.00039919093
-0.00039919093
-0.008724056
-0.0008454484
0.0047464804
0.009414838
0.005252405
0.008724056
0.009861096
-0.003471651
0.009861096
0.0076340837
-0.0060978536
0.0047464804
0.009998886
-0.008724056
-0.0030253935
-0.00039919093
0.005252405
0.0056986627
0.008324865
0.0041624326
0.011796516
-0.0060978536
0.008724056
0.017944554
0.009718104
0.0026262025
-0.0016321545
-0.008724056
0.006788635
-0.008724056
0.008529716
-0.0008454484
0.009085168
-0.0026262025
-0.0016321545
0.0056986627
0.008908913
-0.008724056
0.0026262025
0.0
0.010734506
0.0064589656
-0.008724056
0.011624268
0.008108303
-0.001935421
0.0060978536
0.009998886
-0.0030253935
0.007372683
-0.0022650906
0.0015362301
0.006788635
-0.0045616236
-0.007187826
0.009861096
0.0026262025
-0.008724056
0.0
0.0060978536
0.007372683
0.0
0.008529716
0.011711371
0.0026262025
-0.0060978536
0.0026262025
0.007372683
0.003471651
-0.0060978536
-0.005252405
0.008908913
-0.00019434052
0.01050481
-0.008724056
0.0026262025
-0.008724056
0.009569505
0.01013184
-0.00019434052
0.005252405
0.0015362301
-0.00019434052
0.006788635
-0.0026262025
0.015606247
0.007878608
-0.008724056
-0.008724056
-0.0013513734
-0.0045616236
0.007372683
-0.0039775763
-0.008724056
0.003471651
0.0041624326
0.005252405
0.008324865
-0.008724056
0.006788635
0.009253588
0.014505993
-0.0006157533
0.0
0.0041624326
0.0076340837
-0.008724056
0.0
-0.001935421
0.0047464804
-0.0030253935
0.008108303
-0.00019434052
-0.0026262025
0.010260287
0.0041624326
0.003471651
-0.008724056
0.0060978536
0.005252405
0.0060978536
0.0047464804
-0.0030253935
0.011155918
-0.008724056
-0.001935421
0.0041624326
-0.0045616236
-0.0060978536
-0.0030253935
0.01013184
-0.0022650906
-0.008724056
0.013470537
-0.003471651
-0.0045616236
-0.001935421
0.008529716
0.003471651
0.0026262025
0.0060978536
0.01050481
-0.0022650906
0.0070919017
0.0047464804
0.011054877
0.024412572
0.003471651
-0.008724056
-0.008724056
0.010260287
-0.0060978536
0.0041624326
-0.0016321545
0.010260287
0.0060978536
-0.005252405
-0.00039919093
0.005252405
0.003471651
0.0047464804
0.008108303
-0.008724056
-0.008724056
0.0047464804
0.003471651
0.01357727
-0.001935421
0.0047464804
-0.0045616236
-0.0013513734
0.0
0.007372683
0.0008454484
-0.008724056
0.0060978536
0.01341602
-0.0013513734
0.012625088
0.003471651
0.011796516
0.011624268
0.006788635
0.007372683
-0.008724056
-0.0030253935
0.011624268
-0.008724056
0.0047464804
0.0076340837
0.014627569
0.0103845205
-0.00039919093
0.011711371
0.0060978536
0.010844334
0.005252405
-0.003471651
-0.00039919093
0.0064589656
0.0070919017
0.009414838
0.005252405
-0.0008454484
-0.0060978536
0.01050481
0.007372683
0.006788635
0.0070919017
0.0041624326
0.0047464804
0.012758043
0.010260287
0.0041624326
0.0056986627
-0.00039919093
-0.0060978536
-0.008724056
0.0
-0.0026262025
0.0015362301
0.005252405
0.010260287
0.009253588
-0.0060978536
-0.0045616236
-0.0060978536
0.008529716
0.01352428
-0.008724056
0.0015362301
-0.008724056
0.008108303
-0.0010899726
0.009253588
0.0047464804
0.0015362301
0.0076340837
0.0056986627
0.014745366
-0.0008454484
0.0
-0.005252405
0.0041624326
-0.0022650906
-0.003471651
-0.0022650906
0.0056986627
-0.0060978536
0.0026262025
0.0060978536
0.0060978536
-0.0045616236
-0.008724056
0.011711371
0.0060978536
-0.00039919093
-0.005252405
0.0047464804
-0.005252405
0.0060978536
0.0060978536
0.011443814
0.010621399
0.008529716
-0.008724056
0.0076340837
-0.008724056
0.0056986627
0.0056986627
-0.008724056
-0.0006157533
-0.00039919093
0.016985243
-0.00039919093
0.007878608
0.006788635
0.0026262025
0.006788635
0.0041624326
-0.005252405
-0.005252405
0.009861096
0.0026262025
0.0026262025
-0.008724056
0.005252405
-0.008724056
-0.008724056
0.0015362301
0.0060978536
0.0026262025
-0.008724056
0.010951068
-0.0013513734
0.008324865
0.009569505
0.005252405
0.0047464804
0.008908913
0.0064589656
-0.0026262025
-0.0013513734
0.0012748293
-0.008724056
0.0047464804
-0.007187826
0.012195707
0.0064589656
-0.0016321545
0.0060978536
-0.008724056
-0.003471651
0.0064589656
0.010951068
0.011155918
0.005252405
-0.008724056
-0.0060978536
-0.0026262025
0.0025302784
0.008529716
0.0026262025
-0.008724056
0.003471651
0.009085168
0.008529716
0.0076340837
-0.0026262025
0.007878608
0.017826408
0.010621399
-0.008724056
-0.003471651
-0.001935421
0.011624268
0.0028110594
0.009718104
0.013470537
0.009085168
0.006788635
0.0041624326
0.013831649
-0.0013513734
-0.005252405
-0.008724056
0.013247601
0.008724056
-0.008724056
0.007878608
0.008108303
-0.0045616236
0.005252405
-0.00039919093
-0.001935421
0.003471651
0.0026262025
0.005252405
0.0
0.0011370392
0.008324865
0.003471651
0.0056986627
-0.0045616236
0.007878608
0.007878608
0.011711371
-0.0008454484
-0.0060978536
0.010734506
-0.0013513734
-0.0026262025
0.005252405
0.011443814
0.0041624326
-0.0008454484
0.0070919017
-0.003471651
0.009569505
0.008908913
-0.0039775763
-0.0060978536
0.0060978536
-0.0008454484
0.0026262025
0.0103845205
0.008324865
-0.008724056
-0.0008454484
0.008908913
-0.008724056
0.016457852
0.0026262025
-0.0008454484
0.014070017
-0.00019434052
0.0041624326
0.0015362301
0.01050481
0.0041624326
-0.0045616236
0.010260287
0.009861096
0.008529716
-0.00039919093
-0.0008454484
0.0
0.0060978536
0.010951068
-0.008724056
0.0064589656
-0.0060978536
0.0
0.0
0.008324865
-0.008724056
0.0026262025
-0.007187826
0.009998886
0.0060978536
0.0026262025
-0.00019434052
0.005252405
0.006788635
0.0060978536
0.005252405
-0.008724056
0.0014077836
0.0056986627
0.0041624326
0.013360708
0.003471651
0.017722122
-0.007187826
-0.008724056
0.0
0.0026262025
-0.005252405
-0.008724056
0.007878608
-0.008724056
-0.0026262025
0.007372683
0.009085168
0.0056986627
0.011624268
0.012195707
-0.0010899726
0.008324865
0.0056986627
0.003471651
0.0060978536
0.006788635
0.014627569
0.003471651
0.005252405
0.0041624326
0.00036111212
0.011443814
0.005252405
0.013928803
0.0015362301
0.005252405
0.003471651
-0.003471651
0.0076340837
-0.0026262025
-0.0045616236
0.014422719
0.010260287
-0.0008454484
-0.008724056
0.015006767
0.0056986627
0.008724056
0.009085168
-0.008724056
-0.007187826
0.0047464804
0.009085168
0.0026262025
0.0064589656
0.010844334
0.0056986627
-0.0006157533
0.0041624326
0.003471651
0.008724056
0.0070919017
-0.0060978536
0.014294272
-0.0008454484
0.0076340837
-0.0022650906
0.0015362301
0.010734506
0.0026262025
0.005252405
0.01715273
-0.00039919093
0.010734506
0.012344307
0.011254335
-0.008724056
-0.0026262025
0.0060978536
0.0076340837
0.013731938
0.008529716
-0.008724056
-0.008724056
-0.008724056
0.013470537
0.013131013
-0.0022650906
0.0026262025
0.0
0.005252405
0.0076340837
0.008908913
0.006788635
0.0103845205
0.0041624326
0.0064589656
0.0056986627
0.007372683
0.0020104493
-0.0045616236
0.008908913
0.0
-0.008724056
0.0015362301
0.0009940482
0.0076340837
0.0033951069
-0.0013513734
0.0015362301
-0.0060978536
-0.008724056
0.003471651
0.0026262025
0.009718104
0.0047464804
0.0056986627
-0.008724056
0.013304577
0.0015362301
0.014505993
0.005252405
-0.005252405
0.012886489
-0.008724056
0.0026262025
-0.0026262025
-0.008724056
0.005252405
0.0026262025
0.0026262025
-0.008724056
0.01352428
-0.0022650906
0.010621399
0.007878608
0.0026262025
0.0060978536
0.008529716
-0.0060978536
-0.0013513734
0.0056986627
0.008529716
-0.005252405
-0.0022650906
0.007372683
0.0041624326
0.008324865
-0.001935421
0.0015362301
-0.001935421
-0.003471651
-0.008724056
0.0026262025
0.002431862
0.007372683
-0.008724056
0.0
0.0070919017
-0.0045616236
-0.008724056
0.0076340837
-0.0039775763
0.0
0.0026262025
-0.008724056
-0.0016321545
0.002431862
-0.0006157533
0.0026262025
-0.001935421
0.0041624326
-0.008724056
0.0047464804
0.005252405
-0.0060978536
0.0
-0.0060978536
0.013629531
0.0
0.0
0.0026262025
0.007372683
-0.0030253935
0.003471651
-0.008724056
0.005252405
0.008324865
0.005252405
-0.0045616236
-0.0030253935
-0.008724056
0.009861096
-0.007187826
-0.001935421
0.0047464804
-0.0039775763
0.0
0.0070919017
0.0
0.012487298
0.012692149
0.0060978536
-0.003471651
-0.003471651
-0.003471651
0.0064589656
-0.0022650906
0.0060978536
-0.008724056
0.0060978536
-0.0045616236
0.0
0.0041624326
0.005252405
0.006788635
0.009998886
-0.0008454484
-0.008724056
-0.0030253935
0.0041624326
0.005252405
0.009861096
0.005252405
0.0026262025
0.011254335
0.0064589656
0.0064589656
0.008908913
0.0070919017
-0.0060978536
0.0
-0.003471651
0.009861096
0.008324865
-0.008724056
-0.0022650906
0.0060978536
0.008324865
0.006788635
-0.0045616236
0.0047464804
0.0026262025
-0.0060978536
0.0026262025
0.0070919017
0.009569505
0.0041624326
0.0014077836
0.008529716
0.012487298
0.008529716
0.0
-0.0060978536
0.0026262025
-0.0060978536
0.0015362301
-0.008724056
-0.008724056
-0.008724056
-0.0045616236
-0.008724056
0.0047464804
-0.0026262025
0.015183022
-0.008724056
0.012692149
-0.008724056
-0.008724056
0.003471651
0.008724056
0.0056986627
-0.007187826
0.0041624326
-0.001935421
-0.0008454484
-0.0045616236
0.0060978536
-0.008724056
-0.007187826
-0.0060978536
-0.001935421
0.011054877
0.006788635
0.006788635
0.0060978536
0.008324865
0.017467009
-0.0022650906
-0.008724056
0.011054877
0.011350259
0.005252405
0.0056986627
0.007372683
-0.0013513734
0.0041624326
0.0060978536
0.0026262025
0.006788635
0.009085168
0.008108303
0.009085168
0.0026262025
-0.0060978536
0.008324865
0.009253588
0.009253588
0.009085168
0.010844334
0.0056986627
-0.001935421
0.0064589656
-0.007187826
0.012556819
0.0060978536
-0.0060978536
0.0
0.01050481
0.0026262025
-0.008724056
0.011155918
0.007372683
0.008724056
0.0
0.007878608
-0.003471651
-0.007187826
0.009718104
0.0060978536
0.0026262025
-0.0008454484
-0.008724056
0.009253588
-0.008724056
-0.003471651
0.0070919017
-0.008724056
-0.003471651
0.0060978536
0.009569505
0.008108303
-0.0060978536
-0.0022650906
-0.007187826
0.0064589656
-0.0045616236
-0.0060978536
-0.008724056
0.0070919017
-0.008724056
-0.003471651
0.0056986627
0.0015362301
0.0026262025
0.009085168
-0.00039919093
0.009414838
-0.0026262025
0.008108303
-0.008724056
0.01368108
0.008108303
-0.001935421
-0.0060978536
0.01609674
-0.001935421
0.011155918
0.0026262025
0.0047464804
0.0056986627
-0.0060978536
0.0060978536
-0.0039775763
0.005252405
-0.003471651
-0.0016321545
0.010734506
0.01050481
-0.007187826
0.012119163
0.0047464804
0.0026262025
0.008908913
0.011624268
0.0047464804
0.009253588
0.0076340837
-0.001935421
0.013131013
-0.008724056
0.011961273
0.006788635
0.0026262025
0.0056986627
0.008108303
0.011054877
0.014023528
0.0
-0.008724056
0.009718104
0.0026262025
0.012119163
0.016177071
-0.0060978536
-0.003471651
0.0064589656
-0.008724056
-0.007187826
0.010844334
-0.0060978536
0.008529716
0.0060978536
0.014464585
0.0076340837
0.009998886
0.0015362301
-0.008724056
0.025730645
0.005252405
-0.003471651
0.008724056
0.0060978536
-0.008724056
0.010951068
0.0
0.0056986627
0.01985998
-0.0045616236
0.0041624326
0.0033951069
0.008529716
-0.008724056
-0.008724056
-0.0060978536
0.005252405
-0.0010899726
-0.0060978536
0.0070919017
0.003471651
0.003471651
0.009253588
0.0041624326
0.006788635
0.012487298
0.012195707
-0.001935421
0.012886489
0.01504268
-0.007187826
0.009253588
0.0047464804
0.0076340837
0.011535116
0.0056986627
0.0
0.011155918
-0.001935421
0.0033169843
0.009414838
0.012270736
0.017560106
-0.001935421
-0.008724056
0.007878608
0.0070919017
-0.0013513734
0.0009940482
0.0041624326
0.008108303
0.009861096
0.006788635
0.0041624326
-0.007187826
-0.0060978536
-0.0006157533
-0.008724056
0.005252405
0.009253588
-0.0060978536
0.015575318
0.011254335
0.006788635
0.005252405
-0.0045616236
-0.0060978536
0.005252405
-0.0026262025
-0.005252405
0.0033951069
0.005252405
-0.0045616236
0.0
0.0041624326
-0.0006157533
-0.005252405
-0.008724056
0.003471651
0.0
0.007372683
0.009414838
0.0020104493
0.003968092
0.0041624326
0.007878608
-0.003471651
0.0041624326
0.008724056
-0.00039919093
0.005252405
0.015873805
-0.0039775763
0.0
-0.008724056
-0.008724056
0.007372683
-0.0045616236
-0.007187826
-0.0008454484
0.012119163
0.0060978536
0.012487298
0.010844334
0.0026262025
0.007372683
0.0026262025
0.003471651
-0.0026262025
0.0
0.009998886
-0.0045616236
0.003471651
0.007372683
0.012041041
0.008908913
-0.008724056
-0.008724056
-0.008724056
0.0026262025
-0.0060978536
0.009414838
0.013131013
-0.008724056
0.003471651
-0.0008454484
0.005252405
0.0064589656
0.0060978536
0.020957464
0.014745366
-0.008724056
0.007372683
0.0
0.013470537
-0.0060978536
-0.008724056
0.008529716
0.012886489
-0.0060978536
0.005252405
0.009085168
0.009253588
-0.0060978536
-0.0008454484
-0.0026262025
0.0047464804
0.008908913
0.013629531
-0.001935421
-0.0060978536
-0.008724056
0.015844991
0.014115943
0.0
-0.007187826
0.0026262025
-0.0016321545
-0.007187826
0.006788635
0.0076340837
0.009414838
0.006788635
-0.008724056
0.012886489
-0.003471651
0.005252405
-0.003471651
-0.008724056
0.0076340837
0.011254335
-0.0013513734
0.0041624326
0.0008454484
0.0026262025
-0.008724056
0.008529716
-0.005252405
0.0064589656
0.0015362301
0.0060978536
-0.0045616236
0.011054877
0.006788635
0.0056986627
0.005252405
0.0026262025
0.009718104
-0.008724056
0.008529716
-0.008724056
-0.0060978536
0.012041041
0.018695781
0.0056986627
0.0
0.017332708
0.0056986627
0.009085168
-0.008724056
0.01013184
0.0026262025
0.0064589656
0.004033986
0.009085168
0.008724056
0.0071209352
0.0060978536
0.0070919017
0.0041624326
-0.0016321545
-0.0013513734
0.0026262025
0.01368108
0.009998886
-0.001935421
0.008324865
0.0033951069
0.0041624326
0.0026262025
0.009414838
0.017111547
0.0076340837
0.0026262025
0.006788635
0.005252405
0.01013184
0.012758043
0.0041624326
-0.0016321545
0.009253588
0.0041624326
0.0015362301
0.009718104
0.009085168
-0.0030253935
-0.0045616236
0.008908913
0.010621399
-0.0026262025
0.006788635
0.011711371
0.0011370392
0.0026262025
0.009253588
-0.0022650906
0.0026262025
-0.0045616236
0.011443814
0.009861096
0.010951068
0.0041624326
0.0026262025
0.003471651
0.0060978536
0.0041624326
0.015351442
0.005252405
-0.001935421
0.007372683
-0.0013513734
0.009861096
0.0041624326
0.007878608
-0.0022650906
0.0041624326
-0.0045616236
0.0060978536
-0.0008454484
0.011624268
0.005252405
0.011879791
-0.003471651
0.0026262025
0.012344307
0.006788635
0.008529716
0.0060978536
0.009569505
0.013131013
-0.0010899726
0.005252405
-0.0030253935
-0.003471651
0.014667244
0.015480986
0.005252405
0.0103845205
0.013071346
0.012949116
0.0076340837
0.0041624326
-0.008724056
-0.008724056
0.0041624326
-0.007187826
0.015006767
-0.0060978536
0.0041624326
0.005252405
0.008529716
0.0026262025
-0.0008454484
0.009253588
0.009085168
0.007372683
0.014161319
-0.0013513734
0.011535116
0.0060978536
0.006788635
-0.008724056
0.0056986627
0.003471651
0.0047464804
0.01050481
0.008724056
0.010734506
0.010734506
0.0064589656
-0.0026262025
0.0064589656
0.0064589656
0.013131013
-0.0045616236
-0.00039919093
0.008324865
0.007372683
0.0026262025
0.013976461
0.0076340837
0.0047464804
0.012822811
0.0
0.0
0.007878608
-0.0060978536
-0.008724056
0.011155918
-0.00019434052
-0.00019434052
0.0070919017
0.003471651
0.0047464804
0.0015362301
0.007372683
0.0047464804
0.0041624326
-0.008724056
-0.008724056
0.0041624326
-0.008724056
0.0076340837
0.011711371
-0.001935421
-0.008724056
0.003471651
0.0
-0.001935421
0.0064589656
0.014933903
0.003471651
-0.0008454484
0.008529716
-0.008724056
0.01357727
0.007878608
0.005252405
0.01357727
-0.00039919093
-0.008724056
0.01485961
-0.008724056
0.008724056
-0.0060978536
0.005252405
-0.0060978536
0.0047464804
-0.008724056
0.010734506
-0.008724056
-0.008724056
-0.00039919093
-0.0026262025
-0.008724056
0.0041624326
0.008724056
0.008529716
-0.0045616236
0.0014077836
0.009414838
0.005252405
0.0047464804
0.011350259
0.008908913
0.0026262025
0.009085168
-0.008724056
-0.0045616236
-0.008724056
-0.008724056
-0.001935421
-0.008724056
0.0026262025
-0.008724056
0.009569505
0.009414838
-0.0045616236
0.0076340837
0.006788635
0.0
-0.008724056
0.006788635
-0.0045616236
-0.003471651
-0.0010899726
0.0070919017
0.0015362301
0.0
-0.0016321545
0.009414838
0.0026262025
0.0041624326
-0.0022650906
0.0026262025
-0.008724056
0.0026262025
-0.0060978536
0.014070017
0.0076340837
-0.0060978536
0.0047464804
0.0076340837
0.0012748293
0.012556819
0.008908913
0.005252405
-0.008724056
0.0056986627
-0.008724056
0.012625088
0.01050481
0.0064589656
0.00036111212
0.0041624326
0.0026262025
0.007878608
-0.008724056
0.0026262025
-0.0008454484
-0.008724056
0.0056986627
0.01482191
0.0041624326
0.009085168
0.0
-0.0016321545
0.0064589656
-0.001935421
0.003471651
0.013071346
-0.0060978536
0.008324865
0.0060978536
-0.008724056
0.0060978536
0.021239316
0.010260287
0.0026262025
0.007878608
-0.0006157533
0.0076340837
0.017596712
-0.008724056
0.0056986627
0.0056986627
0.007372683
-0.008724056
0.008908913
0.009253588
0.007878608
0.008108303
0.0026262025
0.009085168
-0.001935421
0.008908913
0.0076340837
0.009998886
0.0026262025
0.016764902
0.0076340837
0.0041624326
0.009414838
-0.008724056
-0.008724056
-0.003471651
0.018907798
-0.0060978536
0.0
0.008529716
0.008724056
0.011443814
0.008324865
0.0060978536
0.011711371
0.009253588
-0.005252405
0.012556819
-0.008724056
-0.0060978536
0.009085168
0.0060978536
0.011350259
-0.008724056
0.012416477
0.008108303
0.008724056
0.0070919017
0.0
-0.008724056
0.0041624326
-0.0045616236
-0.00039919093
-0.0045616236
-0.0013513734
0.009414838
-0.008724056
0.0076340837
0.009861096
0.012556819
0.0
-0.008724056
0.0041624326
0.009718104
-0.008724056
0.007878608
-0.0045616236
0.010951068
0.0047464804
-0.0045616236
0.0070919017
0.005252405
0.0076340837
0.008108303
-0.008724056
0.008324865
-0.0030253935
0.00018485665
0.003471651
0.0064589656
0.011155918
-0.003471651
0.0015362301
-0.0013513734
0.0041624326
0.0015362301
0.0026262025
-0.007187826
0.007372683
0.012822811
0.005252405
0.01352428
0.003471651
0.0026262025
0.011443814
0.0047464804
-0.0045616236
0.0060978536
0.007372683
0.006788635
0.0
0.0047464804
0.004465699
0.005252405
0.003471651
-0.0060978536
0.0056986627
0.003471651
0.005252405
0.011350259
0.0026262025
-0.008724056
0.009861096
-0.0026262025
0.0015362301
-0.0060978536
0.0
0.008324865
0.014422719
0.0015362301
-0.0006157533
-0.0026262025
0.0064589656
0.012822811
-0.008724056
0.0
0.011443814
0.0026262025
0.003471651
0.0041624326
-0.0045616236
0.0047464804
0.0064589656
0.009861096
0.007878608
0.0041624326
-0.0039775763
0.007372683
-0.008724056
0.0047464804
0.011443814
-0.008724056
0.0015362301
0.005252405
0.009253588
0.016123706
0.012556819
-0.0030253935
0.008908913
-0.008724056
0.0041624326
0.006788635
0.0047464804
0.009861096
0.010260287
-0.0013513734
0.0041624326
0.0047464804
-0.0016321545
0.0015362301
0.003471651
-0.0016321545
0.009861096
0.005252405
-0.008724056
-0.0010899726
0.006788635
-0.0045616236
0.013928803
0.0056986627
-0.005252405
-0.008724056
0.0026262025
0.0060978536
-0.003471651
0.0041624326
0.0070919017
-0.0008454484
-0.008724056
-0.0060978536
0.0041624326
-0.0060978536
-0.008724056
-0.007187826
-0.0026262025
0.0
0.0015362301
0.005252405
-0.008724056
0.005252405
-0.008724056
0.0070919017
-0.0060978536
-0.005252405
-0.0022650906
0.005252405
-0.008724056
-0.0045616236
0.016578909
0.008529716
0.008908913
0.012487298
-0.0010899726
0.011535116
0.008324865
-0.003471651
0.009085168
-0.0060978536
-0.008724056
0.0047464804
-0.0013513734
-0.0045616236
-0.0039775763
0.008908913
-0.007187826
0.0056986627
0.009085168
0.017111547
0.014627569
0.008108303
0.0
0.012886489
-0.007187826
0.009085168
0.005252405
-0.0045616236
0.012344307
0.006788635
0.0026262025
0.006788635
0.0041624326
0.0041624326
0.0070919017
0.0026262025
-0.007187826
-0.008724056
0.011711371
0.007878608
0.0026262025
-0.0010899726
-0.001935421
-0.003471651
0.013470537
0.014546953
0.0041624326
-0.001935421
0.010951068
-0.008724056
0.0012748293
0.0041624326
0.010621399
-0.0060978536
0.0070919017
0.003471651
-0.0045616236
0.0060978536
0.0060978536
0.005252405
0.0026262025
0.0064589656
0.003471651
0.010734506
0.006788635
-0.0030253935
-0.008724056
-0.008724056
-0.0026262025
0.01013184
-0.001935421
0.0047464804
0.0070919017
0.0026262025
0.005252405
-0.003471651
0.008529716
0.012822811
-0.008724056
-0.008724056
0.008908913
0.007372683
-0.008724056
-0.008724056
-0.0013513734
-0.008724056
0.0041624326
-0.0045616236
-0.003471651
0.008724056
0.010260287
-0.008724056
0.007372683
0.012270736
0.0026262025
0.0060978536
0.009569505
0.007372683
0.009085168
0.006788635
0.011443814
0.007878608
0.0041624326
-0.0060978536
-0.0006157533
0.0026262025
-0.008724056
0.01826313
-0.0060978536
0.0070919017
0.0
0.008724056
0.0
0.008324865
0.013360708
0.016255734
0.0
0.01368108
-0.0045616236
0.007372683
0.014505993
0.009861096
0.0015362301
-0.0013513734
0.0041624326
0.0041624326
0.0026262025
0.005252405
0.003471651
-0.008724056
-0.005252405
0.0047464804
-0.008724056
0.013247601
-0.008724056
-0.0022650906
0.011350259
0.0060978536
0.005252405
0.0041624326
0.010734506
0.0056986627
0.0060978536
0.0070919017
0.007878608
-0.008724056
0.012556819
-0.0013513734
0.012344307
-0.0039775763
0.0
0.0041624326
0.0047464804
0.008324865
0.008324865
-0.0045616236
-0.0039775763
0.009998886
0.009718104
0.0041624326
-0.008724056
0.0026262025
0.008108303
0.008324865
-0.0039775763
0.005252405
-0.008724056
-0.0060978536
0.008724056
0.014380385
0.007372683
0.0056986627
-0.008724056
0.0070919017
0.007372683
-0.0060978536
0.0076340837
-0.008724056
0.0064589656
-0.008724056
-0.008724056
0.0012748293
0.008724056
0.011350259
0.008324865
0.0
0.0056986627
0.0041624326
0.0103845205
0.003471651
-0.0045616236
0.007372683
0.008724056
0.011443814
0.008324865
-0.008724056
-0.008724056
0.01341602
0.005252405
-0.007187826
-0.008724056
0.0064589656
0.003471651
0.006788635
0.0026262025
0.009718104
-0.008724056
-0.001935421
-0.0060978536
0.011350259
-0.0008454484
-0.0060978536
-0.008724056
0.0041624326
0.005252405
0.011879791
0.009253588
-0.007187826
-0.0030253935
0.0015362301
-0.008724056
0.00018485665
-0.005252405
0.008324865
0.012344307
0.0060978536
0.006788635
-0.0039775763
0.008108303
-0.008724056
0.0056986627
-0.001935421
0.0041624326
0.012822811
0.009998886
0.005252405
0.006788635
-0.008724056
0.0026262025
0.006788635
-0.008724056
0.0076340837
0.0026262025
0.0026262025
0.005252405
0.007878608
0.0060978536
0.010844334
0.0041624326
0.011535116
0.017173156
0.0070919017
0.012822811
0.011796516
0.0041624326
-0.001935421
0.0070919017
-0.001935421
0.0
0.0
-0.003471651
0.0056986627
0.006788635
0.005252405
-0.0039775763
-0.008724056
-0.008724056
0.0056986627
0.010260287
0.005252405
-0.0030253935
-0.008724056
-0.0060978536
0.0015362301
0.007372683
0.008529716
-0.005252405
0.009085168
0.0056986627
-0.0045616236
-0.00019434052
-0.008724056
0.008529716
0.005252405
0.009253588
-0.008724056
0.0
-0.008724056
0.007372683
0.0070919017
-0.0060978536
-0.0060978536
-0.003471651
0.0026262025
0.0015362301
0.012822811
0.005252405
-0.008724056
0.008529716
-0.003471651
0.008108303
0.00036111212
-0.008724056
0.0103845205
0.005252405
0.0
0.0060978536
0.0015362301
0.010260287
0.008324865
0.0070919017
-0.003471651
-0.003471651
-0.0045616236
0.0
0.01050481
-0.0026262025
0.007878608
-0.0045616236
0.0015362301
-0.003471651
0.008324865
0.008324865
-0.008724056
0.0
-0.005252405
0.0076340837
0.0026262025
-0.0045616236
-0.0045616236
-0.008724056
-0.008724056
0.0015362301
0.0026262025
0.007372683
0.007878608
0.007372683
-0.0045616236
-0.0013513734
-0.0039775763
0.0060978536
-0.008724056
0.0
-0.0022650906
0.009998886
-0.0060978536
0.008324865
0.0076340837
0.0060978536
0.0014077836
-0.003471651
-0.0010899726
0.012119163
0.008724056
0.0
-0.008724056
0.01013184
0.009414838
-0.008724056
0.008908913
-0.0045616236
-0.003471651
0.0015362301
-0.001935421
0.012270736
0.009998886
0.009414838
-0.00019434052
-0.0039775763
-0.0060978536
0.0103845205
0.0070919017
0.0076340837
0.009718104
0.0015362301
0.0026262025
0.010951068
0.00018485665
0.010260287
0.006788635
0.0056986627
-0.0060978536
0.009253588
0.007878608
0.007878608
-0.0026262025
0.015318351
0.0
-0.0045616236
0.0056986627
-0.005252405
-0.007187826
0.012119163
0.003471651
-0.00019434052
-0.008724056
0.005252405
0.013189755
0.009569505
-0.0039775763
-0.008724056
0.0076340837
-0.008724056
0.014380385
0.009998886
-0.001935421
-0.0030253935
0.011155918
-0.008724056
-0.0060978536
-0.008724056
0.0015362301
-0.0060978536
0.0041624326
0.0015362301
0.007372683
0.011443814
-0.003471651
0.010260287
-0.008724056
0.0
-0.008724056
0.012625088
-0.0045616236
0.00036111212
0.0015362301
-0.0060978536
0.009718104
0.010260287
0.007878608
0.008724056
0.0
0.008324865
0.012344307
-0.0045616236
0.0026262025
0.0041624326
