[19.181887]
[19.181732]
[19.181719]
[19.181602]
[19.18194]
[19.181797]
[19.181812]
[19.181734]
[19.181839]
[19.181702]
[19.181763]
[19.18174]
[19.181726]
[19.181805]
[19.181831]
[19.18173]
[19.181805]
[19.181725]
[19.181725]
[19.181719]
[19.181705]
[19.181915]
[19.181725]
[19.181747]
[19.181692]
[19.181688]
[19.181711]
[19.181812]
[19.181862]
[19.181793]
[19.181824]
[19.181927]
[19.181696]
[19.1817]
[19.18173]
[19.181858]
[19.181911]
[19.181847]
[19.181911]
[19.181934]
[19.181751]
[19.181715]
[19.18193]
[19.181717]
[19.181791]
[19.18183]
[19.181747]
[19.181715]
[19.181795]
[19.181734]
[19.181725]
[19.181826]
[19.181885]
[19.181717]
[19.181837]
[19.181877]
[19.181713]
[19.181725]
[19.181917]
[19.181734]
[19.181728]
[19.181896]
[19.181927]
[19.181255]
[19.181828]
[19.181877]
[19.18192]
[19.181889]
[19.181889]
[19.181444]
[19.181925]
[19.181791]
[19.181728]
[19.181738]
[19.181723]
[19.18162]
[19.18194]
[19.18171]
[19.181927]
[19.18191]
[19.18174]
[19.181526]
[19.181723]
[19.181849]
[19.181581]
[19.181824]
[19.181936]
[19.18164]
[19.181713]
[19.181805]
[19.181728]
[19.181944]
[19.181808]
[19.181803]
[19.181683]
[19.181927]
[19.181889]
[19.181898]
[19.18191]
[19.18173]
[19.181746]
[19.18171]
[19.181747]
[19.181812]
[19.181725]
[19.181711]
[19.181723]
[19.181925]
[19.18192]
[19.181707]
[19.181786]
[19.181797]
[19.181866]
[19.18172]
[19.181711]
[19.181753]
[19.181808]
[19.181736]
[19.18172]
[19.181732]
[19.181932]
[19.181725]
[19.181726]
[19.181612]
[19.18188]
[19.181778]
[19.181925]
[19.181885]
[19.181723]
[19.181713]
[19.181908]
[19.181805]
[19.181921]
[19.181808]
[19.181784]
[19.181946]
[19.181828]
[19.181923]
[19.181917]
[19.181812]
[19.181808]
[19.181898]
[19.181719]
[19.181728]
[19.181791]
[19.181915]
[19.181736]
[19.181711]
[19.18191]
[19.18174]
[19.181757]
[19.181782]
[19.181915]
[19.181917]
[19.181747]
[19.181803]
[19.181799]
[19.181728]
[19.180782]
[19.181673]
[19.181808]
[19.181698]
[19.181728]
[19.18172]
[19.181702]
[19.181723]
[19.18174]
[19.181713]
[19.181723]
[19.181871]
[19.18172]
[19.18172]
[19.181818]
[19.181946]
[19.181734]
[19.181732]
[19.18173]
[19.181732]
[19.18171]
[19.181776]
[19.181923]
[19.181732]
[19.181475]
[19.181753]
[19.181698]
[19.181719]
[19.18189]
[19.181715]
[19.181921]
[19.181728]
[19.18171]
[19.1817]
[19.18173]
[19.181717]
[19.181826]
[19.181812]
[19.181906]
[19.181723]
[19.181868]
[19.181793]
[19.181929]
[19.181725]
[19.18168]
[19.181831]
[19.181814]
[19.181738]
[19.181925]
[19.181723]
[19.181938]
[19.181437]
[19.181793]
[19.181917]
[19.181938]
[19.181932]
[19.181723]
[19.181702]
[19.181719]
[19.181726]
[19.181885]
[19.181915]
[19.181822]
[19.181719]
[19.18191]
[19.181883]
[19.181723]
[19.181696]
[19.181889]
[19.181824]
[19.181915]
[19.18177]
[19.181938]
[19.181728]
[19.181797]
[19.181736]
[19.18193]
[19.181908]
[19.18173]
[19.181717]
[19.181808]
[19.181932]
[19.181953]
[19.181726]
[19.181934]
[19.181845]
[19.181938]
[19.18173]
[19.181812]
[19.181828]
[19.181812]
[19.18172]
[19.181942]
[19.181908]
[19.181725]
[19.181808]
[19.18182]
[19.181719]
[19.181734]
[19.181955]
[19.18172]
[19.181824]
[19.181921]
[19.181717]
[19.18182]
[19.181885]
[19.18171]
[19.181715]
[19.18174]
[19.181902]
[19.181871]
[19.181883]
[19.181774]
[19.181873]
[19.18173]
[19.181726]
[19.181736]
[19.181816]
[19.181751]
[19.18169]
[19.181902]
[19.181908]
[19.18173]
[19.181915]
[19.181929]
[19.181755]
[19.181723]
[19.181713]
[19.181812]
[19.181728]
[19.181734]
[19.181583]
[19.181908]
[19.1819]
[19.18194]
[19.181885]
[19.181942]
[19.18171]
[19.18193]
[19.181723]
[19.181896]
[19.181814]
[19.181887]
[19.181923]
[19.181725]
[19.18173]
[19.181717]
[19.181728]
[19.181814]
[19.18182]
[19.181797]
[19.181828]
[19.181726]
[19.181936]
[19.181904]
[19.181784]
[19.181896]
[19.181915]
[19.181883]
[19.181784]
[19.181786]
[19.181925]
[19.181726]
[19.18192]
[19.181808]
[19.181707]
[19.18172]
[19.181725]
[19.181767]
[19.1819]
[19.18181]
[19.181946]
[19.181707]
[19.181839]
[19.181896]
[19.18194]
[19.181734]
[19.181963]
[19.181717]
[19.181797]
[19.18187]
[19.181664]
[19.18178]
[19.181738]
[19.181784]
[19.181808]
[19.181719]
[19.181725]
[19.181725]
[19.18172]
[19.181915]
[19.181835]
[19.181786]
[19.181797]
[19.181797]
[19.181896]
[19.181719]
[19.181938]
[19.181713]
[19.181831]
[19.181725]
[19.18194]
[19.181717]
[19.181547]
[19.181774]
[19.18173]
[19.181887]
[19.181795]
[19.181591]
[19.18173]
[19.18184]
[19.181717]
[19.18176]
[19.181717]
[19.181725]
[19.181938]
[19.181925]
[19.181507]
[19.181732]
[19.181635]
[19.181747]
[19.181927]
[19.181812]
[19.18174]
[19.181816]
[19.181784]
[19.181847]
[19.18171]
[19.181736]
[19.181797]
[19.181725]
[19.18193]
[19.18173]
[19.181587]
[19.181831]
[19.181717]
[19.18174]
[19.18172]
[19.18172]
[19.18172]
[19.18171]
[19.181908]
[19.181694]
[19.18193]
[19.181704]
[19.181751]
[19.18177]
[19.181705]
[19.181927]
[19.1817]
[19.181717]
[19.181717]
[19.181726]
[19.181574]
[19.181763]
[19.18173]
[19.18174]
[19.181837]
[19.181728]
[19.181719]
[19.181906]
[19.181717]
[19.181906]
[19.18187]
[19.181879]
[19.181711]
[19.181808]
[19.181778]
[19.18172]
[19.181715]
[19.181652]
[19.18172]
[19.181728]
[19.181616]
[19.181526]
[19.181934]
[19.181713]
[19.181704]
[19.181812]
[19.18192]
[19.181824]
[19.181917]
[19.18193]
[19.181875]
[19.181555]
[19.18163]
[19.181913]
[19.181925]
[19.181892]
[19.181734]
[19.18173]
[19.181726]
[19.181715]
[19.181864]
[19.181736]
[19.181728]
[19.181704]
[19.1818]
[19.181782]
[19.18171]
[19.181772]
[19.181572]
[19.181606]
[19.181726]
[19.181795]
[19.18179]
[19.181734]
[19.181917]
[19.181717]
[19.181934]
[19.181875]
[19.181705]
[19.181726]
[19.181744]
[19.181826]
[19.18189]
[19.181871]
[19.181818]
[19.181808]
[19.181751]
[19.181925]
[19.181786]
[19.181679]
[19.181923]
[19.181839]
[19.18173]
[19.181807]
[19.18176]
[19.181824]
[19.181807]
[19.181824]
[19.181717]
[19.181551]
[19.181885]
[19.181732]
[19.18171]
[19.181923]
[19.18187]
[19.18171]
[19.181614]
[19.18173]
[19.18185]
[19.181822]
[19.18173]
[19.181728]
[19.18191]
[19.1818]
[19.181837]
[19.181938]
[19.181814]
[19.181904]
[19.18173]
[19.18172]
[19.181787]
[19.1817]
[19.18192]
[19.18174]
[19.181726]
[19.181952]
[19.181908]
[19.181744]
[19.181686]
[19.181776]
[19.181725]
[19.181894]
[19.181925]
[19.181898]
[19.18182]
[19.181808]
[19.181732]
[19.18163]
[19.1818]
[19.181728]
[19.181807]
[19.181728]
[19.181917]
[19.181934]
[19.181908]
[19.181664]
[19.18172]
[19.18173]
[19.181728]
[19.181675]
[19.181717]
[19.181496]
[19.181875]
[19.181711]
[19.181599]
[19.18172]
[19.181759]
[19.181715]
[19.181833]
[19.181673]
[19.181774]
[19.181732]
[19.181719]
[19.181923]
[19.181904]
[19.181925]
[19.181717]
[19.181898]
[19.181934]
[19.181715]
[19.181824]
[19.18191]
[19.18193]
[19.181757]
[19.181746]
[19.181911]
[19.181713]
[19.181734]
[19.181808]
[19.18173]
[19.181717]
[19.181894]
[19.181831]
[19.181856]
[19.181805]
[19.181705]
[19.181799]
[19.181849]
[19.181734]
[19.181784]
[19.18181]
[19.181734]
[19.181717]
[19.1819]
[19.181713]
[19.181757]
[19.181673]
[19.181652]
[19.181927]
[19.181711]
[19.181923]
[19.18187]
[19.1819]
[19.181885]
[19.181664]
[19.181904]
[19.181717]
[19.181938]
[19.18177]
[19.18169]
[19.181934]
[19.18172]
[19.18171]
[19.181896]
[19.181826]
[19.181717]
[19.18192]
[19.181719]
[19.181904]
[19.181831]
[19.181915]
[19.181751]
[19.181923]
[19.181835]
[19.181725]
[19.181646]
[19.181725]
[19.18173]
[19.181772]
[19.181734]
[19.181934]
[19.181606]
[19.18172]
[19.181927]
[19.181938]
[19.181715]
[19.181921]
[19.181723]
[19.181702]
[19.18172]
[19.181824]
[19.181751]
[19.181927]
[19.181816]
[19.181707]
[19.18183]
[19.181911]
[19.181879]
[19.181698]
[19.181759]
[19.181944]
[19.181807]
[19.181705]
[19.181728]
[19.181938]
[19.181822]
[19.181946]
[19.181889]
[19.181705]
[19.181828]
[19.181852]
[19.181768]
[19.18185]
[19.181763]
[19.18174]
[19.181738]
[19.181734]
[19.181707]
[19.181726]
[19.181843]
[19.181885]
[19.181746]
[19.181747]
[19.18172]
[19.181726]
[19.18173]
[19.181707]
[19.18194]
[19.18157]
[19.181875]
[19.181492]
[19.181831]
[19.181734]
[19.181816]
[19.181728]
[19.181595]
[19.181644]
[19.18185]
[19.181065]
[19.181791]
[19.181787]
[19.18171]
[19.181873]
[19.181812]
[19.181736]
[19.181608]
[19.181738]
[19.181725]
[19.181684]
[19.181812]
[19.181925]
[19.18192]
[19.181791]
[19.181929]
[19.181374]
[19.181707]
[19.18172]
[19.181808]
[19.18172]
[19.181702]
[19.181654]
[19.1818]
[19.18174]
[19.181704]
[19.181911]
[19.181768]
[19.181627]
[19.181725]
[19.181896]
[19.18171]
[19.181852]
[19.181715]
[19.181723]
[19.181774]
[19.181868]
[19.181715]
[19.181736]
[19.181911]
[19.181723]
[19.181942]
[19.181705]
[19.181738]
[19.181911]
[19.181938]
[19.181732]
[19.181917]
[19.181763]
[19.181799]
[19.181927]
[19.181505]
[19.181717]
[19.181784]
[19.181814]
[19.181892]
[19.18173]
[19.181732]
[19.181915]
[19.181898]
[19.181927]
[19.181726]
[19.181904]
[19.181896]
[19.181927]
[19.181858]
[19.181816]
[19.18182]
[19.181896]
[19.181519]
[19.181717]
[19.181814]
[19.181696]
[19.181713]
[19.181726]
[19.181725]
[19.181772]
[19.181826]
[19.18173]
[19.181738]
[19.18171]
[19.181795]
[19.181778]
[19.181725]
[19.181698]
[19.18191]
[19.181831]
[19.181915]
[19.181765]
[19.181736]
[19.18191]
[19.181885]
[19.181726]
[19.181717]
[19.181786]
[19.181705]
[19.181816]
[19.181725]
[19.181698]
[19.1819]
[19.181719]
[19.181715]
[19.18188]
[19.181902]
[19.181923]
[19.181744]
[19.18174]
[19.181808]
[19.181732]
[19.181726]
[19.1818]
[19.18171]
[19.181726]
[19.181725]
[19.18171]
[19.181757]
[19.181868]
[19.181713]
[19.181711]
[19.181715]
[19.181704]
[19.18172]
[19.181568]
[19.1819]
[19.181719]
[19.181713]
[19.181707]
[19.181732]
[19.181887]
[19.181948]
[19.181711]
[19.181726]
[19.181875]
[19.181751]
[19.181793]
[19.181835]
[19.18165]
[19.1819]
[19.181732]
[19.1817]
[19.181648]
[19.181711]
[19.181828]
[19.181803]
[19.181719]
[19.181734]
[19.181715]
[19.181879]
[19.181738]
[19.181833]
[19.181715]
[19.181906]
[19.181854]
[19.181677]
[19.181719]
[19.18182]
[19.181805]
[19.181934]
[19.18193]
[19.18164]
[19.18188]
[19.181812]
[19.181738]
[19.181746]
[19.181738]
[19.181805]
[19.18193]
[19.181917]
[19.181728]
[19.181818]
[19.181732]
[19.181728]
[19.181864]
[19.18192]
[19.181791]
[19.181713]
[19.181885]
[19.18182]
[19.181723]
[19.181896]
[19.181732]
[19.181915]
[19.181828]
[19.18195]
[19.181938]
[19.181732]
[19.18192]
[19.181725]
[19.181713]
[19.18174]
[19.181534]
[19.181725]
[19.181713]
[19.18193]
[19.181784]
[19.18172]
[19.181915]
[19.181717]
[19.18173]
[19.181719]
[19.18172]
[19.181828]
[19.181725]
[19.1817]
[19.181816]
[19.181746]
[19.181921]
[19.18188]
[19.181793]
[19.181776]
[19.181728]
[19.18172]
[19.18191]
[19.181725]
[19.181719]
[19.181778]
[19.181923]
[19.18175]
[19.181778]
[19.181763]
[19.181927]
[19.18188]
[19.181736]
[19.18188]
[19.181728]
[19.181694]
[19.181713]
[19.181793]
[19.181559]
[19.181717]
[19.18195]
[19.18152]
[19.181812]
[19.181704]
[19.181406]
[19.181787]
[19.181885]
[19.181728]
[19.181746]
[19.181551]
[19.18171]
[19.181732]
[19.181885]
[19.181812]
[19.181814]
[19.1819]
[19.181921]
[19.181953]
[19.181831]
[19.181742]
[19.181927]
[19.181711]
[19.181887]
[19.181892]
[19.181875]
[19.181723]
[19.181818]
[19.181734]
[19.181698]
[19.181713]
[19.181831]
[19.181791]
[19.181906]
[19.181887]
[19.181925]
[19.181831]
[19.181725]
[19.181711]
[19.181808]
[19.181553]
[19.181879]
[19.181654]
[19.181686]
[19.181707]
[19.181877]
[19.181717]
[19.181774]
[19.181896]
[19.18194]
[19.181742]
[19.181795]
[19.181707]
[19.181726]
[19.181932]
[19.181923]
[19.181828]
[19.181911]
[19.181828]
[19.181534]
[19.1819]
[19.181793]
[19.181847]
[19.181921]
[19.181705]
[19.181927]
[19.18174]
[19.181805]
[19.18172]
[19.18192]
[19.181725]
[19.181892]
[19.181864]
[19.181688]
[19.181555]
[19.181923]
[19.181723]
[19.181858]
[19.18171]
[19.181728]
[19.18106]
[19.181713]
[19.181904]
[19.181927]
[19.181837]
[19.181831]
[19.181713]
[19.18175]
[19.18164]
[19.181768]
[19.18173]
[19.181797]
[19.181723]
[19.181725]
[19.181807]
[19.18173]
[19.181915]
[19.181728]
[19.181732]
[19.181927]
[19.181725]
[19.181852]
[19.181929]
[19.181782]
[19.18179]
[19.181723]
[19.181787]
[19.181896]
[19.181715]
[19.181911]
[19.181906]
[19.181805]
[19.1818]
[19.181728]
[19.181915]
[19.181696]
[19.181637]
[19.18173]
[19.181791]
[19.181705]
[19.181782]
[19.181738]
[19.181734]
[19.181812]
[19.181831]
[19.181911]
[19.181913]
[19.181225]
[19.181723]
[19.181923]
[19.181728]
[19.181751]
[19.181873]
[19.181732]
[19.181723]
[19.181818]
[19.181734]
[19.181929]
[19.18176]
[19.181837]
[19.18193]
[19.181812]
[19.181728]
[19.181704]
[19.181726]
[19.18172]
[19.181736]
[19.181824]
[19.181736]
[19.18174]
[19.181911]
[19.181618]
[19.181711]
[19.181936]
[19.181587]
[19.18192]
[19.1818]
[19.181717]
[19.181839]
[19.181889]
[19.181723]
[19.181726]
[19.18176]
[19.181578]
[19.181917]
[19.181923]
[19.181698]
[19.181717]
[19.181807]
[19.181759]
[19.181673]
[19.181707]
[19.18189]
[19.181711]
[19.181787]
[19.181778]
[19.181883]
[19.181847]
[19.181705]
[19.181782]
[19.18171]
[19.18174]
[19.181728]
[19.181515]
[19.181753]
[19.18183]
[19.181734]
[19.18169]
[19.18172]
[19.18173]
[19.18172]
[19.181723]
[19.181906]
[19.18178]
[19.181734]
[19.181934]
[19.181797]
[19.181787]
[19.181808]
[19.181723]
[19.181711]
[19.181583]
[19.181915]
[19.181932]
[19.181734]
[19.181818]
[19.181715]
[19.18172]
[19.181908]
[19.18177]
[19.181711]
[19.18172]
[19.181814]
[19.18171]
[19.18185]
[19.18173]
[19.1818]
[19.18179]
[19.181831]
[19.181889]
[19.181824]
[19.181717]
[19.181921]
[19.181751]
[19.181746]
[19.181715]
[19.181738]
[19.181791]
[19.181713]
[19.181898]
[19.181725]
[19.181524]
[19.181723]
[19.181814]
[19.181732]
[19.181877]
[19.181705]
[19.181694]
[19.181816]
[19.181913]
[19.18191]
[19.181744]
[19.181824]
[19.18196]
[19.181751]
[19.181702]
[19.18171]
[19.181831]
[19.181843]
[19.181545]
[19.181726]
[19.181927]
[19.181772]
[19.181925]
[19.181746]
[19.181915]
[19.181835]
[19.181719]
[19.181883]
[19.181824]
[19.18179]
[19.181698]
[19.181726]
[19.181732]
[19.181911]
[19.181732]
[19.181835]
[19.18171]
[19.18191]
[19.18192]
[19.181866]
[19.181726]
[19.18175]
[19.181742]
[19.181463]
[19.181906]
[19.181793]
[19.181717]
[19.181711]
[19.181702]
[19.181732]
[19.181942]
[19.181938]
[19.18182]
[19.181726]
[19.181732]
[19.181723]
[19.181719]
[19.181902]
[19.18186]
[19.181522]
[19.181726]
[19.181717]
[19.18174]
[19.181911]
[19.181904]
[19.181828]
[19.181864]
[19.181725]
[19.181738]
[19.181725]
[19.181807]
[19.181726]
[19.181744]
[19.18171]
[19.181908]
[19.181816]
[19.181725]
[19.18191]
[19.181816]
[19.181742]
[19.18189]
[19.181763]
[19.181805]
[19.181805]
[19.181736]
[19.181799]
[19.181713]
[19.181892]
[19.181778]
[19.181828]
[19.18172]
[19.181862]
[19.18172]
[19.181925]
[19.181725]
[19.181923]
[19.181782]
[19.181732]
[19.181726]
[19.181728]
[19.181684]
[19.181723]
[19.18187]
[19.181732]
[19.181705]
[19.181698]
[19.181797]
[19.181877]
[19.18171]
[19.181808]
[19.181725]
[19.18177]
[19.18188]
[19.181751]
[19.181713]
[19.181717]
[19.181849]
[19.181772]
[19.181707]
[19.181837]
[19.18175]
[19.181812]
[19.181793]
[19.181911]
[19.181795]
[19.181929]
[19.181864]
[19.181713]
[19.181839]
[19.181938]
[19.181694]
[19.181314]
[19.181858]
[19.18194]
[19.181849]
[19.18182]
[19.18172]
[19.181705]
[19.181873]
[19.181808]
[19.18178]
[19.181728]
[19.18173]
[19.181469]
[19.181711]
[19.18193]
[19.181734]
[19.181746]
[19.181805]
[19.181889]
[19.181723]
[19.18173]
[19.181726]
[19.181791]
[19.181765]
[19.181719]
[19.18187]
[19.181784]
[19.18192]
[19.181656]
[19.181934]
[19.181757]
[19.181915]
[19.18185]
[19.181732]
[19.181908]
[19.181925]
[19.181828]
