[0.01185036]
[0.01232604]
[0.02643987]
[0.01521635]
[0.00898713]
[0.01811161]
[0.0173395]
[0.01037595]
[0.013754]
[0.00826121]
[0.0135707]
[0.00312516]
[0.01835853]
[0.01735835]
[0.00780862]
[0.00894983]
[0.01237463]
[0.00523527]
[0.0193523]
[0.01083233]
[0.01174128]
[0.01444741]
[0.01621133]
[0.00992471]
[0.01990554]
[0.01429475]
[0.01499404]
[0.01122914]
[0.00545397]
[0.01511046]
[0.01749802]
[0.01361631]
[0.01006434]
[0.01253669]
[0.01389175]
[0.01213629]
[0.00542697]
[0.01348102]
[0.0114772]
[0.01895224]
[0.00137494]
[-0.00278724]
[0.0249839]
[0.01598395]
[0.01443795]
[0.01097012]
[0.01048837]
[0.01486155]
[0.02132928]
[0.01479469]
[0.01678611]
[0.01463152]
[0.01242253]
[-0.0039983]
[0.00069746]
[0.00593231]
[-0.00036361]
[0.01477007]
[0.01501081]
[0.01492542]
[0.01656385]
[0.01380288]
[0.01145683]
[0.01320089]
[-0.01244946]
[0.02618659]
[0.00306243]
[0.00842048]
[0.01366667]
[0.01881118]
[0.02388112]
[0.01185658]
[0.01237259]
[0.00430239]
[0.01399985]
[0.00601894]
[0.02600535]
[0.01466833]
[0.0136841]
[0.01229052]
[0.00071923]
[0.02818845]
[0.01050263]
[-0.01857823]
[0.00685422]
[0.00735306]
[0.01618725]
[0.01089285]
[0.01688106]
[-0.00177731]
[0.01286185]
[0.01332291]
[0.00926433]
[0.00342252]
[0.01195923]
[0.00894939]
[0.00705148]
[0.01709776]
[0.01526993]
[0.01462229]
[0.01640334]
[0.00809648]
[0.01205377]
[-0.00705777]
[-0.00263579]
[0.01074868]
[-0.00032139]
[0.02067335]
[-9.731267e-05]
[0.01807785]
[0.00878852]
[0.00877812]
[-0.00317663]
[0.01858238]
[0.01723652]
[0.00113659]
[0.01590592]
[0.01529911]
[0.01108295]
[0.01146785]
[0.01577163]
[0.01656427]
[0.01051744]
[0.01323473]
[0.01446733]
[0.02823834]
[0.0187923]
[0.01192341]
[-0.00861357]
[0.00605737]
[0.01355196]
[0.01590753]
[0.00640272]
[0.01696752]
[0.01221318]
[0.01105159]
[0.01375537]
[0.01620676]
[0.01452607]
[-0.00773257]
[0.01937579]
[0.01111707]
[0.01605571]
[0.00558133]
[0.02685896]
[0.00814448]
[0.01078399]
[0.01741336]
[0.01403122]
[0.0145531]
[0.01658021]
[0.01738641]
[0.01304748]
[0.00387509]
[0.0144942]
[0.01210049]
[0.01605868]
[0.01247849]
[0.01508937]
[0.0225278]
[0.01163329]
[0.01538911]
[0.01805845]
[0.01056161]
[0.00999354]
[0.01110859]
[0.0206938]
[0.00502344]
[0.01060006]
[0.00763945]
[0.01374664]
[0.00473348]
[0.01455296]
[0.01591505]
[0.01085594]
[-0.00975025]
[0.01577427]
[0.00856941]
[0.01615179]
[0.01712154]
[-0.01021108]
[0.01263813]
[0.01492377]
[0.01181703]
[0.00454213]
[0.01586439]
[0.01788284]
[0.01684007]
[0.01716256]
[0.01620131]
[0.01387967]
[0.01378069]
[0.02237649]
[0.00825506]
[0.01854369]
[0.00563927]
[-0.00418709]
[0.01619628]
[0.02170809]
[0.01359019]
[0.01618309]
[0.00691362]
[-0.00480551]
[0.00712967]
[0.01350081]
[0.01343489]
[0.01252529]
[0.01219458]
[0.01382654]
[0.01353814]
[-0.01010992]
[0.01341367]
[0.00889561]
[0.01461598]
[0.01595942]
[0.01553269]
[0.01582573]
[0.01566157]
[0.01444315]
[0.00789397]
[0.01598222]
[0.01618054]
[0.02755396]
[0.00677591]
[0.01330811]
[0.02405973]
[0.01530266]
[0.00479607]
[0.00620887]
[0.0231367]
[0.01446788]
[0.01127529]
[0.01263995]
[0.01200654]
[0.01550662]
[0.01731871]
[0.0283294]
[0.01558303]
[0.01668751]
[0.01600046]
[0.01330837]
[0.00717879]
[0.01361262]
[0.01695633]
[0.01709181]
[0.01643602]
[0.00877678]
[0.01449337]
[0.01110111]
[0.01557393]
[0.01409734]
[0.01611567]
[0.00907745]
[0.01733033]
[0.00377633]
[0.02895819]
[0.01433985]
[-0.00676575]
[-0.00824783]
[0.00875639]
[0.01563271]
[0.01556733]
[0.01403463]
[0.01444013]
[0.01851146]
[0.01485426]
[0.01150722]
[-0.00277413]
[0.01699872]
[0.01403238]
[0.01013383]
[0.01418007]
[0.01397902]
[0.01255741]
[0.01471858]
[0.0108269]
[0.01294799]
[0.01066801]
[0.01263263]
[0.00939294]
[0.01329329]
[0.01504189]
[-0.00404005]
[0.01451106]
[0.02165277]
[0.00041056]
[0.01474443]
[0.00682142]
[-0.00010673]
[0.01223248]
[0.013604]
[0.01619631]
[0.01046198]
[0.01182233]
[0.01759321]
[0.0066938]
[-0.00355087]
[0.0145711]
[0.01246155]
[0.01658884]
[0.0151209]
[0.01050153]
[0.01790404]
[0.01640247]
[0.02129021]
[0.01687092]
[0.01402604]
[0.01126123]
[0.01240484]
[0.01165322]
[0.0162741]
[0.01510301]
[0.00966167]
[0.0189096]
[0.01520619]
[0.01588568]
[0.01170308]
[0.00938016]
[0.00620202]
[0.016891]
[0.00133867]
[-0.0072659]
[0.00662467]
[0.01764265]
[0.01520915]
[0.01218951]
[0.01452806]
[0.01249276]
[0.01890627]
[0.01309125]
[0.01575646]
[0.01464967]
[0.01856642]
[0.01509742]
[0.01079882]
[0.01392693]
[0.02184356]
[-0.00056084]
[0.01727545]
[-0.00556757]
[-0.00446184]
[-0.00665907]
[0.00530307]
[0.01066017]
[0.01134092]
[0.00803186]
[0.01676532]
[0.00892784]
[0.01891104]
[0.00657434]
[0.01308629]
[0.01296815]
[0.01174258]
[0.01365453]
[0.01284901]
[0.01706472]
[0.01566586]
[0.01092659]
[0.01609636]
[0.01852197]
[0.01265886]
[0.01920344]
[0.01502605]
[0.00638593]
[0.01837061]
[0.01279382]
[-0.00178304]
[-0.01275576]
[0.0120144]
[0.00890027]
[-0.00175031]
[0.0101516]
[0.00889483]
[-0.00067207]
[0.0144023]
[0.01487804]
[0.04433515]
[0.01525199]
[0.01661307]
[-0.00450607]
[0.00919054]
[0.01808342]
[0.01241955]
[0.01751929]
[0.01657217]
[0.01659615]
[0.01233664]
[0.0180765]
[0.01538068]
[0.01108154]
[0.01596764]
[0.01678908]
[0.00433987]
[0.00220123]
[0.01832837]
[0.01612043]
[0.01415844]
[0.01671881]
[0.00934738]
[0.00149556]
[0.01408485]
[0.011831]
[0.01601293]
[0.01401985]
[-0.011332]
[0.01850189]
[0.02610064]
[0.01044408]
[0.00084491]
[0.01522084]
[0.00512319]
[0.01859869]
[0.01533269]
[0.01435051]
[0.00185781]
[0.01417948]
[-0.01074236]
[0.01432662]
[0.00107193]
[0.01279209]
[0.01517353]
[0.01629892]
[0.01771853]
[0.01611646]
[0.01353608]
[0.01272649]
[0.01354986]
[0.02379319]
[0.01565762]
[0.0161956]
[-0.00988617]
[0.02962818]
[0.01621393]
[0.01301848]
[0.01395202]
[0.02784882]
[0.00095675]
[0.00412449]
[0.00590269]
[0.01017425]
[0.01533278]
[0.01911425]
[0.01524927]
[0.0082365]
[0.00886204]
[-0.00134539]
[-0.00316503]
[0.00846099]
[0.01618201]
[-0.01067215]
[0.01620217]
[0.01214259]
[0.01840656]
[0.01657337]
[0.02076766]
[0.0064864]
[0.01461119]
[0.02749871]
[0.01846994]
[0.0179395]
[0.01658465]
[0.01081528]
[0.01212108]
[0.01623066]
[0.01395182]
[0.01607414]
[0.01110393]
[0.01000548]
[0.01516557]
[0.00372404]
[0.02141931]
[0.0163113]
[0.01705118]
[0.01853839]
[0.00843846]
[0.01435892]
[0.01526146]
[0.01666393]
[-0.00640624]
[0.00337907]
[0.02350793]
[0.01524648]
[0.01626339]
[0.00716431]
[0.01553992]
[0.00662868]
[0.01957881]
[0.01602276]
[0.01057485]
[0.01388133]
[0.01103346]
[0.0203768]
[0.01846337]
[0.01364822]
[0.01204751]
[0.02741222]
[0.01071776]
[0.01964825]
[0.01111101]
[0.01739543]
[0.0141454]
[0.02352078]
[0.01386518]
[0.0125436]
[0.00438523]
[0.0200532]
[0.00987177]
[0.01458571]
[0.00879809]
[0.00582367]
[0.02015195]
[0.01450155]
[0.01198197]
[0.01453414]
[0.01510121]
[0.01482572]
[0.01626159]
[0.0142217]
[0.01335648]
[0.01404495]
[0.01303167]
[0.01006671]
[0.01651729]
[-0.00811005]
[0.01489674]
[0.00918444]
[-0.00516555]
[0.01597472]
[0.01608048]
[0.01512573]
[0.01043364]
[0.01831532]
[0.02435707]
[0.01692563]
[0.02778984]
[0.01426149]
[0.01301926]
[0.01588877]
[0.01776269]
[0.01533853]
[0.00970027]
[0.01984444]
[0.01284797]
[0.02910363]
[-0.02060306]
[0.00960597]
[0.01122172]
[0.01563468]
[0.00305382]
[0.00704024]
[0.0151967]
[0.02018572]
[0.01516593]
[0.01263248]
[0.01615091]
[0.00581093]
[-0.00972695]
[0.00855274]
[0.021163]
[0.01333161]
[0.01193388]
[0.01254163]
[0.00359442]
[0.04445078]
[0.00781501]
[0.0151781]
[0.0131522]
[0.0126711]
[0.00581519]
[0.00962708]
[0.01567188]
[-0.03600307]
[0.00638467]
[0.01063662]
[0.01410758]
[0.01046124]
[0.01540886]
[0.02079521]
[0.00336215]
[0.0173232]
[0.01689409]
[0.00432819]
[0.01633641]
[0.01049229]
[0.0126354]
[0.01842906]
[0.00946574]
[-0.01289029]
[0.01252372]
[0.01606707]
[0.01564458]
[0.00151626]
[0.01173871]
[0.00968185]
[-0.00546146]
[0.01416875]
[0.01347843]
[0.01538182]
[0.00935904]
[0.01837758]
[0.01592552]
[0.01518096]
[0.00945963]
[0.00508333]
[0.0092892]
[0.01318499]
[0.00428729]
[0.01558554]
[0.0203219]
[0.00955618]
[0.01248743]
[-0.0030077]
[0.01827687]
[-0.00810933]
[0.01104491]
[0.01820428]
[0.01368881]
[0.0175109]
[0.01917289]
[0.01303378]
[0.01412164]
[0.01752636]
[0.01905228]
[0.01452219]
[0.01863835]
[0.01967376]
[0.01153062]
[0.01091985]
[0.00886016]
[0.00855139]
[0.01396844]
[0.01061795]
[-0.0056904]
[0.01692076]
[0.00536542]
[-0.00536182]
[0.01879099]
[0.01381767]
[-0.00248253]
[0.01276239]
[0.01820486]
[0.01917516]
[0.01344906]
[0.00547388]
[0.01103882]
[0.0134589]
[0.01162707]
[0.01660254]
[0.01212836]
[0.01772617]
[0.02253119]
[0.0139852]
[0.01920646]
[0.01557533]
[0.0101963]
[0.01562496]
[0.0136347]
[8.4440515e-05]
[-0.01388691]
[0.00621278]
[0.00857277]
[0.00812623]
[0.01491769]
[0.01933711]
[0.01398786]
[0.0141015]
[0.01212789]
[-0.01613376]
[-0.00437118]
[0.01083321]
[-0.00066347]
[-0.02118886]
[0.00858581]
[0.01427158]
[0.00326054]
[0.01278553]
[0.01265515]
[0.0129903]
[0.01384119]
[0.00567768]
[0.01182972]
[0.00514152]
[0.00154843]
[0.0148695]
[0.01210318]
[0.00274145]
[0.02419583]
[0.00794358]
[0.01303083]
[0.00056605]
[0.01603257]
[0.01708106]
[0.01869381]
[0.00876386]
[0.01079426]
[0.01614228]
[0.01850383]
[0.00889624]
[0.00612329]
[0.01110583]
[0.01542607]
[0.00693976]
[0.02181984]
[0.0125037]
[0.00776827]
[0.01520063]
[0.01608893]
[0.01246043]
[0.01952385]
[-0.00041925]
[0.01932161]
[0.01741536]
[0.00920775]
[0.01071221]
[0.01757596]
[0.01370207]
[0.0109253]
[0.03163852]
[0.01414064]
[0.0206835]
[0.01463968]
[0.01473368]
[-0.00825266]
[0.01719262]
[0.00693593]
[0.01080524]
[0.01684001]
[0.0097468]
[0.00150698]
[-0.0025177]
[0.00025774]
[0.01170888]
[0.0164871]
[0.01064027]
[0.00650304]
[0.01324497]
[0.01512688]
[0.019324]
[0.00956377]
[-0.02051939]
[0.01220805]
[0.02317695]
[0.00586358]
[0.02470124]
[0.00927625]
[0.01600191]
[0.01217883]
[0.01486205]
[0.00730199]
[-0.02274291]
[0.01854515]
[-0.02542466]
[0.01169368]
[0.01090936]
[0.00964573]
[-0.00513418]
[0.00902364]
[0.00186504]
[0.01278373]
[0.01498483]
[0.01255627]
[0.01388827]
[0.00066109]
[0.00397973]
[0.00613064]
[0.0121455]
[-0.01586672]
[0.0085912]
[0.01505878]
[0.00753798]
[0.01878601]
[0.0126086]
[0.00719871]
[0.02003443]
[0.01428729]
[0.01326276]
[0.01708952]
[-0.0003345]
[0.00323582]
[0.01091064]
[0.01291625]
[0.01484591]
[0.01774076]
[0.01500903]
[0.01846731]
[-0.01238987]
[0.01316162]
[0.00911797]
[0.0106373]
[0.01651755]
[0.01440122]
[0.01443193]
[0.00932513]
[0.01283297]
[0.01368683]
[-0.00938661]
[0.00573583]
[0.01545335]
[-0.01204601]
[0.01218586]
[-0.00119024]
[-0.00916495]
[-0.0089296]
[0.01350787]
[0.01133488]
[0.01645273]
[0.01526847]
[0.01471145]
[0.00687438]
[0.01463986]
[0.01321953]
[-0.00087515]
[0.00761042]
[0.00809646]
[-0.00773174]
[0.02107427]
[0.00967837]
[0.0054957]
[0.00404382]
[0.01324953]
[0.01221662]
[0.02273009]
[0.01825369]
[0.0117419]
[0.0182508]
[0.01516696]
[0.01301573]
[0.01382074]
[0.01228258]
[0.02150091]
[0.01495366]
[0.01564222]
[-0.01600254]
[0.01199151]
[0.01548244]
[0.0159796]
[0.01867934]
[0.01734808]
[0.00782156]
[0.01268643]
[0.01724558]
[0.01898143]
[0.0161026]
[0.01291598]
[0.01630106]
[0.01036225]
[0.01382801]
[0.01384077]
[-0.01009932]
[0.01458777]
[0.01621447]
[0.01531583]
[0.01318319]
[0.0154384]
[0.01872559]
[0.02389092]
[0.02955063]
[0.00217521]
[0.01458247]
[-0.00255507]
[0.00690327]
[0.01643634]
[0.02001261]
[0.01369836]
[0.01545185]
[0.01609078]
[0.01854153]
[0.01198366]
[0.0137432]
[0.01807448]
[0.00805705]
[0.01495993]
[0.01472479]
[0.01880056]
[0.01316977]
[0.01571344]
[0.01431909]
[0.00691767]
[0.01392024]
[0.01547761]
[0.01533429]
[0.0236939]
[0.01408904]
[0.01279969]
[-0.00192403]
[0.01006266]
[0.01071066]
[0.01698857]
[0.01190729]
[0.01266568]
[0.04764872]
[-0.02316866]
[0.022431]
[0.00211092]
[0.01561028]
[0.0139012]
[0.01494947]
[0.02036178]
[0.01164384]
[0.01314662]
[0.0126531]
[0.01511382]
[0.01466454]
[0.01211587]
[0.01734591]
[0.0153822]
[0.0192323]
[0.00378573]
[0.00734745]
[0.01201292]
[0.01240166]
[0.02175483]
[0.01207554]
[0.01728056]
[0.01205981]
[0.01373664]
[0.0137276]
[0.01480502]
[0.01535569]
[0.0171437]
[0.01194444]
[0.00111079]
[0.02748175]
[0.01479089]
[0.01622204]
[0.0160878]
[0.00126863]
[0.01438606]
[0.01363398]
[0.01902826]
[0.01243204]
[0.01644989]
[-0.00676984]
[0.01528656]
[0.00972727]
[-0.01053428]
[0.01616142]
[0.01102075]
[0.0174438]
[0.01394563]
[0.01768572]
[0.00435155]
[0.01269853]
[0.01518482]
[0.01276615]
[0.01369382]
[0.01379342]
[0.0210867]
[-0.01436744]
[0.01446435]
[0.00770202]
[0.01508818]
[0.01431115]
[0.01406293]
[0.01680771]
[0.00585023]
[0.01395866]
[0.01353966]
[0.00994711]
[0.01569504]
[0.0016584]
[0.01559561]
[0.00344237]
[0.01989971]
[0.00770415]
[0.00155459]
[0.03314845]
[0.0294789]
[0.01551735]
[0.01635899]
[0.00690629]
[0.02146007]
[-0.00226198]
[-0.00398833]
[0.00600383]
[0.01621023]
[0.01410678]
[0.01494814]
[0.01238231]
[0.02069081]
[0.01078309]
[-0.00494281]
[0.00671724]
[0.01183887]
[0.0112693]
[0.01188855]
[0.01313021]
[0.01649092]
[0.01359527]
[0.01478546]
[0.01249404]
[0.01624918]
[0.01315186]
[0.01012267]
[0.01029949]
[0.01172764]
[0.00964397]
[0.00897933]
[0.01939663]
[0.01740034]
[0.01992961]
[0.01216954]
[0.01775132]
[0.01464705]
[0.01555175]
[0.01590317]
[0.01412323]
[0.01483408]
