[0.26683602]
[0.26549542]
[0.1987032]
[0.26438197]
[0.27172855]
[0.11685082]
[0.2747091]
[0.2640712]
[0.28543052]
[0.30395043]
[0.2612365]
[0.26864594]
[0.24315897]
[0.27164853]
[0.24878661]
[0.28976747]
[0.28880388]
[0.31256092]
[0.20890124]
[0.2529926]
[0.04137603]
[0.28273866]
[0.25897053]
[0.28067762]
[0.29881477]
[0.25050458]
[0.29046413]
[0.28741643]
[0.28873372]
[0.27365413]
[0.36787707]
[0.26465935]
[0.28283784]
[0.2828166]
[0.2678968]
[-0.11055898]
[0.27849242]
[0.24357499]
[0.29642037]
[0.26158354]
[0.2960298]
[0.285423]
[0.27432963]
[0.26627952]
[0.06673533]
[0.274534]
[0.23297998]
[0.27969372]
[0.28521353]
[0.27560556]
[0.28732184]
[0.46787286]
[0.26814505]
[0.20041342]
[0.2729617]
[0.2828552]
[0.28817904]
[0.2600917]
[0.2618468]
[0.27320245]
[0.26804882]
[0.09020454]
[0.2386189]
[0.2861545]
[0.2609264]
[0.18008524]
[-0.20502537]
[0.2519501]
[0.23522712]
[0.26925334]
[0.27061936]
[0.26353127]
[0.25566456]
[0.25580192]
[0.2690202]
[0.26876414]
[0.2820764]
[0.27628884]
[0.24240503]
[0.27089527]
[0.1864362]
[0.28458872]
[0.2534817]
[0.25027356]
[0.2791137]
[0.29805726]
[0.33124766]
[0.2554926]
[0.26882595]
[0.27376318]
[0.31512368]
[0.25144082]
[0.2621087]
[0.2480612]
[0.28371668]
[0.29763034]
[0.25558886]
[0.24635847]
[0.27637824]
[0.2677528]
[0.30336395]
[0.2561365]
[0.31526494]
[0.2424678]
[0.26876873]
[0.2740955]
[0.26183578]
[0.25053284]
[0.08632575]
[0.21355115]
[0.26385522]
[0.20489775]
[0.24942149]
[-0.20229056]
[0.28010413]
[0.21048382]
[0.24869761]
[0.27381566]
[0.03051441]
[0.26962522]
[0.2653596]
[0.26313633]
[0.24877353]
[0.18277395]
[0.28198588]
[0.24969454]
[0.31088385]
[0.2710911]
[0.25850484]
[0.1590669]
[0.26073942]
[0.25658837]
[0.23890953]
[0.27253774]
[0.31167552]
[0.3216868]
[0.29214475]
[-0.05333571]
[0.26636204]
[0.25027367]
[0.2565863]
[0.26289198]
[0.28427553]
[0.25807634]
[0.27761936]
[0.26089138]
[0.29926234]
[0.27456713]
[0.3040353]
[0.2751677]
[0.15509225]
[0.20870534]
[0.2514373]
[0.28646725]
[0.07136127]
[0.2853267]
[0.3562803]
[0.25391072]
[0.24055114]
[0.2788246]
[0.27015063]
[0.2705169]
[0.27229533]
[0.28391424]
[0.25756103]
[0.2347881]
[0.25946453]
[0.0992985]
[0.27547175]
[-0.10068166]
[0.24854264]
[0.2650494]
[-0.01211106]
[0.12461101]
[0.26365134]
[0.2581741]
[0.35978368]
[0.2748823]
[0.31998682]
[0.32563636]
[0.27474922]
[0.2686831]
[0.2631361]
[0.29528123]
[0.2664786]
[0.2558422]
[0.2748398]
[0.2736]
[0.25951275]
[0.29348117]
[0.26351163]
[0.24809067]
[0.28709233]
[0.23759213]
[0.2436134]
[0.25521323]
[0.22704192]
[-0.0233106]
[0.27581397]
[0.33122697]
[0.24540646]
[0.28369838]
[0.27502587]
[0.26405203]
[-0.12426041]
[0.24841028]
[0.35745922]
[0.26583508]
[0.28193215]
[0.29998067]
[0.26361635]
[0.2834408]
[0.2549651]
[0.2857036]
[0.26956296]
[0.28607202]
[0.27328527]
[-0.29693237]
[0.33808878]
[0.29033354]
[0.25004792]
[0.25237137]
[0.2596598]
[0.2623299]
[0.12124725]
[0.2331471]
[0.2764618]
[0.30270314]
[0.24052411]
[0.2676555]
[0.27696514]
[0.2539016]
[0.28160006]
[0.28684548]
[0.4560392]
[-0.2560661]
[0.25263917]
[0.2735705]
[0.27449176]
[0.28014168]
[0.25497198]
[0.2677774]
[0.27884737]
[0.30028906]
[0.24691862]
[0.28010863]
[0.25105146]
[-0.05348402]
[0.24021202]
[0.13970834]
[0.2532982]
[0.26704565]
[0.25631523]
[0.25435114]
[0.31821147]
[-0.21589915]
[0.28641698]
[0.26643053]
[0.24705286]
[0.23366635]
[0.29524708]
[0.25123674]
[0.27353013]
[0.27555212]
[0.26568705]
[0.34694394]
[0.257964]
[0.31511426]
[-0.06279733]
[0.25642136]
[0.2612441]
[0.30148593]
[0.04983891]
[0.29747382]
[0.18819453]
[0.29774255]
[0.26148942]
[0.2601523]
[0.2329995]
[0.08933259]
[0.25098738]
[0.16312608]
[0.29888263]
[0.26077193]
[0.25542635]
[0.3132125]
[0.23132063]
[0.2629265]
[0.27636442]
[0.23694037]
[0.27559027]
[0.27380493]
[0.27095035]
[0.29147246]
[0.2459866]
[0.16269907]
[0.2814658]
[0.30216256]
[0.2149588]
[0.1544572]
[0.24621773]
[0.24903642]
[0.30779454]
[0.20097683]
[0.27724788]
[0.26174963]
[0.26257497]
[0.25052306]
[0.27216068]
[0.3081398]
[0.27028495]
[-0.22694464]
[0.27798915]
[0.28062138]
[0.2436205]
[-0.03715504]
[0.26427752]
[0.27161443]
[0.27159718]
[0.26383775]
[0.26884714]
[0.2452481]
[0.25114787]
[0.27172858]
[0.2538262]
[0.24595323]
[0.26217636]
[0.3107246]
[0.28158438]
[0.13724914]
[0.29111585]
[0.33594108]
[0.23746237]
[0.27312896]
[-0.20837814]
[0.28442904]
[0.26576886]
[0.26428875]
[0.2877716]
[0.23026663]
[0.3226333]
[0.2702118]
[0.28186527]
[0.26415434]
[0.27284494]
[-0.28131625]
[0.2481281]
[0.28646144]
[0.25576434]
[0.26186427]
[0.30495977]
[0.28872335]
[0.22821]
[0.2860008]
[0.25890484]
[0.21879083]
[0.25898176]
[0.28877893]
[0.24756214]
[0.24052142]
[0.27189994]
[0.4459552]
[0.27290556]
[0.23740986]
[0.31276116]
[0.25529525]
[0.23304974]
[0.29411587]
[0.21289526]
[0.01051725]
[0.28467157]
[0.22552715]
[0.25890335]
[0.2766778]
[0.30225733]
[-0.17513116]
[0.27357748]
[0.16770719]
[0.21691872]
[0.2913814]
[0.2865945]
[-0.308713]
[0.28712735]
[0.30066273]
[0.25332388]
[0.19726755]
[0.27672553]
[0.27738544]
[0.260372]
[0.24296159]
[0.28747472]
[0.2607756]
[0.19277711]
[0.23506252]
[0.24836329]
[0.26481542]
[0.22495328]
[0.27591008]
[0.26974753]
[0.2588574]
[0.28795376]
[0.27520633]
[0.30860463]
[-0.02451665]
[0.20412754]
[0.26124665]
[0.3182817]
[0.24534473]
[0.29521653]
[0.26435274]
[0.27776876]
[0.19901304]
[0.2946491]
[0.26807737]
[0.24141821]
[0.22016771]
[0.2605319]
[0.26975283]
[0.2525958]
[0.21325555]
[0.26875556]
[0.48836288]
[0.28313133]
[0.27982533]
[-0.20647067]
[-0.11591899]
[0.27253506]
[0.23995532]
[0.25039575]
[0.15465175]
[0.25214902]
[0.2709001]
[0.23065422]
[0.2759985]
[-0.20405674]
[0.2807304]
[0.25734147]
[0.24730387]
[0.24118103]
[0.30194843]
[0.25125295]
[0.2576619]
[0.30999154]
[0.2796395]
[-0.2412876]
[0.26874277]
[0.2217849]
[0.283868]
[0.2896103]
[0.26158708]
[0.27186468]
[0.01157076]
[0.2593281]
[0.28611213]
[0.24720164]
[0.27505472]
[0.23762111]
[0.2856576]
[0.2772876]
[0.2853825]
[0.32249674]
[0.25937584]
[0.26637736]
[0.26976797]
[0.28506646]
[0.05047084]
[0.26359177]
[0.28792045]
[-0.24395745]
[0.29099205]
[0.27223203]
[0.2749176]
[0.26609004]
[-0.02275624]
[0.27945074]
[0.25523996]
[0.26246774]
[0.22518916]
[0.12473616]
[0.2500309]
[0.278907]
[0.276297]
[0.21972124]
[0.31265637]
[0.29357997]
[0.19912142]
[0.25863954]
[0.23400362]
[0.30572838]
[0.12490059]
[0.27824202]
[-0.04521609]
[0.25449786]
[0.25720462]
[0.38313177]
[0.2670753]
[0.2630349]
[0.30485377]
[0.25341853]
[0.2686224]
[0.2116546]
[0.27911088]
[0.28608513]
[0.24793227]
[0.2529976]
[0.25225607]
[0.25419885]
[0.30930927]
[0.28492397]
[0.30244341]
[0.26474595]
[0.26334527]
[0.25972372]
[0.26652375]
[-0.02003257]
[0.27306768]
[0.25585684]
[0.25396127]
[0.01527149]
[0.2583181]
[0.25719434]
[0.26427376]
[0.13765638]
[0.26337668]
[0.28515294]
[0.16875751]
[0.1732476]
[0.27728307]
[0.2582214]
[-0.17582357]
[0.2245632]
[0.2688842]
[0.25728342]
[0.31790254]
[0.2564102]
[0.07508277]
[0.23565097]
[0.25696626]
[-0.28893074]
[-0.36112982]
[0.22357889]
[0.26832858]
[0.05584858]
[0.27390233]
[0.21231751]
[-0.15574533]
[0.29522613]
[0.27403942]
[0.13795233]
[0.26000625]
[0.28648046]
[0.19537735]
[-0.03012872]
[0.23812327]
[0.22933061]
[0.31486085]
[0.26584134]
[0.0180874]
[0.2908245]
[0.2618884]
[0.25204152]
[0.2716808]
[0.27664804]
[0.27924582]
[0.2575355]
[0.26409355]
[0.2679859]
[0.27737734]
[0.00175081]
[-0.05317966]
[-0.2916753]
[0.2900253]
[0.30849415]
[0.25059345]
[0.30305466]
[0.27089453]
[0.3337775]
[0.2759751]
[0.25793433]
[0.28105325]
[0.25112313]
[0.24312907]
[0.26382318]
[0.25134578]
[0.27279216]
[0.2923653]
[0.27648717]
[0.26446405]
[0.27940324]
[0.270152]
[0.23490144]
[0.26565948]
[0.25648814]
[0.23293783]
[0.2861443]
[0.14051117]
[0.23553352]
[0.27668878]
[-0.04094497]
[0.2615004]
[0.26285157]
[0.24019171]
[0.24888855]
[0.39254034]
[0.18407671]
[0.37136778]
[0.26808915]
[0.26586413]
[0.26955643]
[0.325201]
[0.24111642]
[0.27394724]
[0.26507163]
[-0.01601803]
[0.29236096]
[0.2620345]
[-0.0947741]
[0.2833104]
[0.2588505]
[0.26608145]
[0.33662364]
[0.270157]
[0.26798856]
[-0.28445262]
[0.29552558]
[0.27164]
[-0.18410783]
[0.26586345]
[0.26660562]
[0.28589538]
[0.24864568]
[0.25034133]
[0.26560283]
[0.2978484]
[-0.05658907]
[0.273478]
[0.32520926]
[0.24694715]
[0.26602033]
[0.01431147]
[0.03794762]
[0.26581916]
[0.28545263]
[0.274323]
[0.2851879]
[0.26976243]
[0.31896943]
[0.22615603]
[0.2870096]
[0.24266453]
[0.25894973]
[0.23137422]
[0.27645645]
[0.20844613]
[0.12196563]
[0.26551485]
[0.28093788]
[0.22246201]
[0.23683897]
[0.278719]
[0.30502132]
[0.2697068]
[0.28213182]
[0.28670138]
[0.21925652]
[0.2729735]
[0.2520199]
[0.273062]
[0.28863212]
[0.14945696]
[0.23097092]
[0.2640814]
[0.2640867]
[0.29467812]
[0.28560254]
[0.2781716]
[0.2907435]
[0.26313397]
[0.2763787]
[0.27498272]
[0.24406731]
[0.28051475]
[0.26122454]
[0.23389062]
[0.28308758]
[0.21590613]
[0.2703488]
[0.26442486]
[0.26287663]
[0.27089342]
[0.25694117]
[0.26251563]
[0.10287604]
[0.24469788]
[0.2633282]
[0.265377]
[0.24734049]
[0.30478808]
[0.26706138]
[0.31487542]
[0.31164178]
[0.28169325]
[0.26166478]
[0.27263388]
[0.28061476]
[0.2576226]
[0.2582583]
[0.00332326]
[0.1918857]
[0.31574637]
[0.28178957]
[0.2720208]
[0.2379375]
[0.29156032]
[0.23617725]
[0.2890204]
[0.23385738]
[0.2443052]
[0.26877627]
[0.27495402]
[0.27049816]
[0.18287909]
[0.2541049]
[0.25128692]
[0.2289587]
[0.27677765]
[0.28760096]
[0.2629235]
[0.08056406]
[0.2623855]
[0.20668516]
[-0.08037636]
[0.26139924]
[0.3102928]
[0.4821884]
[0.31773165]
[-0.25344452]
