[0.00637517]
[0.00637247]
[0.00637165]
[0.00637598]
[0.00637557]
[0.00637296]
[0.00637677]
[0.00637736]
[0.00637493]
[0.00637211]
[0.00637379]
[0.00637754]
[0.00637455]
[0.00637483]
[0.00637174]
[0.00637294]
[0.00637649]
[0.00637407]
[0.00637399]
[0.00637073]
[0.0063752]
[0.00637204]
[0.00637299]
[0.00637508]
[0.00637386]
[0.00637218]
[0.00637491]
[0.00637433]
[0.00637333]
[0.00637268]
[0.00637267]
[0.00637113]
[0.00637821]
[0.00637268]
[0.00636963]
[0.00637189]
[0.00637335]
[0.0063727]
[0.0063726]
[0.00637335]
[0.00637488]
[0.0063667]
[0.00637383]
[0.00637224]
[0.00637053]
[0.00637175]
[0.00637455]
[0.00637445]
[0.00637176]
[0.00637296]
[0.00637309]
[0.00637533]
[0.00637302]
[0.0063736]
[0.00637087]
[0.00637322]
[0.00637317]
[0.00637184]
[0.00637293]
[0.00637163]
[0.00637734]
[0.00637578]
[0.0063717]
[0.00637799]
[0.0063748]
[0.00637456]
[0.00637041]
[0.0063694]
[0.0063728]
[0.00637224]
[0.00637337]
[0.00637275]
[0.0063707]
[0.00637507]
[0.00637067]
[0.00637346]
[0.00636948]
[0.00637256]
[0.00637816]
[0.00637812]
[0.00637409]
[0.00637568]
[0.00637499]
[0.00636885]
[0.00637434]
[0.0063779]
[0.00637298]
[0.00637602]
[0.00637626]
[0.00637815]
[0.00637389]
[0.00637024]
[0.00637399]
[0.0063725]
[0.00637321]
[0.00637288]
[0.00636974]
[0.00637445]
[0.00637116]
[0.00637016]
[0.0063758]
[0.00636873]
[0.00637436]
[0.00636871]
[0.00637214]
[0.00637535]
[0.00637358]
[0.00637199]
[0.006369]
[0.00637286]
[0.00637292]
[0.00637418]
[0.00637413]
[0.00637333]
[0.00637126]
[0.00637126]
[0.00637566]
[0.00637128]
[0.00637246]
[0.00637306]
[0.00637413]
[0.00637681]
[0.00637217]
[0.00637453]
[0.0063732]
[0.00637206]
[0.00637648]
[0.00637311]
[0.00637433]
[0.00636872]
[0.00637233]
[0.00637442]
[0.00637552]
[0.00637447]
[0.00637505]
[0.00637582]
[0.00637072]
[0.00637482]
[0.00637543]
[0.00636943]
[0.00637328]
[0.0063729]
[0.00637386]
[0.00637393]
[0.00637404]
[0.00637698]
[0.00637051]
[0.0063741]
[0.00637184]
[0.00637401]
[0.00637284]
[0.00637694]
[0.00637304]
[0.00637644]
[0.00637577]
[0.00637415]
[0.00637151]
[0.0063739]
[0.00637547]
[0.00636839]
[0.00637131]
[0.00637303]
[0.00637271]
[0.00637569]
[0.00637303]
[0.0063725]
[0.00637453]
[0.00637364]
[0.00637616]
[0.00637321]
[0.00637544]
[0.00637246]
[0.00637124]
[0.00637065]
[0.00637275]
[0.0063726]
[0.00637666]
[0.00637776]
[0.00637273]
[0.00637396]
[0.00637352]
[0.00637487]
[0.00637554]
[0.00637372]
[0.00637579]
[0.00637455]
[0.00637383]
[0.00636737]
[0.00637512]
[0.00637275]
[0.00637718]
[0.0063727]
[0.00637332]
[0.00637049]
[0.006377]
[0.00637373]
[0.00637488]
[0.00637189]
[0.00637027]
[0.00637539]
[0.00637917]
[0.00637418]
[0.00637372]
[0.00637397]
[0.00637618]
[0.0063731]
[0.00637476]
[0.00637718]
[0.0063736]
[0.00637219]
[0.00637225]
[0.0063706]
[0.00637408]
[0.00637453]
[0.00637102]
[0.00637437]
[0.00637044]
[0.00637278]
[0.00637025]
[0.00637762]
[0.00637103]
[0.00637289]
[0.00637469]
[0.00637275]
[0.00637203]
[0.00637212]
[0.00637629]
[0.00637467]
[0.00637168]
[0.00636779]
[0.00637217]
[0.00637237]
[0.00637353]
[0.00637024]
[0.00636899]
[0.00637411]
[0.00637468]
[0.0063738]
[0.0063737]
[0.00637707]
[0.0063715]
[0.00637298]
[0.00637033]
[0.00637512]
[0.0063729]
[0.00637525]
[0.00636929]
[0.00637493]
[0.00637215]
[0.00637027]
[0.00637507]
[0.0063751]
[0.00637386]
[0.00637055]
[0.00637438]
[0.00637297]
[0.00637314]
[0.00637256]
[0.00637543]
[0.00637492]
[0.00637213]
[0.00636958]
[0.00637539]
[0.00637532]
[0.00637177]
[0.00637173]
[0.00637075]
[0.00637578]
[0.00637223]
[0.00637617]
[0.00637423]
[0.00636981]
[0.006373]
[0.00637066]
[0.00637305]
[0.00636846]
[0.00637476]
[0.00637066]
[0.00637874]
[0.00637572]
[0.00637516]
[0.00637425]
[0.00637501]
[0.0063766]
[0.00637462]
[0.0063735]
[0.00637245]
[0.00637457]
[0.00637598]
[0.00637677]
[0.00637312]
[0.00637567]
[0.00637413]
[0.00637565]
[0.00637689]
[0.00637302]
[0.00637486]
[0.00637134]
[0.00637138]
[0.00637166]
[0.00637528]
[0.00637168]
[0.00637239]
[0.0063764]
[0.00637275]
[0.00637337]
[0.00637498]
[0.00637589]
[0.00637067]
[0.00637867]
[0.0063735]
[0.00637767]
[0.00637712]
[0.00637204]
[0.00637544]
[0.00637099]
[0.00637353]
[0.00637576]
[0.00637301]
[0.00637479]
[0.00637588]
[0.00637325]
[0.00637517]
[0.00637117]
[0.00637294]
[0.00637514]
[0.00637275]
[0.00636832]
[0.00637393]
[0.00637425]
[0.00637422]
[0.00637388]
[0.00636879]
[0.00637331]
[0.00637306]
[0.00637116]
[0.00636829]
[0.00637004]
[0.00636778]
[0.00637554]
[0.00637369]
[0.00637416]
[0.00637602]
[0.00637442]
[0.00637747]
[0.00637461]
[0.00637603]
[0.00637029]
[0.00637694]
[0.00637416]
[0.00637351]
[0.00637337]
[0.00636938]
[0.00637497]
[0.0063739]
[0.00637377]
[0.00637338]
[0.00637523]
[0.00637617]
[0.00637238]
[0.00637348]
[0.0063692]
[0.00637576]
[0.00636983]
[0.00636847]
[0.00637209]
[0.00637545]
[0.00637251]
[0.00637352]
[0.00637224]
[0.00637584]
[0.00636943]
[0.00637417]
[0.00637481]
[0.006373]
[0.00637258]
[0.00637182]
[0.00637055]
[0.00637367]
[0.0063748]
[0.00637372]
[0.00637111]
[0.00637135]
[0.00637201]
[0.00637062]
[0.00637388]
[0.00637513]
[0.00637624]
[0.00637231]
[0.0063741]
[0.00637441]
[0.00637216]
[0.00637009]
[0.00637599]
[0.00637344]
[0.00637213]
[0.00637404]
[0.0063757]
[0.00637323]
[0.00637352]
[0.00637424]
[0.00637489]
[0.00637466]
[0.00637491]
[0.00637372]
[0.00637055]
[0.0063781]
[0.00637518]
[0.00637349]
[0.00637457]
[0.00636943]
[0.00636517]
[0.00637686]
[0.00637388]
[0.00637702]
[0.00637216]
[0.00637045]
[0.00637405]
[0.00636975]
[0.00636997]
[0.00637762]
[0.00637742]
[0.00636807]
[0.00637154]
[0.00637324]
[0.00637221]
[0.0063744]
[0.00637372]
[0.00637536]
[0.00637439]
[0.00637153]
[0.00637407]
[0.00637106]
[0.00637597]
[0.00637196]
[0.00637456]
[0.00637451]
[0.00637448]
[0.00637399]
[0.00637348]
[0.00637357]
[0.00637563]
[0.00637106]
[0.0063739]
[0.00637075]
[0.00637411]
[0.00637205]
[0.00637218]
[0.00637883]
[0.00637188]
[0.00637141]
[0.00637482]
[0.00637492]
[0.00637458]
[0.0063749]
[0.00637543]
[0.00637376]
[0.00637313]
[0.00636953]
[0.00637577]
[0.00637625]
[0.00637599]
[0.00637264]
[0.00637094]
[0.0063704]
[0.0063748]
[0.00637004]
[0.00637555]
[0.00637563]
[0.00637118]
[0.0063725]
[0.00637259]
[0.00637286]
[0.00637018]
[0.00637239]
[0.00637306]
[0.00637443]
[0.00637439]
[0.00637504]
[0.00637141]
[0.00637349]
[0.0063684]
[0.00637654]
[0.00637207]
[0.00637425]
[0.00637234]
[0.0063715]
[0.0063726]
[0.00637175]
[0.00637484]
[0.00637547]
[0.00637525]
[0.00637255]
[0.00637398]
[0.00637106]
[0.00637257]
[0.00637449]
[0.00637305]
[0.00637655]
[0.00637645]
[0.00637345]
[0.00637533]
[0.00637737]
[0.00636759]
[0.00637516]
[0.00637434]
[0.00637395]
[0.00637339]
[0.00637498]
[0.00637397]
[0.00637119]
[0.00637289]
[0.00637736]
[0.00637526]
[0.00637624]
[0.00637271]
[0.00637514]
[0.00637182]
[0.00637641]
[0.00637234]
[0.00637037]
[0.00637114]
[0.00637433]
[0.00637333]
[0.0063742]
[0.00637256]
[0.00637372]
[0.00637355]
[0.00637639]
[0.00637222]
[0.00637389]
[0.00637399]
[0.00637651]
[0.00637656]
[0.00637516]
[0.00637286]
[0.00637122]
[0.00637278]
[0.00637184]
[0.00637525]
[0.00637442]
[0.00637649]
[0.00637468]
[0.00637151]
[0.00637653]
[0.00637433]
[0.00637222]
[0.00637369]
[0.00637951]
[0.00637346]
[0.00637006]
[0.00637392]
[0.00637727]
[0.00637359]
[0.00637361]
[0.0063732]
[0.006372]
[0.00637079]
[0.0063703]
[0.006376]
[0.00637329]
[0.0063719]
[0.00636686]
[0.00636974]
[0.00637781]
[0.00637917]
[0.00637325]
[0.006377]
[0.0063733]
[0.00637217]
[0.00637151]
[0.00637367]
[0.00637676]
[0.00637357]
[0.00637441]
[0.0063732]
[0.00637292]
[0.00637193]
[0.00637436]
[0.00637581]
[0.00637164]
[0.00637387]
[0.00637822]
[0.00637148]
[0.00637512]
[0.00637292]
[0.00637395]
[0.00637201]
[0.00637259]
[0.00637369]
[0.0063724]
[0.00637039]
[0.0063705]
[0.00636895]
[0.00637418]
[0.00637277]
[0.00637056]
[0.00637744]
[0.00637393]
[0.00637458]
[0.00637289]
[0.00637553]
[0.00637164]
[0.00637672]
[0.00637022]
[0.00637124]
[0.00637349]
[0.00637208]
[0.00637117]
[0.00637296]
[0.00637091]
[0.00637585]
[0.00637022]
[0.00637308]
[0.00636976]
[0.00637189]
[0.00637491]
[0.00637745]
[0.00637027]
[0.00637218]
[0.00637207]
[0.00636754]
[0.00637332]
[0.00637256]
[0.00637223]
[0.00637327]
[0.00637242]
[0.00637348]
[0.00637282]
[0.00637373]
[0.00637353]
[0.00637508]
[0.00637231]
[0.00637058]
[0.00637489]
[0.00637251]
[0.0063712]
[0.00637218]
[0.0063744]
[0.00636904]
[0.00637836]
[0.00636873]
[0.00637052]
[0.00637844]
[0.00637173]
[0.00637397]
[0.00637285]
[0.00637258]
[0.0063736]
[0.00637722]
[0.00637317]
[0.00637557]
[0.00637001]
[0.00637418]
[0.00636973]
[0.00637225]
[0.00636792]
[0.00637302]
[0.00637535]
[0.00637017]
[0.00637455]
[0.00637353]
[0.00637253]
[0.00637504]
[0.00637362]
[0.00637294]
[0.00637252]
[0.00637704]
[0.00637134]
[0.00637373]
[0.00636994]
[0.00637276]
[0.00637215]
[0.00637343]
[0.00637429]
[0.00637795]
[0.00637622]
[0.00637124]
[0.00637326]
[0.00637259]
[0.00637053]
[0.00637113]
[0.00637367]
[0.00637307]
[0.00637747]
[0.00637374]
[0.00637445]
[0.00637347]
[0.00637491]
[0.00637467]
[0.00637539]
[0.00637396]
[0.00637681]
[0.00637139]
[0.00637623]
[0.00636938]
[0.00637683]
[0.00637219]
[0.00637289]
[0.00637155]
[0.00637577]
[0.00637207]
[0.00637483]
[0.00637491]
[0.00637436]
[0.00637301]
[0.00637197]
[0.00637124]
[0.0063716]
[0.00637038]
[0.00637797]
[0.00636936]
[0.00636971]
[0.00637657]
[0.00637318]
[0.00637391]
[0.00637342]
[0.00637454]
[0.00637139]
[0.00637339]
[0.00637402]
[0.00637851]
[0.00637178]
[0.00637129]
[0.00637339]
[0.00637474]
[0.0063742]
[0.00637065]
[0.00637462]
[0.00637424]
[0.00637378]
[0.00636774]
[0.00637232]
[0.00637144]
[0.00637211]
[0.00637252]
[0.00637203]
[0.0063699]
[0.00637153]
[0.00637385]
[0.00637494]
[0.00637283]
[0.00637466]
[0.00637632]
[0.00637399]
[0.00637532]
[0.00637327]
[0.00637276]
[0.00637503]
[0.00637515]
[0.00637669]
[0.00637669]
[0.00637489]
[0.00637259]
[0.00636877]
[0.00637428]
[0.0063769]
[0.00637429]
[0.00637251]
[0.00637179]
[0.00637399]
[0.00637399]
[0.00636847]
[0.00637262]
[0.00637524]
[0.0063764]
[0.00637237]
[0.00637413]
[0.00637429]
[0.00637198]
[0.00637424]
[0.00637693]
[0.00637084]
[0.0063725]
[0.00636757]
[0.00637176]
[0.00636984]
[0.00637351]
[0.00637415]
[0.00637165]
[0.00636978]
[0.00637607]
[0.0063738]
[0.00637483]
[0.00637142]
[0.00637131]
[0.00637566]
[0.00637138]
[0.00637581]
[0.00637182]
[0.00637404]
[0.00637379]
[0.00637201]
[0.00636518]
[0.00637185]
[0.0063761]
[0.00637398]
[0.0063686]
[0.0063732]
[0.00637392]
[0.00637362]
[0.00637365]
[0.00637079]
[0.00637339]
[0.00637288]
[0.00637007]
[0.00637297]
[0.00637365]
[0.00637371]
[0.00637682]
[0.00637612]
[0.00637456]
[0.0063708]
[0.00637768]
[0.00637355]
[0.00637551]
[0.00637249]
[0.00637221]
[0.00637184]
[0.00637632]
[0.0063748]
[0.00637379]
[0.00637536]
[0.00637476]
[0.00637443]
[0.00637119]
[0.00637422]
[0.00637102]
[0.00637334]
[0.00637741]
[0.00637304]
[0.00637624]
[0.0063745]
[0.00637402]
[0.00637345]
[0.0063711]
[0.00637952]
[0.006371]
[0.00637396]
[0.00637136]
[0.00637256]
[0.00637395]
[0.00637091]
[0.00637436]
[0.00637233]
[0.00637056]
[0.00637259]
[0.00637122]
[0.00637454]
[0.00637584]
[0.00637302]
[0.00637261]
[0.00637578]
[0.00637016]
[0.00637077]
[0.0063713]
[0.0063696]
[0.00637285]
[0.00636868]
[0.00637532]
[0.00636999]
[0.00637338]
[0.0063737]
[0.00636972]
[0.00637169]
[0.00637239]
[0.00637309]
[0.00637495]
[0.00637451]
[0.0063709]
[0.00637152]
[0.00637605]
[0.0063716]
[0.00637028]
[0.00637669]
[0.00637007]
[0.00637264]
[0.00637475]
[0.00637371]
[0.0063724]
[0.00636826]
[0.00637263]
[0.00637409]
[0.00637381]
[0.00637127]
[0.00637271]
[0.00637155]
[0.00637382]
[0.0063745]
[0.00637065]
[0.00637672]
[0.0063696]
[0.00637567]
[0.00637416]
[0.00637429]
[0.00637178]
[0.00637373]
[0.00636935]
[0.00637411]
[0.00637627]
[0.0063721]
[0.00637381]
[0.0063732]
[0.00637093]
[0.00637325]
[0.0063737]
[0.00637415]
[0.00637212]
[0.00637261]
[0.00637237]
[0.0063722]
[0.00637419]
[0.00637056]
[0.00637032]
[0.00637653]
[0.00637674]
[0.00637117]
[0.0063719]
[0.00637667]
[0.00637666]
[0.00637209]
[0.00637433]
[0.00637394]
[0.00636874]
[0.00637597]
[0.00637285]
[0.00637339]
[0.00637534]
[0.00637984]
[0.00636985]
[0.00637087]
[0.00637012]
[0.00637353]
[0.00637523]
[0.00637197]
[0.00637044]
[0.00637438]
[0.00637651]
[0.0063701]
[0.0063738]
[0.00637195]
[0.00637556]
[0.00637348]
[0.00637647]
[0.00637068]
[0.00637224]
[0.00637415]
[0.00637259]
[0.00637511]
[0.0063724]
[0.00637161]
[0.00637363]
[0.00637067]
[0.00637049]
[0.00637301]
[0.00637814]
[0.00637336]
[0.00637371]
[0.0063736]
[0.00637189]
[0.00637343]
[0.00637645]
[0.0063729]
[0.00637212]
[0.00637344]
[0.00637592]
[0.00637565]
[0.00637154]
[0.00637494]
[0.00637309]
[0.00637691]
[0.00637613]
[0.00637651]
[0.00637238]
[0.00637434]
[0.00637492]
[0.00637562]
[0.00637589]
[0.0063774]
[0.00637446]
[0.00637424]
[0.00637487]
[0.00637198]
[0.00637165]
[0.00637441]
[0.00637438]
[0.00636987]
[0.00637172]
[0.00637508]
[0.00636974]
[0.00637717]
[0.00637201]
[0.00637163]
[0.00637304]
[0.0063739]
[0.00637487]
[0.00637445]
[0.00637307]
[0.00636883]
[0.00637247]
[0.00637354]
[0.00637163]
[0.00637435]
[0.00637117]
[0.0063709]
[0.00637101]
[0.00637297]
[0.00637286]
[0.00637347]
[0.00637243]
[0.00637262]
[0.00637787]
[0.00637347]
[0.00637609]
[0.0063754]
[0.00637392]
[0.00637636]
[0.00637242]
[0.00637287]
[0.00637279]
[0.00637174]
[0.00637584]
[0.00637465]
[0.00637473]
[0.0063714]
[0.00637794]
[0.00637238]
[0.00637315]
[0.00637394]
[0.00637546]
[0.0063739]
[0.00637669]
[0.00637522]
[0.00637756]
[0.00637665]
[0.00636723]
[0.00637498]
[0.00637113]
[0.00636956]
[0.00636902]
[0.00637924]
[0.0063768]
[0.00637538]
[0.00637586]
[0.00637457]
[0.00637387]
[0.00637238]
[0.00637639]
[0.00637119]
[0.00637635]
[0.00637392]
[0.00637386]
[0.00637227]
[0.0063736]
[0.00637549]
[0.00637518]
[0.00637043]
[0.00637773]
[0.00637078]
[0.00637214]
[0.00637618]
[0.0063719]
[0.00636886]
[0.00637595]
[0.00637327]
[0.00637055]
[0.00636938]
[0.00637369]
[0.00637182]
[0.00637659]
[0.00636947]
[0.00637692]
[0.00637216]
[0.00637413]
[0.00637715]
[0.00637586]
[0.00637455]
[0.00637024]
[0.00637024]
[0.0063772]
[0.0063697]
[0.00637154]
[0.00637293]
[0.00637454]
[0.00636835]
[0.00637119]
[0.0063693]
[0.00637658]
[0.00637295]
[0.00637191]
[0.0063726]
[0.00637392]
[0.00637485]
[0.00637543]
[0.00637408]
[0.00637415]
[0.00637293]
[0.00637452]
[0.00637351]
[0.00637169]
[0.00637117]
[0.00637302]
[0.0063761]
[0.00637379]
[0.00637545]
[0.00637722]
[0.00637369]
[0.00637514]
[0.00637564]
[0.00637808]
[0.00637443]
[0.00637283]
[0.00637113]
[0.00637219]
[0.00637577]
[0.00637199]
[0.00637092]
[0.00637498]
[0.00637565]
[0.00637517]
[0.0063736]
[0.00637133]
[0.00637323]
[0.00637129]
[0.00637172]
[0.00637363]
[0.00637169]
[0.00636925]
[0.00637162]
[0.00637736]
[0.00637631]
[0.00637489]
[0.00637118]
[0.00637743]
[0.00637501]
[0.00637375]
[0.00637679]
[0.00637108]
[0.00637387]
[0.00637605]
[0.00637434]
[0.00637434]
[0.0063727]
[0.00637449]
[0.00637248]
[0.00637378]
[0.00637282]
[0.00637295]
[0.00637598]
[0.00637384]
[0.0063726]
[0.00636913]
[0.00637281]
[0.00637666]
[0.00637403]
[0.006379]
[0.00637334]
[0.00637299]
[0.00637284]
[0.00637411]
[0.00637543]
[0.00637319]
[0.00637633]
[0.00637116]
[0.00637869]
[0.00637578]
[0.00636823]
[0.00637486]
[0.00637299]
[0.00637531]
[0.00637538]
[0.0063753]
[0.00637108]
[0.00637185]
[0.00637495]
[0.006369]
[0.00637716]
[0.00637077]
[0.00637157]
[0.00637346]
[0.00637163]
[0.00636945]
[0.00637356]
[0.00637266]
[0.00637074]
[0.00637221]
[0.00637372]
[0.00637295]
[0.00637332]
[0.00637128]
[0.00637044]
[0.00637277]
[0.00637189]
[0.00637428]
[0.00637675]
[0.0063731]
[0.00636993]
[0.00637391]
[0.00637199]
[0.0063718]
[0.00637348]
[0.00637476]
[0.00637504]
[0.00637219]
[0.00637812]
[0.00637202]
[0.00637517]
[0.00637756]
[0.00637302]
[0.00637066]
[0.00637367]
[0.0063735]
[0.006374]
[0.00637061]
[0.00637371]
[0.0063741]
[0.00637501]
[0.00637537]
[0.0063747]
[0.00637369]
[0.00637607]
[0.00637298]
[0.00637039]
[0.00637376]
[0.00637648]
[0.006375]
[0.00637613]
[0.00637421]
[0.00637377]
[0.00637303]
[0.00637329]
[0.00637262]
[0.00637087]
[0.00636881]
[0.00637602]
[0.00637524]
[0.00637464]
[0.00637504]
[0.00637425]
[0.006374]
[0.00637441]
[0.00637832]
[0.00637367]
[0.00637507]
[0.00637316]
[0.0063698]
[0.0063737]
[0.00637621]
[0.00637308]
[0.00636983]
[0.00637564]
[0.00637722]
[0.00637509]
[0.00637695]
[0.00637191]
[0.0063746]
[0.00636991]
[0.00637303]
[0.00637508]
[0.00637162]
[0.00637391]
[0.00637401]
[0.00637563]
[0.00636975]
[0.00637307]
[0.00637577]
[0.00637521]
[0.00637452]
[0.00637713]
[0.00637568]
[0.00637549]
[0.0063728]
[0.00637029]
[0.00637447]
[0.00637418]
[0.00637568]
[0.00636639]
[0.00637315]
[0.00637383]
[0.00637408]
[0.00637045]
[0.0063767]
[0.00637549]
[0.00636913]
[0.00637323]
[0.00637526]
[0.006375]
[0.00637262]
[0.00637118]
[0.00637468]
[0.00637059]
[0.00637609]
[0.0063722]
[0.00637152]
[0.00637546]
[0.0063751]
[0.00637407]
[0.00637056]
[0.00637347]
[0.00637251]
[0.00637617]
[0.0063722]
[0.0063756]
[0.00637398]
[0.00636889]
[0.00636724]
[0.00637405]
[0.00637426]
[0.00637187]
[0.00637264]
[0.0063741]
[0.00637399]
[0.0063752]
[0.00637779]
[0.00637621]
[0.00637335]
[0.00637509]
[0.00637373]
[0.00637439]
[0.00637377]
[0.00637484]
[0.0063719]
[0.00637358]
[0.00636989]
[0.00637236]
[0.00637637]
[0.00637261]
[0.00637675]
[0.00637073]
[0.00637481]
[0.00637441]
[0.00637451]
[0.00637839]
[0.0063713]
[0.00637481]
[0.00637305]
[0.00637041]
[0.00636838]
[0.00637433]
[0.00637578]
[0.00637455]
[0.00637314]
[0.00637385]
[0.00637343]
[0.00637401]
[0.00636909]
[0.00636862]
[0.00637411]
[0.00637482]
[0.00637136]
[0.0063729]
[0.00637469]
[0.00637419]
[0.00637298]
[0.00637463]
[0.0063725]
[0.00637469]
[0.0063747]
[0.00636963]
[0.00637211]
[0.0063749]
[0.00637248]
[0.00637555]
[0.0063725]
[0.00637261]
[0.00637346]
[0.00637408]
[0.00637169]
[0.00637036]
[0.00637289]
[0.00637197]
[0.00637468]
[0.0063735]
[0.00637214]
[0.00637231]
[0.00637077]
[0.00637655]
[0.00637301]
[0.00637899]
[0.00637435]
[0.00637455]
[0.00637473]
[0.00637623]
[0.00636835]
[0.00637788]
[0.00637366]
[0.0063746]
[0.00637136]
[0.00637411]
[0.00636957]
[0.0063708]
[0.00636906]
[0.0063761]
[0.00637282]
[0.00637557]
[0.00637442]
[0.00637299]
[0.00637641]
[0.00637338]
[0.00636936]
[0.00637052]
[0.00637394]
[0.00637223]
[0.00637586]
[0.00636863]
[0.00637407]
[0.0063706]
[0.00637476]
[0.00637127]
[0.00637328]
[0.00637389]
[0.00637374]
[0.00637233]
[0.0063741]
[0.00637438]
[0.00637176]
[0.00637136]
[0.00637263]
[0.00637322]
[0.00637326]
[0.00637557]
[0.00637474]
[0.00637005]
[0.00637724]
[0.00636834]
[0.00637547]
[0.00637197]
[0.00637613]
[0.00637492]
[0.00637313]
[0.00637487]
[0.0063768]
[0.00637479]
[0.0063749]
[0.00637463]
[0.00637576]
[0.00637802]
[0.00637213]
[0.00637422]
[0.00637441]
[0.00637346]
[0.00637513]
[0.00637136]
[0.00637181]
[0.00636989]
[0.0063765]
[0.00637737]
[0.00637579]
[0.00637516]
[0.00636983]
[0.00637148]
[0.00637317]
[0.00637326]
[0.00637386]
[0.00637592]
[0.00637407]
[0.00636876]
[0.00637374]
[0.00637593]
[0.00637377]
[0.00637141]
[0.00636977]
[0.00637443]
[0.00637688]
[0.00637618]
[0.00637397]
[0.00637294]
[0.00637391]
[0.00637535]
[0.00637459]
[0.00636788]
[0.0063737]
[0.00638092]
[0.00637679]
[0.00637057]
[0.00637408]
[0.00637482]
[0.00637507]
[0.0063734]
[0.00637431]
[0.00637435]
[0.00637102]
[0.00637197]
[0.0063755]
[0.00637515]
[0.00637241]
[0.00637485]
[0.00636846]
[0.00637001]
[0.00636972]
[0.00637491]
[0.00637199]
[0.0063748]
[0.00637356]
[0.0063704]
[0.00636901]
[0.00637283]
[0.00637412]
[0.00637435]
[0.00637269]
[0.00637403]
[0.00637885]
[0.00636571]
[0.00637261]
[0.00637408]
[0.0063729]
[0.00637098]
[0.00637673]
[0.00637485]
[0.00637071]
[0.00637146]
[0.00637507]
[0.0063749]
[0.00636831]
[0.00637353]
[0.00637571]
[0.00637545]
[0.00636987]
[0.00637396]
[0.00637233]
[0.00637265]
[0.00637622]
[0.00637214]
[0.00637573]
[0.0063765]
[0.00637146]
[0.00637077]
[0.00637503]
[0.00637337]
[0.00637591]
[0.00637573]
[0.0063762]
[0.00637585]
[0.00637196]
[0.00637345]
[0.00637443]
[0.00637422]
[0.00637334]
[0.00637149]
[0.00637499]
[0.00637416]
[0.00637419]
[0.00637557]
[0.00637093]
[0.00637641]
[0.006372]
[0.00637292]
[0.0063735]
[0.00637407]
[0.00637441]
[0.00637226]
[0.00637231]
[0.00637629]
[0.00637391]
[0.00637026]
[0.00637232]
[0.00637144]
[0.006373]
[0.00637324]
[0.00637587]
[0.00637371]
[0.00637398]
[0.00637819]
[0.00637343]
[0.00636764]
[0.00637331]
[0.00637073]
[0.00637448]
[0.00637396]
[0.00637483]
[0.00637779]
[0.00636902]
[0.00637749]
[0.00637316]
[0.00637277]
[0.00637112]
[0.00637546]
[0.00637331]
[0.00637436]
[0.00637399]
[0.00637365]
[0.00637786]
[0.00637532]
[0.006375]
[0.00637603]
[0.00637375]
[0.00637377]
[0.00637349]
[0.00637424]
[0.00637444]
[0.00637014]
[0.00637177]
[0.00637238]
[0.00637129]
[0.00637104]
[0.00637651]
[0.00637445]
[0.00637307]
[0.00637244]
[0.00637689]
[0.00637392]
[0.00637566]
[0.0063748]
[0.00637697]
[0.00636969]
[0.00637592]
[0.00637241]
[0.00637295]
[0.00637556]
[0.00637469]
[0.00637029]
[0.00637158]
[0.00637757]
[0.00637009]
[0.00636975]
[0.00637279]
[0.00637475]
[0.00637502]
[0.00637325]
[0.00637697]
[0.00637309]
[0.00637458]
[0.00637467]
[0.00637768]
[0.00637019]
[0.00637238]
[0.0063747]
[0.00637099]
[0.00637179]
[0.00637003]
[0.00637189]
[0.00637454]
[0.00637544]
[0.00636849]
[0.00637046]
[0.00637031]
[0.00637258]
[0.00637232]
[0.00637417]
[0.00637268]
[0.00637202]
[0.00637229]
[0.00637324]
[0.00637586]
[0.00637536]
[0.00636973]
[0.00637197]
[0.00637472]
[0.00637469]
[0.00637379]
[0.00636957]
[0.00637751]
[0.00637201]
[0.0063748]
[0.00637017]
[0.00637075]
[0.00637381]
[0.00637386]
[0.00637376]
[0.00637641]
[0.00637193]
[0.00637485]
[0.00637445]
[0.00637415]
[0.00637395]
[0.00637588]
[0.00636941]
[0.00637785]
[0.00636919]
[0.00637517]
[0.00637587]
[0.00637295]
[0.00637366]
[0.00637243]
[0.00637551]
[0.00637373]
[0.00637668]
[0.00637354]
[0.00637164]
[0.00637568]
[0.00637265]
[0.00637392]
[0.00637182]
[0.0063722]
[0.00637522]
[0.0063728]
[0.0063771]
[0.00637311]
[0.00637462]
[0.0063777]
[0.00637635]
[0.00636928]
[0.00637115]
[0.00636791]
[0.0063771]
[0.00637657]
[0.00637118]
[0.00637579]
[0.00637713]
[0.00637241]
[0.00637321]
[0.00637468]
[0.00637519]
[0.00637545]
[0.00637389]
[0.00637383]
[0.00637375]
[0.00637455]
[0.00637438]
[0.00637676]
[0.00637467]
[0.00636946]
[0.00637465]
[0.00637764]
[0.00637088]
[0.00637688]
[0.00636918]
[0.00637465]
[0.00637757]
[0.00637408]
[0.00637243]
[0.00637862]
[0.00637587]
[0.00637181]
[0.00637324]
[0.00637664]
[0.00637016]
[0.0063741]
[0.00637353]
[0.00637044]
[0.00637435]
[0.0063715]
[0.00637456]
[0.00636784]
[0.00637295]
[0.00637891]
[0.00637209]
[0.00637718]
[0.00637345]
[0.0063732]
[0.00637136]
[0.0063677]
[0.0063689]
[0.00637441]
[0.00637242]
[0.00637374]
[0.00637228]
[0.00637186]
[0.00637539]
[0.00637529]
[0.00637413]
[0.00637236]
[0.00637448]
[0.00637246]
[0.00637435]
[0.00637285]
[0.00637374]
[0.0063744]
[0.00637346]
[0.00636877]
[0.00637587]
[0.00637208]
[0.00637427]
[0.00637397]
[0.0063737]
[0.00637322]
[0.00637352]
[0.00637063]
[0.00637628]
[0.00637128]
[0.00637106]
[0.00637616]
[0.00637525]
[0.00637746]
[0.00637036]
[0.00637319]
[0.00637524]
[0.00637516]
[0.00637578]
[0.00637226]
[0.00636974]
[0.00637416]
[0.00637386]
[0.00637537]
[0.00637672]
[0.00637391]
[0.00637183]
[0.00636928]
[0.00637391]
[0.00637163]
[0.00637316]
[0.00637347]
[0.00636988]
[0.00637205]
[0.00637384]
[0.00637426]
[0.00637615]
[0.00637287]
[0.00637427]
[0.00637427]
[0.00637481]
[0.00637499]
[0.00637558]
[0.00637537]
[0.00636779]
[0.00637623]
[0.00637429]
[0.00636894]
[0.00637321]
[0.00637547]
[0.00637235]
[0.0063722]
[0.00637536]
[0.00637686]
[0.00637295]
[0.00637588]
[0.00637252]
[0.0063734]
[0.00637369]
[0.0063732]
[0.00637772]
[0.00637264]
[0.00637417]
[0.00637715]
[0.00636863]
[0.00637477]
[0.00637332]
[0.00637405]
[0.00637076]
[0.0063741]
[0.00637045]
[0.00637451]
[0.00637543]
[0.00637794]
[0.00637174]
[0.00637389]
[0.00637142]
[0.00637467]
[0.00637411]
[0.0063762]
[0.00637744]
[0.00636983]
[0.00637003]
[0.00637334]
[0.00637533]
[0.00637364]
[0.00637101]
[0.00637391]
[0.00637535]
[0.00637089]
[0.00637306]
[0.00637527]
[0.00637129]
[0.00637339]
[0.00637372]
[0.00637431]
[0.00637343]
[0.00637493]
[0.00637397]
[0.00637035]
[0.00636985]
[0.00637461]
[0.00637144]
[0.00637349]
[0.00637064]
[0.00637452]
[0.00637339]
[0.00637375]
[0.00637574]
[0.00637472]
[0.00637289]
[0.00636914]
[0.00637435]
[0.00637735]
[0.00637407]
[0.00637209]
[0.00637571]
[0.00637352]
[0.00637021]
[0.00637292]
[0.00636883]
[0.00636815]
[0.00637234]
[0.00637231]
[0.00637319]
[0.00637592]
[0.00637556]
[0.00637132]
[0.00637346]
[0.0063746]
[0.00637399]
[0.00637666]
[0.00637492]
[0.00637348]
[0.0063758]
[0.00637337]
[0.00637174]
[0.00637281]
[0.00637165]
[0.00637363]
[0.00637394]
[0.00637462]
[0.0063752]
[0.00637293]
[0.00637261]
[0.0063753]
[0.0063748]
[0.00637389]
[0.00637113]
[0.00637605]
[0.00637244]
[0.00637411]
[0.00637497]
[0.00636709]
[0.0063741]
[0.00637113]
[0.0063733]
[0.00637459]
[0.00637379]
[0.00637605]
[0.00637722]
[0.00637381]
[0.00637591]
[0.00637022]
[0.00637557]
[0.00637347]
[0.00637045]
[0.00637612]
[0.00637346]
[0.00637228]
[0.00637456]
[0.00637785]
[0.00637398]
[0.0063712]
[0.00637174]
[0.00637106]
[0.00637045]
[0.00637039]
[0.00637533]
[0.00637689]
[0.00637361]
[0.0063754]
[0.00637299]
[0.00637367]
[0.00637212]
[0.006376]
[0.00637109]
[0.0063705]
[0.00637301]
[0.0063713]
[0.00637783]
[0.00637634]
[0.00637129]
[0.00637542]
[0.0063691]
[0.00637656]
[0.00637402]
[0.00637315]
[0.00637516]
[0.00637409]
[0.00637145]
[0.00637378]
[0.00637233]
[0.00637072]
[0.00637289]
[0.00637421]
[0.00637292]
[0.00637721]
[0.00637317]
[0.00637238]
[0.00637515]
[0.00637156]
[0.00637257]
[0.00637078]
[0.00637228]
[0.0063738]
[0.00637326]
[0.00637465]
[0.00637275]
[0.00637285]
[0.00637326]
[0.00637547]
[0.00637573]
[0.00637927]
[0.00637224]
[0.00636994]
[0.00637444]
[0.00637463]
[0.00637336]
[0.00637618]
[0.00637116]
[0.00637415]
[0.00637651]
[0.00637234]
[0.00637266]
[0.00637024]
[0.00637695]
[0.00637185]
[0.0063735]
[0.00636896]
[0.00637751]
[0.00637301]
[0.00637283]
[0.00637069]
[0.00636069]
[0.00637458]
[0.00637292]
[0.00637282]
[0.00637035]
[0.00637221]
[0.00637663]
[0.00637356]
[0.00636518]
[0.0063753]
[0.00637103]
[0.00637254]
[0.00636986]
[0.00637667]
[0.0063718]
[0.00637353]
[0.00637344]
[0.00637349]
[0.00637223]
[0.00637423]
[0.0063732]
[0.00637422]
[0.00637264]
[0.00637404]
[0.00637111]
[0.00637387]
[0.00637612]
[0.00636714]
[0.00637121]
[0.00637329]
[0.00637598]
[0.00637297]
[0.00637443]
[0.00637284]
[0.00637267]
[0.0063771]
[0.00637484]
[0.00637433]
[0.00637246]
[0.00637345]
[0.00637276]
[0.00636926]
[0.00636954]
[0.00637401]
[0.00637262]
[0.00637485]
[0.00637191]
[0.00637691]
[0.00637367]
[0.00637199]
[0.00637279]
[0.00637204]
[0.00637301]
[0.00637565]
[0.00637488]
[0.00637088]
[0.00637266]
[0.00637352]
[0.00637466]
[0.00637343]
[0.00637085]
[0.00637478]
[0.00637839]
[0.00637433]
[0.00636888]
[0.0063768]
[0.00637405]
[0.00636821]
[0.00637502]
[0.006375]
[0.00637339]
[0.00636905]
[0.00637292]
[0.00637524]
[0.00637319]
[0.00637166]
[0.00637028]
[0.00637112]
[0.00637039]
[0.00637001]
[0.00637339]
[0.00637515]
[0.00637673]
[0.00637209]
[0.00637266]
[0.00637463]
[0.00637409]
[0.0063702]
[0.00637838]
[0.00637417]
[0.0063759]
[0.00637334]
[0.00637391]
[0.00637232]
[0.00637353]
[0.00637659]
[0.00637545]
[0.00637416]
[0.00637326]
[0.00637062]
[0.00637199]
[0.00637398]
[0.00637398]
[0.00637199]
[0.00637085]
[0.00637396]
[0.00637458]
[0.00637056]
[0.00636891]
[0.00637532]
[0.00637227]
[0.00637525]
[0.00637138]
[0.00637539]
[0.0063757]
[0.00636931]
[0.00637017]
[0.0063699]
[0.00637498]
[0.00637343]
[0.00637276]
[0.00637492]
[0.00637196]
[0.00637197]
[0.00637278]
[0.00637586]
[0.00637318]
[0.00637149]
[0.00637331]
[0.00637351]
[0.00637271]
[0.00637765]
[0.0063744]
[0.0063716]
[0.00637276]
[0.00637498]
[0.00636878]
[0.00637333]
[0.00637271]
[0.00637438]
[0.00637206]
[0.00637521]
[0.00637496]
[0.00637605]
[0.00637201]
[0.00637349]
[0.00637235]
[0.0063742]
[0.00637858]
[0.00637246]
[0.00636929]
[0.00636733]
[0.00637399]
[0.00637218]
[0.00637241]
[0.00637022]
[0.0063752]
[0.00637289]
[0.00637099]
[0.00637305]
[0.00637437]
[0.00637574]
[0.00637712]
[0.00637246]
[0.00637374]
[0.00637388]
[0.00637864]
[0.00637677]
[0.00637267]
[0.0063743]
[0.00637537]
[0.00637325]
[0.00637066]
[0.00637398]
[0.00637028]
[0.0063768]
[0.00637899]
[0.00637519]
[0.00637498]
[0.00637712]
[0.00637539]
[0.00637797]
[0.00637304]
[0.00637481]
[0.00637097]
[0.00637122]
[0.00637404]
[0.00637515]
[0.00637908]
[0.00636933]
[0.0063727]
[0.00637221]
[0.00637846]
[0.00637884]
[0.00637168]
[0.00637567]
[0.00636698]
[0.00637013]
[0.00637574]
[0.00637409]
[0.00637512]
[0.00637768]
[0.00637566]
[0.00637111]
[0.00637211]
[0.0063717]
[0.00637083]
[0.00637459]
[0.00637356]
[0.00637184]
[0.00637191]
[0.00637298]
[0.00637438]
[0.00637134]
[0.00637362]
[0.0063708]
[0.00637327]
[0.00637439]
[0.00637842]
[0.0063722]
[0.00636706]
[0.00637459]
[0.00637069]
[0.00636974]
[0.00637472]
[0.00637512]
[0.00637407]
[0.00637137]
[0.00636999]
[0.00637317]
[0.00637171]
[0.00637457]
[0.00636931]
[0.00637533]
[0.00637604]
[0.00637762]
[0.00637089]
[0.00637275]
[0.00637463]
[0.00637369]
[0.0063711]
[0.00637509]
[0.00637447]
[0.00637267]
[0.00637359]
[0.00637735]
[0.00637357]
[0.00636913]
[0.00637237]
[0.00637485]
[0.00637478]
[0.00637015]
[0.00637743]
[0.00637309]
[0.00637459]
[0.00637521]
[0.00637127]
[0.00637434]
[0.00637637]
[0.00637202]
[0.00637287]
[0.00637066]
[0.00637371]
[0.00637475]
[0.00636874]
[0.00637257]
[0.00637642]
[0.00637173]
[0.00637217]
[0.00637305]
[0.00637675]
[0.00637836]
[0.00637073]
[0.00637699]
[0.00636862]
[0.00637578]
[0.00637697]
[0.00637212]
[0.00637011]
[0.00637675]
[0.00637497]
[0.0063767]
[0.00637294]
[0.00637397]
[0.00637606]
[0.0063749]
[0.00637694]
[0.00637682]
[0.00637173]
[0.00637416]
[0.00637249]
[0.00636939]
[0.00637369]
[0.00637511]
[0.00637283]
[0.00637368]
[0.00637442]
[0.00637373]
[0.00637051]
[0.00637254]
[0.00637101]
[0.00637305]
[0.00637507]
[0.00637425]
[0.00637654]
[0.00637169]
[0.00637484]
[0.00637241]
[0.00637122]
[0.00637318]
[0.00637445]
[0.00637058]
[0.00637451]
[0.00637465]
[0.00637523]
[0.00637569]
[0.00637697]
[0.00637827]
[0.00637414]
[0.00637484]
[0.00637571]
[0.00637257]
[0.00637055]
[0.00637507]
[0.00637337]
[0.00637823]
[0.00637367]
[0.00637431]
[0.00637466]
[0.00637483]
[0.00637485]
[0.00637177]
[0.00637286]
[0.00637698]
[0.0063736]
[0.00637512]
[0.00637869]
[0.00637416]
[0.00637574]
[0.0063744]
[0.00637417]
[0.0063768]
[0.00636937]
[0.00637655]
[0.00637485]
[0.00637358]
[0.00637686]
[0.00637505]
[0.00637427]
[0.00637604]
[0.00637258]
[0.00636685]
[0.00637232]
[0.00637094]
[0.00637371]
[0.00637974]
[0.00637327]
[0.006373]
[0.00637172]
[0.00637302]
[0.0063743]
[0.00637335]
[0.00637603]
[0.00637269]
[0.00637704]
[0.00637417]
[0.00637599]
[0.00637702]
[0.00637294]
[0.00637478]
[0.00636978]
[0.00637231]
[0.00637021]
[0.00637192]
[0.00637523]
[0.00637337]
[0.00637299]
[0.00637296]
[0.00637404]
[0.00637482]
[0.00637147]
[0.0063727]
[0.00637684]
[0.00637171]
[0.00637697]
[0.00637335]
[0.0063765]
[0.00637265]
[0.00637294]
[0.00637381]
[0.00637454]
[0.00637229]
[0.00637444]
[0.00637402]
[0.00637368]
[0.00637739]
[0.00637383]
[0.0063719]
[0.00637381]
[0.0063709]
[0.00637284]
[0.00637178]
[0.00637591]
[0.00637126]
[0.00637355]
[0.00637273]
[0.00637215]
[0.00637388]
[0.00637067]
[0.00637723]
[0.00637296]
[0.00637694]
[0.0063763]
[0.0063764]
[0.00637326]
[0.00637408]
[0.00637662]
[0.00637095]
[0.00637564]
[0.00637038]
[0.00637325]
[0.00637333]
[0.00636891]
[0.00637151]
[0.0063719]
[0.00637171]
[0.00636738]
[0.00637538]
[0.0063761]
[0.00637395]
[0.00637397]
[0.00637261]
[0.00637086]
[0.00636849]
[0.00637512]
[0.00637331]
[0.00637129]
[0.00636993]
[0.00637358]
[0.00637422]
[0.00637042]
[0.00637252]
[0.00637334]
[0.00637452]
[0.00637592]
[0.00637457]
[0.00637482]
[0.00636995]
[0.00637086]
[0.00637135]
[0.0063687]
[0.00637445]
[0.00637358]
[0.00637317]
[0.00637471]
[0.00637513]
[0.00637121]
[0.00637614]
[0.00637338]
[0.00637588]
[0.00637393]
[0.00637115]
[0.00637547]
[0.00637525]
[0.00637384]
[0.00637281]
[0.0063754]
[0.00637006]
[0.00636855]
[0.00637737]
[0.0063733]
[0.00637745]
[0.0063731]
[0.00637513]
[0.00637933]
[0.00637152]
[0.00637734]
[0.00636886]
[0.00636834]
[0.00637174]
[0.00637815]
[0.0063691]
[0.0063708]
[0.00637291]
[0.00637394]
[0.00637334]
[0.00637632]
[0.0063716]
[0.00637342]
[0.00637378]
[0.00637663]
[0.00637447]
[0.00637604]
[0.00637276]
[0.00637246]
[0.00637337]
[0.00637273]
[0.00637232]
[0.00637423]
[0.00637199]
[0.00637347]
[0.00637312]
[0.00637638]
[0.0063737]
[0.00637457]
[0.00637669]
[0.0063698]
[0.00637349]
[0.00637443]
[0.00637337]
[0.00637517]
[0.00637284]
[0.00636999]
[0.00637465]
[0.00637581]
[0.00636907]
[0.00637327]
[0.00637536]
[0.00637304]
[0.00637333]
[0.00637364]
[0.00637258]
[0.00637613]
[0.00637228]
[0.00637094]
[0.00637206]
[0.00637393]
[0.0063693]
[0.00637343]
[0.00637438]
[0.0063749]
[0.00637306]
[0.00637239]
[0.00636879]
[0.00637099]
[0.00637179]
[0.00637246]
[0.0063765]
[0.00637679]
[0.00637207]
[0.00637228]
[0.00636919]
[0.00637054]
[0.00637072]
[0.00637254]
[0.00636748]
[0.00637448]
[0.00637449]
[0.00637289]
[0.00637858]
[0.00637193]
[0.00637394]
[0.00637335]
[0.00637378]
[0.00636845]
[0.00637531]
[0.00637374]
[0.00637693]
[0.00636922]
[0.00637529]
[0.00637401]
[0.00637459]
[0.00636847]
[0.00637322]
[0.00637452]
[0.00636842]
[0.00636905]
[0.00637385]
[0.00637198]
[0.00637357]
[0.00637007]
[0.00637482]
[0.00637562]
[0.00637466]
[0.00637663]
[0.00637028]
[0.00637572]
[0.00637342]
[0.00637369]
[0.00637422]
[0.00637369]
[0.00637458]
[0.00637278]
[0.00637501]
[0.00637568]
[0.00637074]
[0.00637551]
[0.00637581]
[0.00637649]
[0.00637711]
[0.00637426]
[0.00637276]
[0.00637129]
[0.00637452]
[0.00637161]
[0.00637442]
[0.00637353]
[0.00637603]
[0.00637674]
[0.00637226]
[0.00637495]
[0.00637418]
[0.00637333]
[0.0063764]
[0.00637239]
[0.00637323]
[0.00637296]
[0.00637277]
[0.00637533]
[0.0063722]
[0.00637339]
[0.00636938]
[0.00637554]
[0.00637764]
[0.00637474]
[0.00637169]
[0.00637749]
[0.00637217]
[0.00637597]
[0.00637582]
[0.00637317]
[0.00637674]
[0.0063716]
[0.00637428]
[0.0063703]
[0.0063745]
[0.00637504]
[0.00637642]
[0.00637327]
[0.00637375]
[0.0063761]
[0.00637594]
[0.00637806]
[0.0063744]
[0.00637342]
[0.00637858]
[0.00637332]
[0.00637562]
[0.00637326]
[0.0063725]
[0.00636937]
[0.00637362]
[0.00637266]
[0.0063713]
[0.00637523]
[0.00637174]
[0.00636824]
[0.00637363]
[0.00637731]
[0.00637158]
[0.00637184]
[0.00637525]
[0.00637162]
[0.00637298]
[0.00637393]
[0.00636901]
[0.00637324]
[0.0063744]
[0.00637531]
[0.00637486]
[0.00637028]
[0.0063736]
[0.00637501]
[0.00637509]
[0.00637348]
[0.00637411]
[0.0063716]
[0.00637452]
[0.00637329]
[0.00637455]
[0.00637444]
[0.00637821]
[0.00637008]
[0.0063662]
[0.00637241]
[0.00637167]
[0.00637578]
[0.00637157]
[0.00637613]
[0.0063753]
[0.00636957]
[0.00636944]
[0.00637573]
[0.00637769]
[0.00637595]
[0.00637323]
[0.00637526]
[0.00637545]
[0.00637403]
[0.00636978]
[0.00637117]
[0.00637473]
[0.00636922]
[0.00636973]
[0.00637685]
[0.00637212]
[0.00637424]
[0.00637634]
[0.00637275]
[0.00637306]
[0.00637242]
[0.0063744]
[0.00637115]
[0.0063726]
[0.00637148]
[0.0063655]
[0.00637416]
[0.00637007]
[0.00637202]
[0.00637072]
[0.00637289]
[0.00637511]
[0.00637429]
[0.00637165]
[0.00637461]
[0.0063705]
[0.00637091]
[0.00637317]
[0.00637439]
[0.00637865]
[0.00637366]
[0.00637496]
[0.00637563]
[0.00637696]
[0.00637427]
[0.00637592]
[0.00637429]
[0.00637722]
[0.00637493]
[0.00637617]
[0.00636956]
[0.00636958]
[0.00637263]
[0.00637521]
[0.00636998]
[0.00637316]
[0.00636884]
[0.00637745]
[0.00637437]
[0.00637447]
[0.00637122]
[0.00637445]
[0.00637648]
[0.00637277]
[0.0063716]
[0.00637435]
[0.00637588]
[0.00637115]
[0.006369]
[0.00637275]
[0.00637348]
[0.00637305]
[0.00637252]
[0.00637508]
[0.00637451]
[0.00637472]
[0.00637466]
[0.00636934]
[0.00637313]
[0.00637339]
[0.00637511]
[0.00637245]
[0.00637353]
[0.00637289]
[0.00637162]
[0.00637028]
[0.0063699]
[0.00637224]
[0.00637323]
[0.00637158]
[0.00636896]
[0.00637454]
[0.00637397]
[0.0063685]
[0.00637641]
[0.0063746]
[0.00637304]
[0.00637472]
[0.00637001]
[0.00637518]
[0.00636914]
[0.00637249]
[0.00637732]
[0.0063738]
[0.00637355]
[0.00637314]
[0.00636756]
[0.00637495]
[0.00637319]
[0.00637406]
[0.00637464]
[0.00637366]
[0.00637244]
[0.00637464]
[0.0063743]
[0.00637294]
[0.00637085]
[0.00637697]
[0.00637185]
[0.00637379]
[0.00637321]
[0.00637453]
[0.00637272]
[0.00637323]
[0.00637388]
[0.00637124]
[0.00637489]
[0.00637393]
[0.00637015]
[0.00637335]
[0.00636852]
[0.00637575]
[0.0063729]
[0.00637211]
[0.006373]
[0.00637286]
[0.00637447]
[0.00637468]
[0.00637212]
[0.00637396]
[0.00637427]
[0.00637223]
[0.00637403]
[0.00637796]
[0.00636889]
[0.00637287]
[0.0063747]
[0.00637326]
[0.00637568]
[0.00637329]
[0.00637382]
[0.00637342]
[0.0063723]
[0.00637326]
[0.00637545]
[0.00637311]
[0.00637232]
[0.00637215]
[0.00637222]
[0.00637434]
[0.00637285]
[0.00637262]
[0.00637319]
[0.00637279]
[0.0063724]
[0.00637457]
[0.00637634]
[0.00637281]
[0.00637216]
[0.00637438]
[0.00637427]
[0.00637409]
[0.00637124]
[0.00637518]
[0.00637134]
[0.00637823]
[0.00637304]
[0.00637356]
[0.006374]
[0.00637417]
[0.00637563]
[0.00637555]
[0.00637063]
[0.00637335]
[0.00636995]
[0.00637611]
[0.006373]
[0.00637437]
[0.00636985]
[0.00637121]
[0.00637248]
[0.00637677]
[0.00637452]
[0.00637189]
[0.00637384]
[0.00637188]
[0.00637136]
[0.00637823]
[0.00637353]
[0.00637459]
[0.00636953]
[0.00637494]
[0.00637176]
[0.00637194]
[0.00637417]
[0.00637416]
[0.00637503]
[0.00637433]
[0.00637283]
[0.00637745]
[0.00637291]
[0.00637448]
[0.00637587]
[0.00637581]
[0.00637582]
[0.00637524]
[0.00637586]
[0.0063729]
[0.00637519]
[0.00637552]
[0.00637538]
[0.00637047]
[0.00637508]
[0.00637814]
[0.00637246]
[0.00636898]
[0.00636881]
[0.00637246]
[0.00637647]
[0.00637525]
[0.00637512]
[0.00637342]
[0.00636641]
[0.00637291]
[0.00637064]
[0.00637207]
[0.00637298]
[0.00637334]
[0.00637607]
[0.00637749]
[0.00637407]
[0.00637274]
[0.0063721]
[0.00636862]
[0.00637692]
[0.00637446]
[0.00637043]
[0.00637623]
[0.00637219]
[0.00637644]
[0.00637062]
[0.00637475]
[0.00637231]
[0.00637499]
[0.00637505]
[0.00637168]
[0.00637241]
[0.0063747]
[0.00637552]
[0.00637283]
[0.00637188]
[0.00637281]
[0.00637347]
[0.00637385]
[0.00637411]
[0.0063788]
[0.0063756]
[0.0063723]
[0.00637086]
[0.00637246]
[0.00637417]
[0.00637388]
[0.00637643]
[0.00637211]
[0.00637599]
[0.00636828]
[0.00637124]
[0.00637139]
[0.00637289]
[0.00637247]
[0.00637211]
[0.00637284]
[0.00637372]
[0.00637134]
[0.0063729]
[0.0063714]
[0.00637159]
[0.00637352]
[0.00637378]
[0.00637591]
[0.00637257]
[0.00636929]
[0.00637311]
[0.00637687]
[0.00637272]
[0.00637625]
[0.00637022]
[0.00636892]
[0.00637321]
[0.00637242]
[0.00637652]
[0.00637055]
[0.00637179]
[0.00637553]
[0.00637429]
[0.00637245]
[0.00637417]
[0.00636807]
[0.00637562]
[0.00636982]
[0.00637174]
[0.0063708]
[0.00637481]
[0.00637761]
[0.00637744]
[0.00637208]
[0.00637232]
[0.0063694]
[0.00637383]
[0.00637296]
[0.00637514]
[0.00637245]
[0.00637639]
[0.00637568]
[0.00637003]
[0.00637055]
[0.0063748]
[0.00637209]
[0.00637306]
[0.00637826]
[0.00637491]
[0.0063763]
[0.00637305]
[0.00637424]
[0.00637595]
[0.00637699]
[0.00637281]
[0.00637501]
[0.00637582]
[0.00637404]
[0.00637319]
[0.00637591]
[0.00637408]
[0.00637269]
[0.00637116]
[0.00637224]
[0.00637429]
[0.00637402]
[0.00637179]
[0.00637158]
[0.00637306]
[0.00637524]
[0.00637539]
[0.00637433]
[0.00637363]
[0.00637057]
[0.00637504]
[0.0063721]
[0.006374]
[0.00637221]
[0.00637749]
[0.00637366]
[0.00637498]
[0.00637402]
[0.00636756]
[0.0063681]
[0.00637063]
[0.00637528]
[0.00637623]
[0.00637412]
[0.00637242]
[0.00637233]
[0.00637274]
[0.0063693]
[0.00637302]
[0.00637533]
[0.00637191]
[0.00637299]
[0.00637384]
[0.0063683]
[0.00637494]
[0.00637043]
[0.00637472]
[0.00637332]
[0.00637812]
[0.00637418]
[0.00637255]
[0.00637197]
[0.00637066]
[0.00637377]
[0.00637719]
[0.00637293]
[0.00637127]
[0.00637212]
[0.00637087]
[0.00637477]
[0.00637187]
[0.00637653]
[0.00637532]
[0.0063732]
[0.00637108]
[0.0063722]
[0.00637467]
[0.00637478]
[0.00637046]
[0.00637481]
[0.00637393]
[0.00637436]
[0.00637449]
[0.00637067]
[0.00637073]
[0.00636979]
[0.0063756]
[0.00637472]
[0.00637514]
[0.00637338]
[0.00637402]
[0.00637447]
[0.00637484]
[0.00637099]
[0.00637548]
[0.00637308]
[0.00637611]
[0.00636717]
[0.00637454]
[0.00637632]
[0.00636756]
[0.00637213]
[0.00637138]
[0.00637042]
[0.00637139]
[0.00636866]
[0.00637175]
[0.00637437]
[0.00637364]
[0.00637773]
[0.00637633]
[0.00637573]
[0.00637341]
[0.00637322]
[0.00637543]
[0.00637389]
[0.00637619]
[0.00637853]
[0.00637441]
[0.00637159]
[0.00637491]
[0.00637184]
[0.00637191]
[0.00637216]
[0.00637439]
[0.00637151]
[0.0063759]
[0.00637319]
[0.00637503]
[0.00637536]
[0.00637615]
[0.00637206]
[0.0063741]
[0.00637531]
[0.00637478]
[0.0063758]
[0.00637627]
[0.00637604]
[0.00637595]
[0.00636599]
[0.00637619]
[0.0063736]
[0.00637239]
[0.0063705]
[0.00637684]
[0.00637299]
[0.00637206]
[0.00637674]
[0.00637249]
[0.0063742]
[0.00637138]
[0.00637167]
[0.00637319]
[0.00637223]
[0.00637237]
[0.00637509]
[0.0063726]
[0.00637507]
[0.00637529]
[0.00637624]
[0.00637479]
[0.00637513]
[0.00637391]
[0.00637356]
[0.00637658]
[0.00637885]
[0.0063718]
[0.00637377]
[0.00637186]
[0.00637509]
[0.00637456]
[0.00637544]
[0.00637036]
[0.00637161]
[0.00636824]
[0.00637336]
[0.00637293]
[0.00637345]
[0.00637153]
[0.00637418]
[0.00637234]
[0.00637495]
[0.00637155]
[0.00637417]
[0.00637659]
[0.00637264]
[0.00637223]
[0.00637256]
[0.00637007]
[0.0063711]
[0.00637344]
[0.00637424]
[0.00637528]
[0.00637285]
[0.00637542]
[0.00637758]
[0.00637383]
[0.00637153]
[0.00637448]
[0.0063722]
[0.00637344]
[0.00637267]
[0.0063728]
[0.00637669]
[0.00637433]
[0.00637309]
[0.00637545]
[0.0063745]
[0.00637299]
[0.00637501]
[0.00636974]
[0.00637216]
[0.00637009]
[0.00637497]
[0.00636938]
[0.00637249]
[0.00637105]
[0.00637193]
[0.00637068]
[0.00637461]
[0.00636975]
[0.00637168]
[0.00637318]
[0.00637536]
[0.00637079]
[0.00637317]
[0.00637315]
[0.0063707]
[0.00637547]
[0.00636991]
[0.00637024]
[0.00637121]
[0.00637383]
[0.00637452]
[0.00637342]
[0.00637165]
[0.00637363]
[0.00637513]
[0.00637309]
[0.00637059]
[0.00637231]
[0.00637145]
[0.00637202]
[0.00637211]
[0.00637474]
[0.00637191]
[0.00637156]
[0.00636896]
[0.00637586]
[0.00637624]
[0.00637041]
[0.0063833]
[0.0063752]
[0.00637296]
[0.00637453]
[0.00636937]
[0.00637755]
[0.00637447]
[0.00637323]
[0.00637525]
[0.00637807]
[0.00637]
[0.00637564]
[0.00637432]
[0.00637643]
[0.00637182]
[0.00637304]
[0.00637591]
[0.00637455]
[0.00637588]
[0.00637442]
[0.00637086]
[0.006378]
[0.00637046]
[0.00637723]
[0.00637438]
[0.00637435]
[0.00637498]
[0.00637623]
[0.00637174]
[0.0063749]
[0.00637619]
[0.00637267]
[0.00637778]
[0.00637287]
[0.00637305]
[0.00637514]
[0.00637442]
[0.00636974]
[0.00637674]
[0.00637475]
[0.00637378]
[0.00637847]
[0.00637]
[0.00637533]
[0.00636766]
[0.0063742]
[0.00637924]
[0.00637089]
[0.006374]
[0.00637095]
[0.00637356]
[0.00636799]
[0.00637458]
[0.00637395]
[0.00637205]
[0.00637497]
[0.00637757]
[0.00637589]
[0.00637271]
[0.00637231]
[0.00637189]
[0.00637504]
[0.00637216]
[0.00637351]
[0.00637019]
[0.0063733]
[0.00637542]
[0.0063685]
[0.00637781]
[0.00637239]
[0.00637773]
[0.00637357]
[0.00637573]
[0.00637476]
[0.00637372]
[0.00636958]
[0.00636983]
[0.00637184]
[0.00636969]
[0.00637397]
[0.00637457]
[0.0063748]
[0.00637283]
[0.00637147]
[0.0063771]
[0.00637114]
[0.0063714]
[0.00637595]
[0.00637396]
[0.00637348]
[0.00637346]
[0.006374]
[0.00637337]
[0.0063752]
[0.00637612]
[0.00637446]
[0.00637341]
[0.00637428]
[0.00637464]
[0.00637573]
[0.00637007]
[0.00636834]
[0.00637101]
[0.00637137]
[0.00637139]
[0.00637191]
[0.00637593]
[0.00637073]
[0.00637422]
[0.00636899]
[0.00637005]
[0.00637523]
[0.00637307]
[0.00636974]
[0.00637193]
[0.0063732]
[0.00637585]
[0.00637586]
[0.00637052]
[0.0063734]
[0.00637489]
[0.00637233]
[0.00637587]
[0.00637109]
[0.00637682]
[0.00636949]
[0.00637397]
[0.00637382]
[0.00637469]
[0.00637605]
[0.00637202]
[0.00637481]
[0.00637543]
[0.00637271]
[0.00637564]
[0.00637159]
[0.00637122]
[0.00637629]
[0.00637172]
[0.00637331]
[0.00637545]
[0.00637181]
[0.00637259]
[0.00637276]
[0.00637247]
[0.00637377]
[0.00636959]
[0.00637216]
[0.0063713]
[0.0063713]
[0.00637297]
[0.00637456]
[0.00637432]
[0.00637158]
[0.00637509]
[0.00637273]
[0.00637139]
[0.00637788]
[0.00637401]
[0.00637569]
[0.00637102]
[0.00637349]
[0.00637398]
[0.00637733]
[0.00637456]
[0.00637874]
[0.00637092]
[0.00636887]
[0.00637559]
[0.00637516]
[0.00637815]
[0.00637555]
[0.00637325]
[0.00637147]
[0.00637436]
[0.00637671]
[0.00637317]
[0.00637416]
[0.00637523]
[0.00637895]
[0.00637488]
[0.00637099]
[0.00637495]
[0.00636772]
[0.00637158]
[0.00637315]
[0.0063728]
[0.00637408]
[0.0063725]
[0.00637529]
[0.00637319]
[0.00637515]
[0.00637327]
[0.00637308]
[0.00637258]
[0.00637457]
[0.00637708]
[0.00637301]
[0.0063763]
[0.0063715]
[0.00637349]
[0.0063702]
[0.0063717]
[0.00637541]
[0.00637628]
[0.00637105]
[0.00637584]
[0.00637475]
[0.00637499]
[0.00637514]
[0.00637511]
[0.00637424]
[0.00637398]
[0.0063746]
[0.00637559]
[0.0063711]
[0.00637555]
[0.00637526]
[0.00636693]
[0.0063736]
[0.0063742]
[0.00637584]
[0.00637636]
[0.00637549]
[0.00637609]
[0.00636921]
[0.0063711]
[0.00637592]
[0.00637364]
[0.00637232]
[0.00637465]
[0.00637461]
[0.00637201]
[0.00637192]
[0.00637494]
[0.00637441]
[0.00637643]
[0.00637261]
[0.00637495]
[0.00637166]
[0.00637032]
[0.00637702]
[0.00637606]
[0.00636981]
[0.0063752]
[0.00637606]
[0.00637289]
[0.00637562]
[0.00637539]
[0.0063745]
[0.00637127]
[0.00637593]
[0.00637286]
[0.00637327]
[0.00637421]
[0.00637548]
[0.00637676]
[0.00637128]
[0.00637576]
[0.00637332]
[0.00637348]
[0.00637446]
[0.00637248]
[0.00637469]
[0.00637369]
[0.00637444]
[0.0063733]
[0.00637546]
[0.00637693]
[0.00637139]
[0.00637287]
[0.00637343]
[0.00637324]
[0.00637193]
[0.00637141]
[0.00637007]
[0.00637544]
[0.00637507]
[0.00637392]
[0.00637538]
[0.00637449]
[0.00637486]
[0.00637459]
[0.00637476]
[0.00637489]
[0.00637419]
[0.00637502]
[0.00637172]
[0.00636986]
[0.00637279]
[0.0063735]
[0.00637218]
[0.00637289]
[0.00637471]
[0.00637367]
[0.00637512]
[0.00637309]
[0.00637483]
[0.00637727]
[0.00637157]
[0.00637138]
[0.00637367]
[0.00637364]
[0.0063745]
[0.00637618]
[0.00637473]
[0.00637511]
[0.00636804]
[0.00637388]
[0.00637066]
[0.00637406]
[0.00637057]
[0.00637303]
[0.00637]
[0.00637119]
[0.00637565]
[0.00637664]
[0.00637341]
[0.00637566]
[0.00637344]
[0.00637341]
[0.00637553]
[0.0063764]
[0.00637347]
[0.00637328]
[0.00637384]
[0.00637146]
[0.00637565]
[0.00636861]
[0.00637287]
[0.00636985]
[0.0063773]
[0.00637261]
[0.00637404]
[0.00637615]
[0.00637683]
[0.00636911]
[0.00637367]
[0.0063721]
[0.00637623]
[0.00637521]
[0.00636978]
[0.00637324]
[0.00637403]
[0.00637167]
[0.00637674]
[0.00636916]
[0.00637406]
[0.00637237]
[0.00637319]
[0.00637192]
[0.00637375]
[0.00637865]
[0.00637374]
[0.00637087]
[0.00637448]
[0.0063735]
[0.0063726]
[0.00637425]
[0.00637157]
[0.00637308]
[0.00637406]
[0.00637242]
[0.00637527]
[0.00637636]
[0.00636963]
[0.00637034]
[0.00637343]
[0.0063755]
[0.00637066]
[0.00637926]
[0.00637458]
[0.00637462]
[0.00637539]
[0.00636923]
[0.006371]
[0.00637032]
[0.00637249]
[0.00637489]
[0.00637318]
[0.00636996]
[0.00637135]
[0.00637479]
[0.00637023]
[0.00637499]
[0.00637057]
[0.00637644]
[0.00637063]
[0.00636909]
[0.00637395]
[0.00637107]
[0.00637675]
[0.0063728]
[0.00637278]
[0.00637375]
[0.00637157]
[0.00637731]
[0.00637403]
[0.00637457]
[0.00637202]
[0.00637262]
[0.00637126]
[0.00637296]
[0.00637967]
[0.00637535]
[0.00637297]
[0.00637174]
[0.00636944]
[0.00637408]
[0.00636993]
[0.00637584]
[0.00637493]
[0.00637346]
[0.00636944]
[0.00637451]
[0.00637752]
[0.00637613]
[0.00637382]
[0.00636903]
[0.00637458]
[0.00637591]
[0.00637986]
[0.00637353]
[0.00637204]
[0.00637337]
[0.00637602]
[0.00637606]
[0.00637693]
[0.00637718]
[0.00637473]
[0.00637328]
[0.00637303]
[0.00637051]
[0.00637401]
[0.00637608]
[0.00637422]
[0.0063725]
[0.00637387]
[0.00637013]
[0.00637042]
[0.00637305]
[0.00637007]
[0.00637406]
[0.00636721]
[0.00637329]
[0.00637525]
[0.0063706]
[0.00637712]
[0.00637654]
[0.00637297]
[0.00636331]
[0.00637058]
[0.00637484]
[0.0063741]
[0.00637349]
[0.00637241]
[0.00637426]
[0.00637576]
[0.00637087]
[0.00636997]
[0.00637424]
[0.00637211]
[0.00637282]
[0.00637603]
[0.00637449]
[0.0063721]
[0.00637082]
[0.00637386]
[0.0063765]
[0.00637352]
[0.00637434]
[0.00637489]
[0.00637143]
[0.00637333]
[0.00637391]
[0.0063755]
[0.00637115]
[0.00637388]
[0.00637062]
[0.0063756]
[0.00637298]
[0.00637415]
[0.00637632]
[0.00637479]
[0.00636984]
[0.00636957]
[0.00637448]
[0.00637229]
[0.00637329]
[0.00637231]
[0.00637296]
[0.00637342]
[0.00637055]
[0.00637271]
[0.00637294]
[0.00637151]
[0.0063749]
[0.00637408]
[0.00637164]
[0.00637348]
[0.0063673]
[0.00637567]
[0.00637019]
[0.00637348]
[0.00637392]
[0.00637502]
[0.00637346]
[0.00637819]
[0.00637807]
[0.00637675]
[0.00637534]
[0.00637626]
[0.00637233]
[0.00637648]
[0.00637359]
[0.00637076]
[0.00637528]
[0.00637293]
[0.00637409]
[0.00637313]
[0.00637082]
[0.00637274]
[0.00637103]
[0.00637445]
[0.00637184]
[0.0063736]
[0.00637414]
[0.00637171]
[0.00637098]
[0.00637317]
[0.00637357]
[0.00637294]
[0.00637163]
[0.0063768]
[0.00637672]
[0.00637055]
[0.00637402]
[0.00637447]
[0.00637655]
[0.00637723]
[0.00637467]
[0.00637461]
[0.00637214]
[0.00637399]
[0.00636811]
[0.00637528]
[0.00637237]
[0.00637399]
[0.00637518]
[0.00636965]
[0.00637295]
[0.00637385]
[0.0063723]
[0.00637574]
[0.00637526]
[0.00637436]
[0.0063703]
[0.00637392]
[0.00637366]
[0.00637489]
[0.00637733]
[0.0063716]
[0.00636994]
[0.00637765]
[0.00637555]
[0.00637619]
[0.00637533]
[0.00637488]
[0.00637539]
[0.00637453]
[0.00637435]
[0.00637419]
[0.00637349]
[0.00637441]
[0.00636899]
[0.00637365]
[0.00637307]
[0.00637692]
[0.00637267]
[0.00637344]
[0.00637383]
[0.0063757]
[0.00637648]
[0.00637626]
[0.00637199]
[0.00637438]
[0.00637468]
[0.00637771]
[0.00636848]
[0.00637542]
[0.00637412]
[0.00637378]
[0.00637153]
[0.00637434]
[0.00637447]
[0.00637741]
[0.00637804]
[0.00637156]
[0.00637502]
[0.00636838]
[0.00637414]
[0.00637378]
[0.00637504]
[0.00637392]
[0.00637496]
[0.00637791]
[0.00637257]
[0.0063719]
[0.00637344]
[0.00637081]
[0.00637311]
[0.00637447]
[0.00636929]
[0.00637582]
[0.00637518]
[0.00637324]
[0.0063726]
[0.00636894]
[0.00637698]
[0.00637084]
[0.00637277]
[0.006376]
[0.0063712]
[0.00637674]
[0.00637444]
[0.00637053]
[0.00637366]
[0.00637472]
[0.00637745]
[0.00637484]
[0.00637498]
[0.00637625]
[0.00637298]
[0.00637619]
[0.00637139]
[0.0063712]
[0.00637413]
[0.00637753]
[0.00637073]
[0.00637571]
[0.00637333]
[0.00637249]
[0.00637422]
[0.00637258]
[0.00637471]
[0.00637589]
[0.00637351]
[0.00637624]
[0.00637417]
[0.00637501]
[0.00637261]
[0.00637259]
[0.00637039]
[0.00637453]
[0.00637208]
[0.00637761]
[0.00637737]
[0.00637414]
[0.00637763]
[0.006373]
[0.0063712]
[0.00637451]
[0.00637422]
[0.00637386]
[0.00637296]
[0.00637084]
[0.00637463]
[0.00637593]
[0.00637414]
[0.00637413]
[0.00637112]
[0.00637355]
[0.00637552]
[0.00637074]
[0.00637573]
[0.00637476]
[0.00637401]
[0.00636952]
[0.00637213]
[0.00637106]
[0.00637014]
[0.00637353]
[0.00637443]
[0.00637663]
[0.00637203]
[0.00637286]
[0.00637576]
[0.00637494]
[0.00637479]
[0.00637429]
[0.00637082]
[0.00637247]
[0.00636756]
[0.00637182]
[0.00637077]
[0.00637015]
[0.00636953]
[0.00637124]
[0.00637508]
[0.00637567]
[0.00637194]
[0.00637155]
[0.00637599]
[0.00637581]
[0.00637033]
[0.00637589]
[0.00637741]
[0.00637263]
[0.00637335]
[0.00637259]
[0.00637343]
[0.00637528]
[0.00637217]
[0.0063717]
[0.00637173]
[0.00637498]
[0.00637252]
[0.00637292]
[0.00637436]
[0.00637385]
[0.00637493]
[0.00637114]
[0.00636868]
[0.00637327]
[0.00637436]
[0.00637031]
[0.00637364]
[0.00637378]
[0.00637326]
[0.00637411]
[0.00637583]
[0.00637372]
[0.00637154]
[0.00637673]
[0.00637672]
[0.00637197]
[0.00637474]
[0.00637473]
[0.00637602]
[0.00637542]
[0.00637109]
[0.00637409]
[0.00637228]
[0.00637356]
[0.00637523]
[0.00637471]
[0.00636619]
[0.0063782]
[0.0063744]
[0.00637377]
[0.00637248]
[0.00637096]
[0.00637429]
[0.006378]
[0.00637236]
