[6.786801]
[6.7867174]
[6.786808]
[6.786791]
[6.7874427]
[6.786548]
[6.7875524]
[6.7868075]
[6.7869444]
[6.7874923]
[6.78688]
[6.7868385]
[6.786788]
[6.787525]
[6.7867217]
[6.7867055]
[6.786711]
[6.7867923]
[6.7877345]
[6.78704]
[6.7870526]
[6.7868495]
[6.786739]
[6.78766]
[6.786609]
[6.7868686]
[6.786633]
[6.786717]
[6.7868013]
[6.7868724]
[6.7865806]
[6.7874575]
[6.786723]
[6.7873693]
[6.787514]
[6.786906]
[6.7866673]
[6.7868676]
[6.7867684]
[6.787995]
[6.7867966]
[6.786696]
[6.786678]
[6.7869196]
[6.7868576]
[6.7868443]
[6.7876954]
[6.7876515]
[6.7866483]
[6.7877846]
[6.786911]
[6.786629]
[6.7870173]
[6.7868133]
[6.7869883]
[6.787832]
[6.7866654]
[6.7867966]
[6.7867274]
[6.7866125]
[6.7868466]
[6.7867093]
[6.7869887]
[6.78736]
[6.786869]
[6.7866554]
[6.7869925]
[6.786613]
[6.7869644]
[6.786855]
[6.78668]
[6.787521]
[6.787454]
[6.786819]
[6.786657]
[6.787662]
[6.7867346]
[6.786664]
[6.786736]
[6.786694]
[6.7867684]
[6.7868323]
[6.786857]
[6.786856]
[6.7875147]
[6.7868447]
[6.7867327]
[6.786821]
[6.786726]
[6.786841]
[6.7868958]
[6.7868357]
[6.786861]
[6.787004]
[6.78669]
[6.787001]
[6.786746]
[6.786901]
[6.7875204]
[6.786699]
[6.786654]
[6.7874975]
[6.786649]
[6.7868958]
[6.78682]
[6.7869143]
[6.7868385]
[6.7866893]
[6.7871118]
[6.7867913]
[6.7866635]
[6.7868543]
[6.786667]
[6.788046]
[6.786996]
[6.787084]
[6.7869487]
[6.7869515]
[6.788304]
[6.7868085]
[6.7872176]
[6.7869697]
[6.7867045]
[6.786717]
[6.7871027]
[6.786902]
[6.786865]
[6.786785]
[6.787391]
[6.7866144]
[6.7869167]
[6.7867885]
[6.7868204]
[6.787493]
[6.786709]
[6.786715]
[6.786737]
[6.786607]
[6.786894]
[6.787146]
[6.786923]
[6.7866683]
[6.786909]
[6.7874928]
[6.7867312]
[6.7869296]
[6.786857]
[6.7866797]
[6.786815]
[6.786611]
[6.786865]
[6.787104]
[6.786906]
[6.7869]
[6.7867036]
[6.7867527]
[6.7866955]
[6.786755]
[6.7868266]
[6.786574]
[6.7867475]
[6.786781]
[6.7867475]
[6.7868943]
[6.7866926]
[6.7869067]
[6.7866435]
[6.7874846]
[6.7866716]
[6.7867894]
[6.7875247]
[6.7867374]
[6.786712]
[6.786707]
[6.786923]
[6.78699]
[6.7866693]
[6.7869134]
[6.786812]
[6.7866716]
[6.7875648]
[6.7878385]
[6.786625]
[6.786877]
[6.7874737]
[6.786799]
[6.786845]
[6.786716]
[6.787548]
[6.786917]
[6.786759]
[6.786614]
[6.786876]
[6.787541]
[6.786945]
[6.78685]
[6.7867484]
[6.7870493]
[6.786982]
[6.7868905]
[6.7875705]
[6.7865767]
[6.786823]
[6.7868085]
[6.7868104]
[6.78674]
[6.786707]
[6.787551]
[6.7867303]
[6.7868624]
[6.7869473]
[6.7869296]
[6.7868586]
[6.7870502]
[6.7867513]
[6.7875757]
[6.7869687]
[6.7879534]
[6.787717]
[6.786689]
[6.787633]
[6.7867994]
[6.786698]
[6.786871]
[6.7868237]
[6.7867537]
[6.7866797]
[6.7866225]
[6.7875285]
[6.7875514]
[6.7867885]
[6.7875304]
[6.7868547]
[6.786859]
[6.786614]
[6.7876797]
[6.7868]
[6.786657]
[6.786885]
[6.787559]
[6.7867785]
[6.786813]
[6.7867]
[6.7871413]
[6.786636]
[6.7871814]
[6.7869186]
[6.788235]
[6.7866864]
[6.786892]
[6.78694]
[6.7868643]
[6.787494]
[6.7869124]
[6.7866235]
[6.7874236]
[6.7867737]
[6.7875004]
[6.7866964]
[6.7872367]
[6.7867374]
[6.787534]
[6.7867436]
[6.7866807]
[6.7870173]
[6.786623]
[6.786649]
[6.7868323]
[6.7871385]
[6.786767]
[6.786695]
[6.786667]
[6.787708]
[6.7867746]
[6.786678]
[6.786612]
[6.7868075]
[6.7867827]
[6.786731]
[6.7868943]
[6.7868714]
[6.7869363]
[6.7869163]
[6.787485]
[6.786996]
[6.7867894]
[6.786889]
[6.7876077]
[6.787418]
[6.7869134]
[6.786798]
[6.78745]
[6.7866917]
[6.786836]
[6.7875066]
[6.7868714]
[6.7866764]
[6.7868743]
[6.7874727]
[6.7867484]
[6.7875304]
[6.786982]
[6.786857]
[6.787456]
[6.7868886]
[6.786794]
[6.786691]
[6.7870173]
[6.786673]
[6.7868505]
[6.788057]
[6.7865124]
[6.7874913]
[6.7867675]
[6.786836]
[6.7867074]
[6.7866693]
[6.7883377]
[6.7875633]
[6.7867866]
[6.7866592]
[6.7868037]
[6.7866673]
[6.7875347]
[6.786647]
[6.786949]
[6.786835]
[6.78684]
[6.7867684]
[6.78655]
[6.7868266]
[6.7867312]
[6.7875504]
[6.7868714]
[6.7877584]
[6.7866864]
[6.786881]
[6.7869]
[6.7867837]
[6.7867346]
[6.786603]
[6.7868934]
[6.7866974]
[6.786618]
[6.786855]
[6.7871084]
[6.786737]
[6.787111]
[6.7868686]
[6.786844]
[6.7867002]
[6.7867827]
[6.7869916]
[6.7875333]
[6.7870517]
[6.787104]
[6.786677]
[6.786577]
[6.7866197]
[6.7866607]
[6.7866774]
[6.7869353]
[6.7868743]
[6.7869315]
[6.7868843]
[6.786674]
[6.7869024]
[6.78669]
[6.7881765]
[6.787125]
[6.78686]
[6.7870646]
[6.786878]
[6.7868633]
[6.786657]
[6.786805]
[6.786734]
[6.7866654]
[6.7866054]
[6.786598]
[6.787026]
[6.787077]
[6.7875037]
[6.7869563]
[6.7869506]
[6.7866554]
[6.7867866]
[6.786892]
[6.7877026]
[6.7866893]
[6.7867336]
[6.7867284]
[6.78686]
[6.7869053]
[6.786738]
[6.786696]
[6.786821]
[6.7875004]
[6.7866035]
[6.786733]
[6.787454]
[6.7866335]
[6.786636]
[6.7868342]
[6.7867465]
[6.7870793]
[6.786574]
[6.7869086]
[6.7867656]
[6.7868824]
[6.786933]
[6.786752]
[6.786941]
[6.7868333]
[6.7868314]
[6.786676]
[6.7866445]
[6.786884]
[6.7869363]
[6.7871137]
[6.7875323]
[6.786882]
[6.786799]
[6.786786]
[6.7873445]
[6.7869797]
[6.7868314]
[6.7875447]
[6.7868667]
[6.7866955]
[6.786952]
[6.786851]
[6.7871957]
[6.786899]
[6.7878494]
[6.786674]
[6.7869105]
[6.7875285]
[6.7867484]
[6.786807]
[6.7866983]
[6.786699]
[6.786873]
[6.7874947]
[6.786831]
[6.787501]
[6.786637]
[6.7867007]
[6.7866135]
[6.787016]
[6.7868795]
[6.788379]
[6.786693]
[6.7868896]
[6.7868295]
[6.787476]
[6.787503]
[6.7869215]
[6.787679]
[6.7867885]
[6.7874546]
[6.786863]
[6.786696]
[6.7867126]
[6.7868185]
[6.7869835]
[6.787096]
[6.7865834]
[6.788204]
[6.7868156]
[6.7867775]
[6.786658]
[6.7875147]
[6.7865977]
[6.786714]
[6.786877]
[6.786691]
[6.7867193]
[6.787152]
[6.786948]
[6.7867455]
[6.7867637]
[6.7867866]
[6.786818]
[6.788141]
[6.7868524]
[6.786826]
[6.7874255]
[6.7867236]
[6.786859]
[6.786594]
[6.7868886]
[6.78693]
[6.786878]
[6.7868466]
[6.78752]
[6.78701]
[6.7868586]
[6.7867084]
[6.78666]
[6.787145]
[6.786718]
[6.7866397]
[6.786757]
[6.7868466]
[6.7868104]
[6.7875705]
[6.786823]
[6.7868333]
[6.7867007]
[6.7866364]
[6.7868843]
[6.7875457]
[6.787484]
[6.78666]
[6.7868466]
[6.7867675]
[6.787579]
[6.786923]
[6.786835]
[6.7868934]
[6.7866282]
[6.786773]
[6.787515]
[6.7868886]
[6.7875414]
[6.786637]
[6.7867436]
[6.7875094]
[6.7867765]
[6.7866597]
[6.7868853]
[6.7874985]
[6.786637]
[6.786806]
[6.786753]
[6.787749]
[6.7875543]
[6.7880497]
[6.7880387]
[6.7872443]
[6.786864]
[6.7868085]
[6.786881]
[6.7867875]
[6.786985]
[6.7866616]
[6.7867837]
[6.786742]
[6.7867985]
[6.7867928]
[6.7868776]
[6.786796]
[6.7869983]
[6.7869115]
[6.786659]
[6.7867913]
[6.787818]
[6.786608]
[6.7875295]
[6.78667]
[6.7868357]
[6.786654]
[6.7866673]
[6.7868743]
[6.786693]
[6.786668]
[6.787584]
[6.7867513]
[6.7869616]
[6.7870493]
[6.7866716]
[6.7867255]
[6.7867165]
[6.7868557]
[6.787074]
[6.7867055]
[6.786804]
[6.7868195]
[6.7869196]
[6.7875113]
[6.786736]
[6.787494]
[6.787493]
[6.786742]
[6.7867293]
[6.7866693]
[6.786658]
[6.7866917]
[6.7867503]
[6.7867184]
[6.786672]
[6.7868295]
[6.7868276]
[6.7869267]
[6.786604]
[6.7870636]
[6.7869186]
[6.7876363]
[6.7868953]
[6.786798]
[6.78672]
[6.786876]
[6.7867384]
[6.7867584]
[6.7867136]
[6.7867947]
[6.7868547]
[6.7875466]
[6.786658]
[6.786855]
[6.786875]
[6.787479]
[6.786851]
[6.786803]
[6.786886]
[6.7879696]
[6.7866664]
[6.7874827]
[6.78674]
[6.7865825]
[6.7868023]
[6.7867074]
[6.787559]
[6.7870045]
[6.7867675]
[6.787166]
[6.786755]
[6.7868404]
[6.7867656]
[6.7866693]
[6.7869945]
[6.786694]
[6.786577]
[6.786879]
[6.786997]
[6.7866836]
[6.7869062]
[6.786898]
[6.786847]
[6.7868576]
[6.7869077]
[6.7874017]
[6.7867684]
[6.7867527]
[6.7869024]
[6.7869306]
[6.7875237]
[6.7867904]
[6.7868237]
[6.7869277]
[6.786934]
[6.7867756]
[6.7868443]
[6.786757]
[6.7875414]
[6.786683]
[6.786815]
[6.788273]
[6.7866936]
[6.786846]
[6.7874846]
[6.786847]
[6.7867465]
[6.7867064]
[6.7868404]
[6.786924]
[6.7875276]
[6.7868586]
[6.7867255]
[6.7875485]
[6.7868724]
[6.7868447]
[6.786797]
[6.78663]
[6.7867713]
[6.786882]
[6.78706]
[6.7868037]
[6.78689]
[6.787521]
[6.7866983]
[6.786693]
[6.7869086]
[6.786784]
[6.7867727]
[6.7869334]
[6.7878566]
[6.7867618]
[6.786718]
[6.7868996]
[6.786749]
[6.786859]
[6.7868457]
[6.7868233]
[6.7867165]
[6.7866044]
[6.786741]
[6.786646]
[6.7875586]
[6.786712]
[6.787811]
[6.7875166]
[6.7866693]
[6.7869544]
[6.7867937]
[6.787789]
[6.78695]
[6.7869034]
[6.7868013]
[6.787435]
[6.7867208]
[6.7868547]
[6.786875]
[6.787234]
[6.78684]
[6.7869325]
[6.786771]
[6.7867475]
[6.7866936]
[6.7869034]
[6.787739]
[6.7865977]
[6.787476]
[6.786921]
[6.7876744]
[6.7868924]
[6.7866354]
[6.786657]
[6.7867045]
[6.7878413]
[6.786158]
[6.7870917]
[6.7867856]
[6.786673]
[6.7865696]
[6.7877064]
