[-0.00027923]
[-0.00027986]
[-0.00027967]
[-0.00027937]
[-0.00027821]
[-0.00027911]
[-0.00027868]
[-0.00027781]
[-0.00027879]
[-0.00028014]
[-0.00027839]
[-0.00027926]
[-0.0002794]
[-0.00027946]
[-0.00027896]
[-0.00027912]
[-0.0002794]
[-0.00027755]
[-0.00027908]
[-0.00027982]
[-0.00027955]
[-0.00027884]
[-0.000279]
[-0.00027962]
[-0.00027802]
[-0.00027916]
[-0.00027921]
[-0.00027967]
[-0.00027967]
[-0.00027876]
[-0.00027901]
[-0.00027903]
[-0.00027797]
[-0.00027959]
[-0.00027997]
[-0.00027952]
[-0.00027938]
[-0.00027852]
[-0.00027896]
[-0.00027936]
[-0.00027876]
[-0.00027735]
[-0.00027877]
[-0.00027691]
[-0.00027816]
[-0.00027682]
[-0.00027824]
[-0.00027896]
[-0.00027919]
[-0.0002786]
[-0.00027871]
[-0.00027955]
[-0.00027818]
[-0.00027794]
[-0.00027794]
[-0.0002798]
[-0.00027762]
[-0.00027811]
[-0.00027798]
[-0.00027838]
[-0.00027889]
[-0.00027777]
[-0.00027989]
[-0.0002789]
[-0.00027892]
[-0.00027977]
[-0.00027865]
[-0.00027741]
[-0.00027945]
[-0.00028039]
[-0.00027926]
[-0.00027934]
[-0.00028036]
[-0.00027952]
[-0.00027811]
[-0.00027752]
[-0.00027675]
[-0.00027844]
[-0.00027896]
[-0.00027852]
[-0.00027835]
[-0.00027859]
[-0.00027904]
[-0.00027958]
[-0.00027809]
[-0.00027969]
[-0.00027917]
[-0.00027873]
[-0.00027815]
[-0.00027839]
[-0.00027943]
[-0.0002792]
[-0.0002791]
[-0.00028017]
[-0.00027892]
[-0.00027926]
[-0.00027953]
[-0.00027963]
[-0.00027972]
[-0.00027879]
[-0.00027851]
[-0.0002787]
[-0.00027943]
[-0.00027883]
[-0.00027942]
[-0.00027884]
[-0.00027856]
[-0.00027947]
[-0.00027916]
[-0.00027902]
[-0.00027963]
[-0.00027954]
[-0.0002791]
[-0.00027645]
[-0.00027723]
[-0.00027893]
[-0.00027934]
[-0.00027903]
[-0.00027845]
[-0.00027849]
[-0.0002794]
[-0.00027809]
[-0.0002798]
[-0.00027969]
[-0.00027823]
[-0.0002792]
[-0.00027984]
[-0.00027998]
[-0.00027809]
[-0.0002789]
[-0.00027931]
[-0.00027845]
[-0.00027941]
[-0.0002786]
[-0.0002767]
[-0.00027876]
[-0.00027934]
[-0.00027854]
[-0.0002788]
[-0.00027946]
[-0.00027999]
[-0.00027856]
[-0.00027839]
[-0.00027797]
[-0.00027832]
[-0.00027888]
[-0.00027783]
[-0.00027831]
[-0.00027909]
[-0.00027911]
[-0.00027976]
[-0.00027893]
[-0.0002805]
[-0.00027848]
[-0.00027914]
[-0.00027882]
[-0.00027919]
[-0.00027966]
[-0.00027922]
[-0.00027821]
[-0.00027925]
[-0.00027878]
[-0.00027833]
[-0.00027916]
[-0.00027804]
[-0.00027913]
[-0.00027897]
[-0.00027875]
[-0.00027809]
[-0.00027891]
[-0.00027808]
[-0.00027998]
[-0.00027846]
[-0.00027869]
[-0.00027923]
[-0.00027918]
[-0.00027912]
[-0.00027827]
[-0.00027865]
[-0.00027893]
[-0.00027871]
[-0.00027901]
[-0.00027854]
[-0.00027716]
[-0.00027943]
[-0.00027831]
[-0.00027848]
[-0.0002788]
[-0.00027801]
[-0.00027906]
[-0.00027872]
[-0.00027915]
[-0.00027923]
[-0.00027836]
[-0.0002771]
[-0.00027916]
[-0.00027864]
[-0.00027893]
[-0.00027932]
[-0.00027898]
[-0.00027913]
[-0.00027892]
[-0.00027881]
[-0.00027918]
[-0.00027908]
[-0.00027911]
[-0.00028066]
[-0.00027822]
[-0.0002785]
[-0.00027967]
[-0.0002784]
[-0.00027946]
[-0.00027815]
[-0.00027905]
[-0.0002792]
[-0.00027829]
[-0.00027998]
[-0.0002784]
[-0.00027753]
[-0.00027723]
[-0.00027861]
[-0.00027957]
[-0.00027883]
[-0.0002791]
[-0.00027951]
[-0.00027948]
[-0.00027948]
[-0.00027785]
[-0.00027836]
[-0.00027842]
[-0.00027962]
[-0.00027941]
[-0.00027868]
[-0.00027867]
[-0.00027868]
[-0.00027832]
[-0.00027951]
[-0.00027914]
[-0.00027966]
[-0.00027915]
[-0.00027874]
[-0.00027766]
[-0.0002787]
[-0.00027749]
[-0.00027846]
[-0.00027906]
[-0.00027747]
[-0.00027964]
[-0.00027941]
[-0.00027974]
[-0.00027735]
[-0.00027907]
[-0.0002781]
[-0.00027707]
[-0.0002791]
[-0.0002793]
[-0.00027981]
[-0.00027855]
[-0.00027844]
[-0.00027927]
[-0.00027978]
[-0.00027905]
[-0.00027862]
[-0.00027645]
[-0.00027971]
[-0.000278]
[-0.00027944]
[-0.0002781]
[-0.00027813]
[-0.0002798]
[-0.00027866]
[-0.00027924]
[-0.0002792]
[-0.0002794]
[-0.00027695]
[-0.00027854]
[-0.0002776]
[-0.00027814]
[-0.00027975]
[-0.00027797]
[-0.00027885]
[-0.00027923]
[-0.00027886]
[-0.00027831]
[-0.00027824]
[-0.00027761]
[-0.00027912]
[-0.00027848]
[-0.00027881]
[-0.00028028]
[-0.00027855]
[-0.00027901]
[-0.00027825]
[-0.00027958]
[-0.00027973]
[-0.00027812]
[-0.00027892]
[-0.00027849]
[-0.00027947]
[-0.00027938]
[-0.00027886]
[-0.00027915]
[-0.00027821]
[-0.00027901]
[-0.00027897]
[-0.00027907]
[-0.00027939]
[-0.00027787]
[-0.00027924]
[-0.00027955]
[-0.00027894]
[-0.00027955]
[-0.00027915]
[-0.00027831]
[-0.00027735]
[-0.00027997]
[-0.0002786]
[-0.00027966]
[-0.000279]
[-0.00027897]
[-0.00027839]
[-0.00027959]
[-0.00027862]
[-0.00027954]
[-0.0002792]
[-0.00027781]
[-0.00027892]
[-0.0002786]
[-0.00027766]
[-0.00027971]
[-0.00028034]
[-0.00027975]
[-0.00027921]
[-0.00027868]
[-0.00027923]
[-0.00027803]
[-0.00028045]
[-0.0002788]
[-0.00027956]
[-0.00027877]
[-0.0002797]
[-0.00027953]
[-0.0002792]
[-0.00028032]
[-0.00027927]
[-0.00027956]
[-0.0002773]
[-0.00027796]
[-0.00027741]
[-0.00027902]
[-0.00027746]
[-0.00027874]
[-0.00027783]
[-0.00027862]
[-0.00027683]
[-0.00027902]
[-0.00027857]
[-0.00027973]
[-0.00027938]
[-0.00027715]
[-0.00027944]
[-0.00027821]
[-0.00027968]
[-0.00027877]
[-0.00027827]
[-0.00027856]
[-0.00027893]
[-0.00027762]
[-0.00027829]
[-0.00027856]
[-0.00027972]
[-0.00027929]
[-0.00027727]
[-0.00027865]
[-0.0002774]
[-0.00027869]
[-0.00027877]
[-0.00027952]
[-0.00027805]
[-0.00027869]
[-0.00027895]
[-0.00027935]
[-0.00027949]
[-0.00027961]
[-0.00027929]
[-0.00027928]
[-0.00027914]
[-0.00027808]
[-0.00027807]
[-0.00027933]
[-0.000281]
[-0.00027917]
[-0.00027955]
[-0.00027865]
[-0.00027679]
[-0.00027916]
[-0.00027881]
[-0.00027789]
[-0.00027807]
[-0.00027984]
[-0.00027819]
[-0.00027819]
[-0.00027783]
[-0.00027886]
[-0.00027886]
[-0.00027909]
[-0.00027976]
[-0.00027704]
[-0.00027876]
[-0.00027809]
[-0.00027632]
[-0.00027738]
[-0.00027756]
[-0.00027871]
[-0.0002794]
[-0.00027962]
[-0.00027852]
[-0.00027883]
[-0.0002797]
[-0.00027781]
[-0.00027807]
[-0.00027832]
[-0.00027834]
[-0.00027901]
[-0.00027951]
[-0.00027671]
[-0.00027935]
[-0.00027912]
[-0.00027859]
[-0.00027865]
[-0.00027882]
[-0.00027683]
[-0.00027834]
[-0.00027962]
[-0.00027965]
[-0.00027934]
[-0.00027762]
[-0.00027937]
[-0.00027864]
[-0.00027936]
[-0.00028028]
[-0.00027902]
[-0.00027872]
[-0.00027875]
[-0.00027933]
[-0.00027923]
[-0.00027961]
[-0.00027976]
[-0.00027945]
[-0.00027757]
[-0.00027785]
[-0.00027981]
[-0.00027905]
[-0.00027941]
[-0.00027884]
[-0.0002797]
[-0.00027793]
[-0.00027907]
[-0.00027943]
[-0.00027985]
[-0.00027838]
[-0.00027834]
[-0.00027749]
[-0.00027928]
[-0.00027847]
[-0.00027787]
[-0.00027859]
[-0.00027857]
[-0.00027867]
[-0.00027948]
[-0.00027865]
[-0.00027922]
[-0.00027782]
[-0.00027832]
[-0.00027927]
[-0.00027921]
[-0.00027875]
[-0.00027785]
[-0.00027783]
[-0.00027931]
[-0.00027913]
[-0.00027999]
[-0.00027909]
[-0.0002801]
[-0.00027938]
[-0.00027903]
[-0.00027939]
[-0.00027953]
[-0.00027689]
[-0.0002799]
[-0.00027978]
[-0.00027991]
[-0.00027947]
[-0.00027913]
[-0.00027986]
[-0.00027959]
[-0.00027883]
[-0.00027809]
[-0.00027942]
[-0.00028067]
[-0.00027976]
[-0.00027737]
[-0.00027868]
[-0.00027864]
[-0.00027913]
[-0.00027895]
[-0.00027756]
[-0.00027887]
[-0.00027875]
[-0.00028021]
[-0.00027795]
[-0.00027919]
[-0.00027874]
[-0.00027955]
[-0.0002789]
[-0.00027903]
[-0.00027753]
[-0.00027994]
[-0.00027857]
[-0.0002792]
[-0.00027818]
[-0.00027796]
[-0.00027674]
[-0.00027968]
[-0.00027976]
[-0.00027901]
[-0.00027925]
[-0.00027976]
[-0.00027777]
[-0.00027862]
[-0.00027787]
[-0.00027869]
[-0.00027899]
[-0.00027941]
[-0.00027984]
[-0.00027971]
[-0.00027874]
[-0.00027883]
[-0.00027994]
[-0.00027921]
[-0.00027925]
[-0.00027856]
[-0.00027881]
[-0.00027962]
[-0.00027831]
[-0.0002782]
[-0.0002792]
[-0.00027921]
[-0.00027809]
[-0.00027848]
[-0.00027905]
[-0.000279]
[-0.00027805]
[-0.0002797]
[-0.00027909]
[-0.00027971]
[-0.00027951]
[-0.00027875]
[-0.00027871]
[-0.00027975]
[-0.00027897]
[-0.00027863]
[-0.0002785]
[-0.00027746]
[-0.00027982]
[-0.00028025]
[-0.0002793]
[-0.00027939]
[-0.0002796]
[-0.00028008]
[-0.00027794]
[-0.00027873]
[-0.00027888]
[-0.00027861]
[-0.00027849]
[-0.00027778]
[-0.00027883]
[-0.00027982]
[-0.00027893]
[-0.00027793]
[-0.00027928]
[-0.00027874]
[-0.00028016]
[-0.00027774]
[-0.00027767]
[-0.00027863]
[-0.00027844]
[-0.00027774]
[-0.00027688]
[-0.00027688]
[-0.0002793]
[-0.00027899]
[-0.00027867]
[-0.00027996]
[-0.00027941]
[-0.0002791]
[-0.00027851]
[-0.00027913]
[-0.00027749]
[-0.00027828]
[-0.00027745]
[-0.00027807]
[-0.00027852]
[-0.00027902]
[-0.00027908]
[-0.00027924]
[-0.00027997]
[-0.00027902]
[-0.00027882]
[-0.00027824]
[-0.00027863]
[-0.00027916]
[-0.00027897]
[-0.00027933]
[-0.00027806]
[-0.00027931]
[-0.00027951]
[-0.00027821]
[-0.00027947]
[-0.00027782]
[-0.00027766]
[-0.00027903]
[-0.00027853]
[-0.00027884]
[-0.00027904]
[-0.00027758]
[-0.00027911]
[-0.00027932]
[-0.00027815]
[-0.00027804]
[-0.00027867]
[-0.00027955]
[-0.00027952]
[-0.00027916]
[-0.00027972]
[-0.00027864]
[-0.0002793]
[-0.0002791]
[-0.00027906]
[-0.000279]
[-0.00027936]
[-0.00027801]
[-0.00027931]
[-0.00027785]
[-0.00027875]
[-0.00027844]
[-0.00027667]
[-0.00027967]
[-0.00027741]
[-0.00027984]
[-0.00027921]
[-0.00027899]
[-0.00027819]
[-0.00027847]
[-0.00027968]
[-0.00027925]
[-0.00027922]
[-0.00027854]
[-0.00027943]
[-0.00027793]
[-0.00027927]
[-0.00027845]
[-0.00027936]
[-0.00027859]
[-0.00027943]
[-0.00027893]
[-0.00027929]
[-0.00027946]
[-0.0002795]
[-0.00027865]
[-0.00027828]
[-0.00027974]
[-0.00027902]
[-0.00027644]
[-0.00027975]
[-0.00027989]
[-0.00027743]
[-0.00027982]
[-0.00027742]
[-0.00027887]
[-0.00027963]
[-0.00028009]
[-0.00027779]
[-0.00027876]
[-0.00027838]
[-0.00027969]
[-0.00027905]
[-0.00027939]
[-0.00028014]
[-0.0002794]
[-0.00027853]
[-0.00027845]
[-0.00027844]
[-0.00027867]
[-0.00027952]
[-0.00027961]
[-0.00027949]
[-0.00027869]
[-0.00027787]
[-0.0002793]
[-0.00027726]
[-0.00027895]
[-0.00027943]
[-0.00027795]
[-0.00027972]
[-0.00027748]
[-0.00027858]
[-0.00027855]
[-0.00027867]
[-0.00027896]
[-0.0002768]
[-0.00027794]
[-0.00027833]
[-0.00027783]
[-0.00027817]
[-0.00027782]
[-0.00027735]
[-0.00027957]
[-0.00027766]
[-0.00027911]
[-0.00027929]
[-0.00027888]
[-0.00027887]
[-0.00027731]
[-0.00027703]
[-0.00027939]
[-0.00027868]
[-0.00027943]
[-0.00027987]
[-0.00027894]
[-0.00027805]
[-0.00027959]
[-0.00027867]
[-0.00027807]
[-0.00027955]
[-0.00027846]
[-0.0002787]
[-0.00027841]
[-0.00027917]
[-0.00027952]
[-0.00027925]
[-0.00027881]
[-0.00027793]
[-0.00027911]
[-0.00027866]
[-0.00027927]
[-0.0002787]
[-0.0002783]
[-0.00027855]
[-0.00027872]
[-0.00027936]
[-0.00028004]
[-0.00027767]
[-0.00027877]
[-0.00027891]
[-0.00027926]
[-0.0002786]
[-0.00027828]
[-0.00027866]
[-0.00027834]
[-0.00028062]
[-0.00027829]
[-0.00027775]
[-0.0002793]
[-0.00028047]
[-0.00027815]
[-0.00027879]
[-0.00027779]
[-0.00027817]
[-0.00027914]
[-0.00027872]
[-0.00027842]
[-0.00027865]
[-0.00027932]
[-0.00027936]
[-0.00027916]
[-0.00027954]
[-0.00027919]
[-0.00028053]
[-0.00027817]
[-0.00027954]
[-0.00027885]
[-0.00027937]
[-0.00027746]
[-0.00027906]
[-0.00027798]
[-0.00027883]
[-0.00027895]
[-0.00027928]
[-0.00027988]
[-0.00027954]
[-0.00027958]
[-0.00027728]
[-0.00027764]
[-0.00027959]
[-0.00027951]
[-0.00027896]
[-0.00027905]
[-0.00027925]
[-0.00027929]
[-0.00027976]
[-0.00027903]
[-0.00027912]
[-0.00027759]
[-0.0002791]
[-0.00027772]
[-0.00027945]
[-0.00027927]
[-0.00027946]
[-0.00027419]
[-0.00027824]
[-0.00027884]
[-0.00027813]
[-0.00027904]
[-0.00027802]
[-0.00027868]
[-0.0002794]
[-0.00027878]
[-0.00027952]
[-0.00028016]
[-0.00027907]
[-0.00027838]
[-0.00027897]
[-0.00027865]
[-0.00027891]
[-0.00027781]
[-0.00027739]
[-0.00027946]
[-0.00027917]
[-0.00027933]
[-0.00027933]
[-0.00027866]
[-0.00027966]
[-0.00027913]
[-0.00027949]
[-0.00027817]
[-0.00027929]
[-0.00027847]
[-0.00027849]
[-0.00027846]
[-0.0002793]
[-0.00027903]
[-0.00027894]
[-0.00027882]
[-0.00027808]
[-0.00027733]
[-0.00027956]
[-0.00027981]
[-0.00028008]
[-0.00027934]
[-0.00027955]
[-0.00027924]
[-0.00027925]
[-0.00027973]
[-0.00027954]
[-0.0002787]
[-0.00027825]
[-0.00027814]
[-0.00027946]
[-0.00027969]
[-0.00027816]
[-0.00027917]
[-0.00027963]
[-0.00027852]
[-0.00027972]
[-0.00027776]
[-0.00027928]
[-0.00027946]
[-0.00027963]
[-0.00027886]
[-0.00027813]
[-0.00027919]
[-0.00027895]
[-0.00027888]
[-0.00027944]
[-0.00027894]
[-0.00027888]
[-0.00027908]
[-0.00027903]
[-0.00027766]
[-0.00027885]
[-0.00027966]
[-0.00027908]
[-0.00027902]
[-0.00027904]
[-0.00027874]
[-0.00027871]
[-0.00027786]
[-0.00027929]
[-0.0002782]
[-0.00027812]
[-0.0002797]
[-0.00027926]
[-0.00027821]
[-0.00027871]
[-0.0002791]
[-0.00027888]
[-0.00027888]
[-0.00027915]
[-0.00027951]
[-0.00027915]
[-0.00027865]
[-0.00027948]
[-0.00027916]
[-0.00027868]
[-0.00027903]
[-0.00027895]
[-0.000278]
[-0.0002799]
[-0.00027919]
[-0.00027926]
[-0.00027779]
[-0.00027896]
[-0.00027926]
[-0.00027919]
[-0.00027838]
[-0.00027825]
[-0.00027902]
[-0.00027865]
[-0.00027966]
[-0.00027941]
[-0.00027754]
[-0.00027893]
[-0.00027895]
[-0.00027795]
[-0.0002794]
[-0.00027934]
[-0.00027824]
[-0.00027894]
[-0.00027952]
[-0.00027981]
[-0.00027901]
[-0.00027809]
[-0.00027737]
[-0.00027995]
[-0.0002781]
[-0.00027892]
[-0.00027927]
[-0.00027893]
[-0.00027997]
[-0.00027928]
[-0.00027901]
[-0.00027972]
[-0.00027827]
[-0.00027698]
[-0.00027998]
[-0.00027843]
[-0.0002789]
[-0.0002791]
[-0.00027782]
[-0.00027797]
[-0.00027899]
[-0.00027858]
[-0.00027919]
[-0.00027853]
[-0.00027907]
[-0.00027911]
[-0.00027895]
[-0.00027837]
[-0.00027807]
[-0.00027953]
[-0.00027982]
[-0.00027772]
[-0.00027947]
[-0.00028021]
[-0.00027869]
[-0.00027992]
[-0.00028008]
[-0.00027979]
[-0.00027913]
[-0.00027846]
[-0.00027912]
[-0.00027788]
[-0.00027784]
[-0.00027897]
[-0.00027876]
[-0.00027904]
[-0.00027946]
[-0.00027821]
[-0.00027928]
[-0.00027956]
[-0.00027863]
[-0.00027874]
[-0.00027876]
[-0.00027891]
[-0.00027978]
[-0.00027923]
[-0.00027695]
[-0.00027838]
[-0.00027872]
[-0.00027817]
[-0.00027842]
[-0.00027942]
[-0.00027976]
[-0.0002781]
[-0.00027951]
[-0.00027862]
[-0.00027863]
[-0.00027865]
[-0.00027895]
[-0.0002793]
[-0.00027841]
[-0.00027879]
[-0.00027918]
[-0.0002787]
[-0.00027792]
[-0.00027754]
[-0.000278]
[-0.0002788]
[-0.00027776]
[-0.00027965]
[-0.0002786]
[-0.00027942]
[-0.00027963]
[-0.00027928]
[-0.00027891]
[-0.00027731]
[-0.00027844]
[-0.00027813]
[-0.00027794]
[-0.00027907]
[-0.00027918]
[-0.00028037]
[-0.00027933]
[-0.00027907]
[-0.00027965]
[-0.00027956]
[-0.00028034]
[-0.00027775]
[-0.00027819]
[-0.00027917]
[-0.00027901]
[-0.0002786]
[-0.00027919]
[-0.00028001]
[-0.00027802]
[-0.0002791]
[-0.00027901]
[-0.00027931]
[-0.00027646]
[-0.00027808]
[-0.00027891]
[-0.00027956]
[-0.00027949]
[-0.0002771]
[-0.00027861]
[-0.00027917]
[-0.00027912]
[-0.00027876]
[-0.00027891]
[-0.00027779]
[-0.00027903]
[-0.0002786]
[-0.00027845]
[-0.00027875]
[-0.00027771]
[-0.00027953]
[-0.00027917]
[-0.00027851]
[-0.00027855]
[-0.00027898]
[-0.00027938]
[-0.00027833]
[-0.00027686]
[-0.00027978]
[-0.00027856]
[-0.00027948]
[-0.00027868]
[-0.00027993]
[-0.00028028]
[-0.00027699]
[-0.00028148]
[-0.0002796]
[-0.00027918]
[-0.00027733]
[-0.00027835]
[-0.00027957]
[-0.00027947]
[-0.00027983]
[-0.00027799]
[-0.00027968]
[-0.00027882]
[-0.00027833]
[-0.00028008]
[-0.00027941]
[-0.00027838]
[-0.00027875]
[-0.00027649]
[-0.00027977]
[-0.00027764]
[-0.00027897]
[-0.0002809]
[-0.00027822]
[-0.00027816]
[-0.00027898]
[-0.00027953]
[-0.00027907]
[-0.00027906]
[-0.0002795]
[-0.00027907]
[-0.00027906]
[-0.00027419]
[-0.00027887]
[-0.00027835]
[-0.0002783]
[-0.00027849]
[-0.00027974]
[-0.00028023]
[-0.00027787]
[-0.00027847]
[-0.00027893]
[-0.0002783]
[-0.00027836]
[-0.00027954]
[-0.00027964]
[-0.00027867]
[-0.00027925]
[-0.00027868]
[-0.00027906]
[-0.00027903]
[-0.00027853]
[-0.00027852]
[-0.00027873]
[-0.00027898]
[-0.00027814]
[-0.00027948]
[-0.00027898]
[-0.00027865]
[-0.00027905]
[-0.00027908]
[-0.00027904]
[-0.00027895]
[-0.00027885]
[-0.00027589]
[-0.0002801]
[-0.00027869]
[-0.00027899]
[-0.00027747]
[-0.00027848]
[-0.0002767]
[-0.000279]
[-0.00027647]
[-0.00027901]
[-0.00027779]
[-0.00027907]
[-0.00027885]
[-0.00027972]
[-0.00027857]
[-0.00027836]
[-0.00027885]
[-0.00027938]
[-0.00027919]
[-0.00027794]
[-0.00027862]
[-0.0002788]
[-0.00027936]
[-0.00027841]
[-0.00027719]
[-0.00027937]
[-0.00027937]
[-0.00027812]
[-0.00027837]
[-0.00027931]
[-0.00027822]
[-0.00027986]
[-0.00027865]
[-0.00027842]
[-0.00027941]
[-0.00027943]
[-0.00027903]
[-0.00027917]
[-0.00027692]
[-0.00027817]
[-0.00027758]
[-0.00027594]
[-0.00028013]
[-0.00027894]
[-0.00027869]
[-0.00027899]
[-0.00027913]
[-0.00027925]
[-0.00027754]
[-0.00027859]
[-0.00027891]
[-0.00027955]
[-0.00027789]
[-0.00027785]
[-0.00027976]
[-0.00027916]
[-0.00027947]
[-0.00027958]
[-0.00027692]
[-0.00027609]
[-0.00028059]
[-0.00027878]
[-0.00027935]
[-0.00027881]
[-0.00027873]
[-0.00027958]
[-0.00027887]
[-0.00027893]
[-0.00027956]
[-0.00027939]
[-0.00027883]
[-0.00027859]
[-0.00027932]
[-0.0002769]
[-0.00027898]
[-0.00027883]
[-0.00027964]
[-0.00027866]
[-0.00027809]
[-0.00027914]
[-0.00027844]
[-0.00027936]
[-0.00027701]
[-0.00027933]
[-0.00027931]
[-0.00027941]
[-0.0002779]
[-0.00028029]
[-0.00027948]
[-0.0002793]
[-0.00027851]
[-0.00027807]
[-0.00027895]
[-0.00027884]
[-0.00028003]
[-0.00027867]
[-0.00027842]
[-0.00028037]
[-0.00027826]
[-0.00027968]
[-0.00027886]
[-0.00027964]
[-0.00027776]
[-0.00027732]
[-0.00027896]
[-0.00027852]
[-0.00027964]
[-0.00027805]
[-0.00027879]
[-0.00027983]
[-0.00027947]
[-0.00027924]
[-0.00027895]
[-0.00027863]
[-0.00027646]
[-0.00027762]
[-0.00027927]
[-0.00027941]
[-0.00027915]
[-0.00027981]
[-0.00027866]
[-0.00027856]
[-0.00027902]
[-0.00027922]
[-0.00027909]
[-0.00027928]
[-0.00027817]
[-0.00027906]
[-0.00027773]
[-0.00027862]
[-0.00027871]
[-0.00027903]
[-0.00027843]
[-0.0002788]
[-0.00027805]
[-0.00027617]
[-0.00027847]
[-0.00027904]
[-0.00027907]
[-0.00027993]
[-0.0002792]
[-0.00027908]
[-0.00028086]
[-0.00027925]
[-0.00027873]
[-0.00027725]
[-0.000279]
[-0.00027901]
[-0.00027911]
[-0.0002795]
[-0.00027952]
[-0.00027791]
[-0.00027823]
[-0.00027944]
[-0.00027948]
[-0.00027825]
[-0.00027902]
[-0.00027901]
[-0.00027961]
[-0.00027878]
[-0.00027907]
[-0.00027919]
[-0.00027642]
[-0.00027859]
[-0.00027816]
[-0.00027863]
[-0.00027846]
[-0.00027853]
[-0.00027684]
[-0.00027781]
[-0.00027914]
[-0.00027972]
[-0.00027862]
[-0.00027954]
[-0.00027892]
[-0.00027985]
[-0.00027951]
[-0.00027762]
[-0.00027952]
[-0.00027827]
[-0.00027962]
[-0.00027781]
[-0.00027967]
[-0.00027744]
[-0.00027937]
[-0.00027726]
[-0.0002788]
[-0.00027936]
[-0.00027883]
[-0.00027774]
[-0.00027863]
[-0.00027932]
[-0.00027911]
[-0.00028036]
[-0.00027916]
[-0.00027718]
[-0.00027775]
[-0.00027833]
[-0.00027883]
[-0.00027966]
[-0.00027989]
[-0.00027819]
[-0.00027929]
[-0.00027866]
[-0.00027904]
[-0.00027789]
[-0.00027884]
[-0.00027808]
[-0.00027929]
[-0.00027832]
[-0.00027766]
[-0.00027941]
[-0.00027895]
[-0.00027894]
[-0.00027895]
[-0.00027765]
[-0.00028003]
[-0.00027904]
[-0.00027849]
[-0.00027804]
[-0.00027916]
[-0.0002798]
[-0.00027878]
[-0.00027738]
[-0.00027832]
[-0.00027898]
[-0.00027923]
[-0.00027858]
[-0.0002789]
[-0.00027973]
[-0.00027835]
[-0.00027854]
[-0.00027873]
[-0.00027854]
[-0.00027951]
[-0.00027821]
[-0.00027972]
[-0.00027805]
[-0.00027906]
[-0.00027808]
[-0.00027791]
[-0.00027834]
[-0.00027929]
[-0.00027873]
[-0.00027971]
[-0.00027854]
[-0.00027702]
[-0.00027899]
[-0.00027971]
[-0.00027922]
[-0.00027917]
[-0.00027951]
[-0.00027945]
[-0.00027867]
[-0.00027607]
[-0.00027976]
[-0.00027917]
[-0.00027991]
[-0.00027678]
[-0.00027926]
[-0.00027993]
[-0.00027953]
[-0.00027836]
[-0.0002777]
[-0.00027837]
[-0.00027952]
[-0.00027829]
[-0.00027861]
[-0.00028012]
[-0.00027906]
[-0.00027926]
[-0.00027832]
[-0.00028005]
[-0.00027907]
[-0.00027871]
[-0.00027741]
[-0.00027813]
[-0.00028012]
[-0.00027976]
[-0.00027784]
[-0.00027857]
[-0.00027839]
[-0.00027905]
[-0.00027944]
[-0.00027556]
[-0.00027903]
[-0.00027902]
[-0.00027884]
[-0.00027984]
[-0.0002786]
[-0.00027886]
[-0.00027948]
[-0.00027846]
[-0.00027724]
[-0.00027907]
[-0.00027801]
[-0.00027869]
[-0.00027808]
[-0.00027859]
[-0.00027915]
[-0.0002795]
[-0.00027862]
[-0.00027993]
[-0.00027946]
[-0.00027838]
[-0.00027876]
[-0.00027838]
[-0.00027981]
[-0.00027818]
[-0.00027937]
[-0.00027786]
[-0.00027973]
[-0.00027918]
[-0.00027846]
[-0.00027844]
[-0.0002786]
[-0.00027947]
[-0.0002788]
[-0.00027885]
[-0.00027933]
[-0.00027735]
[-0.00027926]
[-0.00028009]
[-0.00027798]
[-0.00027909]
[-0.00027959]
[-0.00027869]
[-0.00027792]
[-0.00027814]
[-0.00027755]
[-0.00027783]
[-0.00028075]
[-0.00027771]
[-0.00027889]
[-0.00027952]
[-0.00027865]
[-0.00027873]
[-0.00027925]
[-0.00027931]
[-0.00027766]
[-0.00028101]
[-0.00027938]
[-0.00028001]
[-0.00027873]
[-0.00027841]
[-0.00027963]
[-0.00027957]
[-0.00027947]
[-0.00027807]
[-0.00027872]
[-0.00027958]
[-0.00027878]
[-0.00027865]
[-0.00027884]
[-0.00027821]
[-0.00027907]
[-0.00027881]
[-0.00027892]
[-0.00027993]
[-0.00027876]
[-0.00027788]
[-0.0002791]
[-0.00028165]
[-0.00027939]
[-0.00027929]
[-0.00027967]
[-0.00027884]
[-0.00027736]
[-0.00027946]
[-0.0002793]
[-0.00027897]
[-0.00028003]
[-0.00027958]
[-0.00027699]
[-0.0002792]
[-0.00027889]
[-0.0002803]
[-0.00027909]
[-0.00027918]
[-0.0002792]
[-0.000278]
[-0.00027991]
[-0.00027801]
[-0.00027951]
[-0.00027897]
[-0.00027781]
[-0.00027927]
[-0.00027893]
[-0.00027909]
[-0.00027958]
[-0.00027895]
[-0.00027949]
[-0.00027835]
[-0.00027869]
[-0.00027897]
[-0.00027643]
[-0.00027862]
[-0.00027949]
[-0.00027915]
[-0.00027882]
[-0.00028034]
[-0.0002796]
[-0.00027704]
[-0.00027941]
[-0.00027782]
[-0.00027873]
[-0.00027868]
[-0.00027899]
[-0.00027916]
[-0.0002784]
[-0.00027889]
[-0.00027954]
[-0.00027993]
[-0.00027851]
[-0.0002779]
[-0.00027879]
[-0.00027896]
[-0.00027848]
[-0.00027961]
[-0.00027872]
[-0.00027693]
[-0.00027691]
[-0.00027939]
[-0.00027881]
[-0.00027942]
[-0.00027839]
[-0.00027771]
[-0.00027978]
[-0.0002781]
[-0.00027898]
[-0.00027903]
[-0.00027876]
[-0.00027876]
[-0.00027947]
[-0.00027906]
[-0.00027828]
[-0.0002787]
[-0.00027735]
[-0.00027938]
[-0.00027857]
[-0.00027903]
[-0.00027788]
[-0.00027829]
[-0.00027877]
[-0.00027921]
[-0.00027956]
[-0.00027894]
[-0.00027838]
[-0.00027962]
[-0.00027902]
[-0.00027869]
[-0.00027952]
[-0.00027778]
[-0.00027827]
[-0.00027952]
[-0.00027942]
[-0.00027802]
[-0.0002774]
[-0.00027739]
[-0.00027979]
[-0.00027975]
[-0.0002783]
[-0.00027895]
[-0.00027881]
[-0.00027982]
[-0.00027858]
[-0.0002785]
[-0.00027933]
[-0.00027849]
[-0.00027883]
[-0.00027995]
[-0.00027914]
[-0.00027866]
[-0.00027735]
[-0.0002778]
[-0.00027887]
[-0.00027962]
[-0.00027932]
[-0.00027789]
[-0.00027957]
[-0.0002794]
[-0.00027874]
[-0.00027968]
[-0.00028048]
[-0.00027857]
[-0.0002778]
[-0.00027878]
[-0.00027962]
[-0.00027856]
[-0.00027865]
[-0.00027852]
[-0.00028001]
[-0.00027879]
[-0.00027766]
[-0.00027894]
[-0.0002782]
[-0.00027901]
[-0.0002773]
[-0.00027818]
[-0.00028103]
[-0.00027939]
[-0.0002793]
[-0.00027874]
[-0.00027959]
[-0.00027932]
[-0.00027776]
[-0.00027896]
[-0.00028043]
[-0.00027864]
[-0.00027802]
[-0.00027893]
[-0.00027723]
[-0.00027899]
[-0.000279]
[-0.00027903]
[-0.00027991]
[-0.0002772]
[-0.00027826]
[-0.00027904]
[-0.00027999]
[-0.00027977]
[-0.0002788]
[-0.00027936]
[-0.00027964]
[-0.00027825]
[-0.00027614]
[-0.00027891]
[-0.00027897]
[-0.00027869]
[-0.00027917]
[-0.0002792]
[-0.00027825]
[-0.0002799]
[-0.00027899]
[-0.00027935]
[-0.00027897]
[-0.00027809]
[-0.00027844]
[-0.00028008]
[-0.00027896]
[-0.00027966]
[-0.00027929]
[-0.00027981]
[-0.00027976]
[-0.00027704]
[-0.00027992]
[-0.00027767]
[-0.00027601]
[-0.00027875]
[-0.00027802]
[-0.00027963]
[-0.00027786]
[-0.00027893]
[-0.00027991]
[-0.00028014]
[-0.00027943]
[-0.0002776]
[-0.00027908]
[-0.00027944]
[-0.00027965]
[-0.00027881]
[-0.00027976]
[-0.00027917]
[-0.00027873]
[-0.00028014]
[-0.00027866]
[-0.00027761]
[-0.00027945]
[-0.00027871]
[-0.00027878]
[-0.00027905]
[-0.00027859]
[-0.00027904]
[-0.00027914]
[-0.00027956]
[-0.00027925]
[-0.00027805]
[-0.0002797]
[-0.00027988]
[-0.00028001]
[-0.00027669]
[-0.00028001]
[-0.00027938]
[-0.0002784]
[-0.0002792]
[-0.00027871]
[-0.0002795]
[-0.00027871]
[-0.00027968]
[-0.00027831]
[-0.00027872]
[-0.00027963]
[-0.00027897]
[-0.00027868]
[-0.00027895]
[-0.00027962]
[-0.00027667]
[-0.00027915]
[-0.00027806]
[-0.0002794]
[-0.000278]
[-0.00028015]
[-0.00027941]
[-0.00027799]
[-0.00027886]
[-0.00027891]
[-0.00027768]
[-0.00027882]
[-0.00027958]
[-0.00027868]
[-0.00027784]
[-0.00027979]
[-0.00027953]
[-0.00027719]
[-0.00027951]
[-0.00027845]
[-0.00027798]
[-0.00027862]
[-0.00027758]
[-0.00027898]
[-0.00027916]
[-0.00027889]
[-0.00027904]
[-0.00027957]
[-0.00027906]
[-0.00027958]
[-0.0002778]
[-0.00027911]
[-0.00027885]
[-0.00027823]
[-0.00027914]
[-0.0002784]
[-0.00027523]
[-0.00028001]
[-0.00027932]
[-0.00027826]
[-0.00027814]
[-0.00027927]
[-0.00027871]
[-0.00027892]
[-0.00027919]
[-0.00027864]
[-0.0002784]
[-0.00027871]
[-0.00027866]
[-0.00027842]
[-0.00027739]
[-0.00027872]
[-0.00027867]
[-0.00027981]
[-0.00027775]
[-0.0002785]
[-0.00028025]
[-0.00027956]
[-0.00027718]
[-0.0002777]
[-0.00027971]
[-0.00027781]
[-0.00027883]
[-0.00027937]
[-0.00027886]
[-0.000277]
[-0.00027896]
[-0.0002782]
[-0.00027883]
[-0.00027884]
[-0.00027925]
[-0.00027996]
[-0.00027939]
[-0.00027896]
[-0.00027909]
[-0.00027911]
[-0.00027945]
[-0.00027948]
[-0.00027916]
[-0.00027944]
[-0.00027889]
[-0.00027578]
[-0.00027928]
[-0.00028019]
[-0.00027953]
[-0.00027867]
[-0.0002796]
[-0.00027659]
[-0.00027723]
[-0.00027899]
[-0.00027846]
[-0.00027968]
[-0.00028003]
[-0.00027657]
[-0.00027913]
[-0.00027914]
[-0.00027969]
[-0.00027939]
[-0.00027891]
[-0.00027948]
[-0.00027924]
[-0.00027874]
[-0.0002787]
[-0.00027824]
[-0.00027839]
[-0.00027994]
[-0.00027992]
[-0.00027868]
[-0.00027893]
[-0.00027979]
[-0.00027895]
[-0.00027911]
[-0.00027864]
[-0.00027952]
[-0.00028021]
[-0.00027798]
[-0.00027884]
[-0.00027749]
[-0.00027915]
[-0.00028]
[-0.00027788]
[-0.00027859]
[-0.00027699]
[-0.00027958]
[-0.00027946]
[-0.00027968]
[-0.00027989]
[-0.00027889]
[-0.0002795]
[-0.000279]
[-0.00027852]
[-0.00027876]
[-0.00027854]
[-0.00027913]
[-0.00027886]
[-0.00027882]
[-0.00027848]
[-0.00027871]
[-0.00027899]
[-0.00027941]
[-0.00028022]
[-0.0002763]
[-0.0002799]
[-0.00027899]
[-0.00027989]
[-0.0002795]
[-0.00027799]
[-0.00027947]
[-0.00027824]
[-0.0002786]
[-0.00027671]
[-0.00027924]
[-0.00027903]
[-0.00027911]
[-0.00027947]
[-0.00028001]
[-0.00027977]
[-0.00027893]
[-0.00027844]
[-0.00027912]
[-0.00027904]
[-0.00027945]
[-0.00027647]
[-0.00027889]
[-0.00027782]
[-0.00027754]
[-0.00027794]
[-0.00027923]
[-0.00027884]
[-0.00027839]
[-0.00027815]
[-0.00027938]
[-0.00027853]
[-0.00027828]
[-0.00027934]
[-0.0002792]
[-0.00028032]
[-0.0002794]
[-0.00027997]
[-0.00027791]
[-0.00027906]
[-0.00027938]
[-0.00027831]
[-0.00027966]
[-0.00027869]
[-0.0002793]
[-0.00027927]
[-0.00027855]
[-0.00027859]
[-0.00027945]
[-0.00027902]
[-0.00027747]
[-0.00027942]
[-0.00027865]
[-0.00027802]
[-0.00027971]
[-0.00027926]
[-0.00027951]
[-0.00027942]
[-0.00027898]
[-0.00027898]
[-0.00027826]
[-0.00027776]
[-0.00027794]
[-0.00027728]
[-0.00027825]
[-0.00027965]
[-0.00027988]
[-0.00027846]
[-0.00027855]
[-0.00027924]
[-0.00027988]
[-0.00027947]
[-0.0002784]
[-0.00027951]
[-0.00027881]
[-0.00027856]
[-0.0002792]
[-0.00027975]
[-0.00027845]
[-0.00027946]
[-0.00027904]
[-0.00027913]
[-0.00027865]
[-0.00027749]
[-0.00027956]
[-0.00027923]
[-0.00027957]
[-0.00027856]
[-0.00027859]
[-0.00027871]
[-0.0002789]
[-0.00027907]
[-0.00027934]
[-0.00027873]
[-0.00027851]
[-0.00027991]
[-0.00027986]
[-0.00027895]
[-0.0002784]
[-0.0002794]
[-0.00027734]
[-0.00027858]
[-0.00027856]
[-0.0002791]
[-0.00027882]
[-0.00027776]
[-0.00027904]
[-0.00027975]
[-0.00027978]
[-0.00028005]
[-0.00027905]
[-0.00027917]
[-0.00027897]
[-0.0002789]
[-0.00028048]
[-0.00027927]
[-0.00027882]
[-0.00027775]
[-0.00027885]
[-0.00027923]
[-0.00027874]
[-0.00027946]
[-0.00027823]
[-0.00027943]
[-0.00027913]
[-0.00027993]
[-0.00027842]
[-0.00027914]
[-0.00027739]
[-0.00027933]
[-0.00027878]
[-0.00027968]
[-0.00027833]
[-0.00027733]
[-0.00027972]
[-0.00027868]
[-0.00027709]
[-0.00027843]
[-0.00027752]
[-0.0002792]
[-0.00027981]
[-0.00027801]
[-0.00027852]
[-0.00027928]
[-0.00027771]
[-0.00027928]
[-0.00027995]
[-0.00027882]
[-0.00027866]
[-0.00027961]
[-0.00027926]
[-0.00027914]
[-0.00027952]
[-0.00027861]
[-0.00027877]
[-0.0002785]
[-0.0002796]
[-0.00027617]
[-0.00027797]
[-0.00027854]
[-0.00027769]
[-0.00027916]
[-0.00027815]
[-0.00027792]
[-0.00027919]
[-0.00027826]
[-0.00028031]
[-0.00027962]
[-0.00027901]
[-0.00027919]
[-0.00027937]
[-0.00027924]
[-0.00028006]
[-0.00027748]
[-0.00027825]
[-0.00027773]
[-0.00027987]
[-0.00027976]
[-0.00027936]
[-0.00027866]
[-0.0002792]
[-0.00028057]
[-0.0002784]
[-0.00027895]
[-0.00027948]
[-0.00027916]
[-0.0002787]
[-0.00027732]
[-0.00028089]
[-0.00027981]
[-0.00027795]
[-0.00027857]
[-0.00028004]
[-0.00027756]
[-0.00027935]
[-0.00027872]
[-0.0002791]
[-0.00027944]
[-0.00027906]
[-0.00027834]
[-0.00027826]
[-0.00027754]
[-0.00027937]
[-0.00027862]
[-0.00027907]
[-0.00027943]
[-0.00027808]
[-0.00027956]
[-0.0002792]
[-0.00027821]
[-0.0002791]
[-0.00027844]
[-0.00027914]
[-0.00027883]
[-0.00027918]
[-0.00027991]
[-0.00027679]
[-0.00027813]
[-0.0002784]
[-0.00027718]
[-0.00027879]
[-0.00027917]
[-0.00027901]
[-0.00027962]
[-0.00027935]
[-0.00027895]
[-0.00027915]
[-0.00027954]
[-0.0002788]
[-0.00027831]
[-0.00027952]
[-0.00027921]
[-0.00027986]
[-0.0002783]
[-0.00027909]
[-0.0002778]
[-0.00027973]
[-0.00027875]
[-0.00027799]
[-0.00027879]
[-0.00027948]
[-0.00027966]
[-0.00027936]
[-0.00027955]
[-0.00027878]
[-0.00027909]
[-0.00028042]
[-0.00027877]
[-0.00027962]
[-0.00027867]
[-0.00027797]
[-0.00027932]
[-0.00027814]
[-0.00027903]
[-0.00027862]
[-0.0002789]
[-0.00027774]
[-0.00027737]
[-0.00027879]
[-0.00027871]
[-0.00027929]
[-0.00027871]
[-0.00027947]
[-0.00027986]
[-0.00027712]
[-0.00027888]
[-0.00027821]
[-0.00028087]
[-0.00027901]
[-0.00027921]
[-0.00027912]
[-0.00028017]
[-0.00027917]
[-0.00027907]
[-0.00027854]
[-0.00027926]
[-0.00027926]
[-0.00027969]
[-0.00027874]
[-0.00027958]
[-0.00027766]
[-0.00027774]
[-0.00027958]
[-0.0002784]
[-0.00027842]
[-0.00027846]
[-0.00027836]
[-0.00027962]
[-0.00027964]
[-0.00027889]
[-0.00027938]
[-0.00027876]
[-0.00027886]
[-0.00027869]
[-0.00027863]
[-0.00027846]
[-0.00027872]
[-0.00027873]
[-0.00027913]
[-0.00027937]
[-0.00027767]
[-0.00027886]
[-0.00027841]
[-0.00027678]
[-0.00027732]
[-0.00027989]
[-0.00027926]
[-0.00027788]
[-0.00027783]
[-0.0002797]
[-0.00027843]
[-0.0002791]
[-0.00027821]
[-0.00027808]
[-0.00027912]
[-0.00027767]
[-0.00027887]
[-0.00027835]
[-0.00027847]
[-0.00027878]
[-0.00027894]
[-0.00027846]
[-0.00027554]
[-0.00027803]
[-0.00027849]
[-0.00027928]
[-0.0002783]
[-0.00027775]
[-0.00027837]
[-0.00027639]
[-0.00027847]
[-0.00027913]
[-0.00027974]
[-0.00027893]
[-0.00027984]
[-0.00027919]
[-0.00027825]
[-0.00028007]
[-0.00027832]
[-0.00027895]
[-0.00027851]
[-0.00027801]
[-0.00027907]
[-0.00027899]
[-0.00027895]
[-0.00027797]
[-0.00027996]
[-0.0002769]
[-0.0002782]
[-0.00027844]
[-0.00027915]
[-0.00027916]
[-0.00027899]
[-0.00027894]
[-0.00027826]
[-0.00027957]
[-0.00028002]
[-0.0002796]
[-0.00027785]
[-0.00027775]
[-0.000279]
[-0.00027941]
[-0.0002786]
[-0.00027936]
[-0.00027689]
[-0.00027943]
[-0.00027793]
[-0.0002793]
[-0.00027977]
[-0.00027966]
[-0.00027745]
[-0.00027898]
[-0.0002793]
[-0.00027978]
[-0.00027868]
[-0.00027936]
[-0.00027853]
[-0.00027765]
[-0.00027917]
[-0.00027971]
[-0.0002795]
[-0.00027801]
[-0.00027802]
[-0.00027915]
[-0.0002772]
[-0.00027816]
[-0.00027899]
[-0.00027692]
[-0.00027918]
[-0.00027917]
[-0.00027944]
[-0.00027945]
[-0.0002787]
[-0.00027832]
[-0.00027878]
[-0.00027857]
[-0.00027892]
[-0.00027972]
[-0.00027942]
[-0.00027829]
[-0.00027906]
[-0.00027858]
[-0.00027906]
[-0.00027872]
[-0.00027913]
[-0.00027932]
[-0.00027863]
[-0.00027906]
[-0.00027955]
[-0.00027896]
[-0.00027902]
[-0.00027884]
[-0.00027754]
[-0.00027928]
[-0.00027772]
[-0.00027882]
[-0.0002804]
[-0.00027969]
[-0.00027951]
[-0.00027905]
[-0.00027842]
[-0.00027882]
[-0.00027926]
[-0.00027908]
[-0.00027857]
[-0.00027926]
[-0.00027974]
[-0.00027953]
[-0.00027762]
[-0.00028045]
[-0.00027811]
[-0.00028042]
[-0.00027774]
[-0.00027844]
[-0.00027994]
[-0.00027954]
[-0.00027712]
[-0.00027707]
[-0.00027884]
[-0.00027981]
[-0.00027854]
[-0.00027973]
[-0.00027846]
[-0.00027965]
[-0.00027849]
[-0.00027907]
[-0.00027934]
[-0.00027862]
[-0.00027931]
[-0.0002796]
[-0.00027905]
[-0.00027724]
[-0.00027935]
[-0.00028029]
[-0.00027659]
[-0.0002795]
[-0.00027869]
[-0.00027935]
[-0.00027832]
[-0.00027901]
[-0.00027854]
[-0.00027941]
[-0.0002781]
[-0.00027869]
[-0.0002785]
[-0.00027932]
[-0.00027972]
[-0.00027894]
[-0.00027653]
[-0.00027846]
[-0.00027929]
[-0.00027959]
[-0.00027851]
[-0.00027879]
[-0.00027839]
[-0.00027748]
[-0.00027944]
[-0.00027911]
[-0.00027878]
[-0.00028003]
[-0.00027803]
[-0.00027897]
[-0.00027972]
[-0.00027866]
[-0.00027864]
[-0.00027944]
[-0.0002785]
[-0.00027838]
[-0.00027849]
[-0.000278]
[-0.00027829]
[-0.0002792]
[-0.00027966]
[-0.00027919]
[-0.00027873]
[-0.00027891]
[-0.00027882]
[-0.00027914]
[-0.00027793]
[-0.00027888]
[-0.00027989]
[-0.00027999]
[-0.00027847]
[-0.00027782]
[-0.00027914]
[-0.00027838]
[-0.00027849]
[-0.00027946]
[-0.00027849]
[-0.00027875]
[-0.00027852]
[-0.00028004]
[-0.00027961]
[-0.00027937]
[-0.00027914]
[-0.0002791]
[-0.00027829]
[-0.00027945]
[-0.00027873]
[-0.00027911]
[-0.00027799]
[-0.00027843]
[-0.00027816]
[-0.00027888]
[-0.00027887]
[-0.00028025]
[-0.00027931]
[-0.00027857]
[-0.00027892]
[-0.00027862]
[-0.00027766]
[-0.00027845]
[-0.00027933]
[-0.00028014]
[-0.00027917]
[-0.00027892]
[-0.000279]
[-0.0002788]
[-0.00027892]
[-0.00027864]
[-0.00027955]
[-0.00027926]
[-0.00028146]
[-0.00027863]
[-0.0002795]
[-0.00027902]
[-0.00027867]
[-0.0002786]
[-0.00027935]
[-0.00027951]
[-0.00027932]
[-0.00027894]
[-0.00028004]
[-0.00027648]
[-0.00027905]
[-0.0002786]
[-0.00027805]
[-0.00027852]
[-0.00027939]
[-0.00027857]
[-0.00027863]
[-0.00027859]
[-0.00027957]
[-0.00027887]
[-0.00027925]
[-0.00027861]
[-0.00027886]
[-0.00027914]
[-0.0002784]
[-0.00027797]
[-0.00027885]
[-0.00027907]
[-0.00027802]
[-0.00027892]
[-0.00027962]
[-0.0002785]
[-0.00027946]
[-0.00027755]
[-0.00027923]
[-0.00027871]
[-0.0002793]
[-0.00028014]
[-0.00027904]
[-0.00027894]
[-0.00027838]
[-0.00027924]
[-0.00027865]
[-0.00027819]
[-0.00027856]
[-0.00027774]
[-0.00027889]
[-0.00027943]
[-0.00027872]
[-0.00027724]
[-0.0002792]
[-0.00027773]
[-0.00027961]
[-0.00028065]
[-0.000279]
[-0.00027966]
[-0.00028028]
[-0.00027853]
[-0.00027905]
[-0.00027977]
[-0.00027952]
[-0.00027677]
[-0.00027907]
[-0.00027937]
[-0.00027815]
[-0.00027952]
[-0.00027888]
[-0.00027889]
[-0.00027928]
[-0.00027736]
[-0.00027896]
[-0.00027844]
[-0.00027907]
[-0.00027982]
[-0.00027792]
[-0.00028044]
[-0.0002785]
[-0.00027944]
[-0.00027957]
[-0.00028059]
[-0.00027949]
[-0.00027892]
[-0.00027879]
[-0.00027705]
[-0.00027909]
[-0.00027912]
[-0.00027917]
[-0.00027905]
[-0.00027859]
[-0.00027878]
[-0.00027892]
[-0.00027929]
[-0.00027888]
[-0.00027822]
[-0.00027666]
[-0.00027885]
[-0.00027915]
[-0.00027913]
[-0.00027653]
[-0.0002792]
[-0.00027928]
[-0.00027856]
[-0.00027938]
[-0.00027974]
[-0.00027795]
[-0.0002782]
[-0.00027849]
[-0.00027966]
[-0.00027921]
[-0.00027908]
[-0.00027908]
[-0.00027952]
[-0.00027948]
[-0.0002795]
[-0.00027898]
[-0.00027855]
[-0.00027949]
[-0.00027889]
[-0.00027717]
[-0.00027943]
[-0.00028029]
[-0.00027989]
[-0.00027833]
[-0.00027838]
[-0.00027949]
[-0.00027914]
[-0.00027914]
[-0.00027644]
[-0.00027947]
[-0.00027943]
[-0.00027948]
[-0.00027926]
[-0.00027888]
[-0.00027837]
[-0.00027788]
[-0.00027863]
[-0.00027901]
[-0.00027933]
[-0.00027849]
[-0.00027847]
[-0.00027922]
[-0.00027682]
[-0.00027843]
[-0.0002794]
[-0.00027869]
[-0.00027963]
[-0.0002792]
[-0.00027886]
[-0.00027904]
[-0.00027881]
[-0.00027908]
[-0.0002797]
[-0.00027529]
[-0.00027906]
[-0.00027919]
[-0.00027792]
[-0.00028078]
[-0.00028014]
[-0.00027958]
[-0.00027759]
[-0.00027904]
[-0.00027888]
[-0.00027913]
[-0.00027995]
[-0.00027927]
[-0.00027916]
[-0.00027948]
[-0.00027884]
[-0.00028006]
[-0.000278]
[-0.00027903]
[-0.00027873]
[-0.00027897]
[-0.00027871]
[-0.00027814]
[-0.00027898]
[-0.00027815]
[-0.00027969]
[-0.00027874]
[-0.00027993]
[-0.00027994]
[-0.00027871]
[-0.00027899]
[-0.00027997]
[-0.0002777]
[-0.00027978]
[-0.00027806]
[-0.00027912]
[-0.00027937]
[-0.00027983]
[-0.00027883]
[-0.00027812]
[-0.00027722]
[-0.00027949]
[-0.00027979]
[-0.00027916]
[-0.00027928]
[-0.00027911]
[-0.00027879]
[-0.00027796]
[-0.00027954]
[-0.00027919]
[-0.00027796]
[-0.00027969]
[-0.00027952]
[-0.00027949]
[-0.00027891]
[-0.00027929]
[-0.00027755]
[-0.00027827]
[-0.00027788]
[-0.00027809]
[-0.00027722]
[-0.0002796]
[-0.00027902]
[-0.00027918]
[-0.00027648]
[-0.00027905]
[-0.00027823]
[-0.00027737]
[-0.00027898]
[-0.0002787]
[-0.00027894]
[-0.00027883]
[-0.00027883]
[-0.00027938]
[-0.00027977]
[-0.00027866]
[-0.00027948]
[-0.00027754]
[-0.00027996]
[-0.000279]
[-0.00027925]
[-0.00027829]
[-0.00027886]
[-0.00027711]
[-0.00027986]
[-0.00027875]
[-0.00027835]
[-0.00027888]
[-0.00027874]
[-0.00027814]
[-0.00027903]
[-0.00027931]
[-0.00027902]
[-0.00027869]
[-0.00027871]
[-0.00027883]
[-0.00027812]
[-0.00027864]
[-0.00027967]
[-0.00027904]
[-0.00027831]
[-0.00027831]
[-0.00027776]
[-0.00027937]
[-0.00027814]
[-0.00027723]
[-0.00028002]
[-0.00027893]
[-0.00027955]
[-0.00027807]
[-0.00027848]
[-0.00027892]
[-0.0002796]
[-0.00027908]
[-0.00027913]
[-0.00027958]
[-0.00027633]
[-0.00027771]
[-0.00027842]
[-0.00027958]
[-0.00027884]
[-0.00027851]
[-0.00027882]
[-0.00027978]
[-0.00027974]
[-0.00028014]
[-0.00027833]
[-0.00027963]
[-0.00027845]
[-0.00027892]
[-0.00027874]
[-0.00027902]
[-0.0002778]
[-0.00027756]
[-0.00027872]
[-0.00027695]
[-0.0002796]
[-0.00027961]
[-0.00027835]
[-0.00027845]
[-0.00027825]
[-0.00027842]
[-0.00027818]
[-0.00027962]
[-0.00027786]
[-0.00027912]
[-0.00027819]
[-0.00027879]
[-0.0002795]
[-0.00027871]
[-0.0002788]
[-0.00027967]
[-0.00028026]
[-0.00027844]
[-0.00027845]
[-0.00027888]
[-0.00027836]
[-0.00027712]
[-0.00027808]
[-0.0002787]
[-0.00027925]
[-0.00027781]
[-0.00027905]
[-0.0002787]
[-0.0002789]
[-0.00027916]
[-0.0002794]
[-0.00027885]
[-0.00027926]
[-0.00027869]
[-0.00027808]
[-0.00027894]
[-0.00027897]
[-0.00027781]
[-0.00027965]
[-0.00027837]
[-0.0002789]
[-0.0002788]
[-0.00027926]
[-0.00027755]
[-0.00027894]
[-0.0002781]
[-0.00027855]
[-0.00027891]
[-0.00027863]
[-0.00027954]
[-0.00027992]
[-0.00027855]
[-0.00027916]
[-0.00027878]
[-0.00027728]
[-0.00027703]
[-0.00027967]
[-0.00027763]
[-0.00027671]
[-0.00027998]
[-0.00027755]
[-0.00027922]
[-0.00027887]
[-0.0002777]
[-0.00027886]
[-0.00027908]
[-0.00027946]
[-0.0002785]
[-0.00027799]
[-0.00027887]
[-0.00027774]
[-0.00027875]
[-0.00027802]
[-0.00027803]
[-0.00027888]
[-0.00027885]
[-0.00027897]
[-0.00027782]
[-0.00027813]
[-0.00027971]
[-0.00027949]
[-0.00027868]
[-0.000279]
[-0.00027869]
[-0.00027918]
[-0.00028064]
[-0.00028021]
[-0.00028034]
[-0.00027857]
[-0.00027909]
[-0.00027772]
[-0.00027921]
[-0.00027929]
[-0.00027754]
[-0.00028022]
[-0.00027851]
[-0.00027871]
[-0.00027873]
[-0.00027872]
[-0.0002792]
[-0.00027741]
[-0.00027973]
[-0.00027835]
[-0.00027907]
[-0.00027963]
[-0.00027901]
[-0.00027846]
[-0.00027958]
[-0.00027937]
[-0.00027881]
[-0.00027842]
[-0.00027822]
[-0.00027906]
[-0.00027927]
[-0.00027986]
[-0.00027916]
[-0.00027767]
[-0.00027828]
[-0.00027932]
[-0.00027989]
[-0.00027979]
[-0.00027961]
[-0.00027894]
[-0.00027981]
[-0.00027686]
[-0.0002796]
[-0.00027922]
[-0.00027956]
[-0.00027837]
[-0.00027888]
[-0.00027853]
[-0.00027896]
[-0.00028049]
[-0.00027976]
[-0.00027814]
[-0.0002799]
[-0.00027797]
[-0.00027934]
[-0.00027284]
[-0.00027896]
[-0.00027877]
[-0.00027816]
[-0.00027961]
[-0.00027848]
[-0.00027845]
[-0.00027901]
[-0.00027754]
[-0.00027818]
[-0.00027918]
[-0.00027825]
[-0.00027787]
[-0.00027844]
[-0.00027846]
[-0.00027915]
[-0.00027858]
[-0.00027877]
[-0.00027995]
[-0.00027972]
[-0.00027871]
[-0.00027899]
[-0.00027649]
[-0.00028034]
[-0.00027901]
[-0.00027935]
[-0.00027828]
[-0.00027872]
[-0.0002787]
[-0.00027913]
[-0.00027946]
[-0.00027912]
[-0.00027913]
[-0.00028018]
[-0.0002786]
[-0.0002782]
[-0.00027839]
[-0.00027779]
[-0.00027852]
[-0.00027945]
[-0.00027908]
[-0.00028001]
[-0.00027993]
[-0.00027932]
[-0.00027818]
[-0.00027911]
[-0.00027856]
[-0.00027897]
[-0.00027905]
[-0.00027754]
[-0.00027823]
[-0.00027872]
[-0.00027924]
[-0.00027961]
[-0.00027882]
[-0.00027872]
[-0.0002794]
[-0.00027803]
[-0.00027835]
[-0.0002794]
[-0.00027947]
[-0.00027755]
[-0.00027831]
[-0.00027737]
[-0.00027905]
[-0.00027963]
[-0.00027915]
[-0.0002797]
[-0.00027959]
[-0.00027926]
[-0.00027997]
[-0.0002796]
[-0.0002784]
[-0.00027871]
[-0.00028044]
[-0.0002782]
[-0.00027941]
[-0.00027846]
[-0.00027899]
[-0.00027849]
[-0.00027926]
[-0.00027645]
[-0.00027821]
[-0.00027721]
[-0.00027888]
[-0.00027914]
[-0.00027845]
[-0.00027954]
[-0.00027841]
[-0.00027986]
[-0.00027867]
[-0.00027986]
[-0.0002776]
[-0.00027812]
[-0.0002774]
[-0.00027813]
[-0.00027928]
[-0.00027936]
[-0.00027939]
[-0.00027934]
[-0.00027929]
[-0.0002783]
[-0.00027936]
[-0.00027785]
[-0.00027913]
[-0.00027808]
[-0.00027896]
[-0.00027777]
[-0.00027954]
[-0.00027908]
[-0.00027786]
[-0.00027896]
[-0.00027926]
[-0.00027901]
[-0.0002789]
[-0.00027897]
[-0.00027894]
[-0.0002775]
[-0.0002786]
[-0.0002776]
[-0.00027834]
[-0.0002776]
[-0.00027939]
[-0.0002786]
[-0.00027901]
[-0.00028]
[-0.00027912]
[-0.00027879]
[-0.00027817]
[-0.00027965]
[-0.000279]
[-0.00028028]
[-0.00027856]
[-0.00027926]
[-0.00027885]
[-0.00027895]
[-0.00027766]
[-0.00027616]
[-0.00027976]
[-0.00027905]
[-0.00027956]
[-0.00027888]
[-0.00027695]
[-0.00027967]
[-0.00027896]
[-0.00027841]
[-0.0002797]
[-0.00027979]
[-0.00027972]
[-0.0002792]
[-0.00027931]
[-0.00027817]
[-0.00027917]
[-0.00027818]
[-0.00027906]
[-0.00027753]
[-0.00027871]
[-0.00027963]
[-0.00027709]
[-0.00027892]
[-0.0002796]
[-0.00027811]
[-0.00027932]
[-0.0002792]
[-0.00027839]
[-0.00027955]
[-0.00027946]
[-0.00027916]
[-0.00027938]
[-0.00027925]
[-0.0002796]
[-0.00027833]
[-0.00027992]
[-0.00027946]
[-0.00027905]
[-0.00027918]
[-0.0002799]
[-0.00027931]
[-0.00027942]
[-0.00027869]
[-0.00027845]
[-0.00027856]
[-0.00027886]
[-0.00027883]
[-0.00027806]
[-0.00028016]
[-0.0002785]
[-0.00027682]
[-0.00027986]
[-0.00027837]
[-0.00027747]
[-0.00027821]
[-0.00027831]
[-0.0002801]
[-0.00027897]
[-0.00027903]
[-0.00027897]
[-0.00027997]
[-0.00027915]
[-0.00027901]
[-0.00027874]
[-0.00027938]
[-0.00027945]
[-0.00027793]
[-0.00027911]
[-0.00027749]
[-0.00027851]
[-0.00027882]
[-0.00027966]
[-0.00027839]
[-0.00027892]
[-0.00027992]
[-0.00027928]
[-0.0002781]
[-0.00027916]
[-0.00027809]
[-0.00027885]
[-0.00027923]
[-0.00027916]
[-0.00027919]
[-0.00027921]
[-0.00027737]
[-0.00027923]
[-0.00027893]
[-0.00027934]
[-0.00027713]
[-0.00027916]
[-0.0002797]
[-0.00027986]
[-0.00027932]
[-0.0002797]
[-0.00027851]
[-0.00027877]
[-0.00027824]
[-0.00027779]
[-0.00027885]
[-0.00027902]
[-0.0002792]
[-0.00027919]
[-0.00027937]
[-0.00027912]
[-0.00027854]
[-0.00027965]
[-0.00027848]
[-0.00027607]
[-0.00027923]
[-0.00027888]
[-0.00027985]
[-0.00027885]
[-0.00027971]
[-0.00028009]
[-0.00027928]
[-0.00027913]
[-0.00027922]
[-0.00027917]
[-0.00027952]
[-0.00027911]
[-0.00027929]
[-0.00027881]
[-0.00027783]
[-0.00027906]
[-0.0002772]
[-0.00027872]
[-0.00027937]
[-0.0002793]
[-0.00027907]
[-0.00027907]
[-0.00027859]
[-0.00027712]
[-0.00027917]
[-0.00027964]
[-0.00027731]
[-0.0002786]
[-0.00027779]
[-0.00027939]
[-0.00027993]
[-0.0002812]
[-0.00027895]
[-0.00027953]
[-0.00027889]
[-0.00027869]
[-0.00027817]
[-0.00027996]
[-0.00027883]
[-0.00027983]
[-0.00027895]
[-0.00027768]
[-0.00027866]
[-0.00027812]
[-0.00027852]
[-0.00027893]
[-0.00027868]
[-0.00027921]
[-0.0002791]
[-0.00027891]
[-0.00027886]
[-0.00027801]
[-0.00027897]
[-0.00027971]
[-0.00027856]
[-0.00027919]
[-0.00027929]
[-0.00027906]
[-0.00027855]
[-0.00027775]
[-0.0002789]
[-0.00027984]
[-0.00027968]
[-0.00027823]
[-0.00027958]
[-0.00027843]
[-0.00027684]
[-0.00027804]
[-0.00027915]
[-0.00027839]
[-0.00027892]
[-0.00027893]
[-0.00028034]
[-0.00027601]
[-0.00027869]
[-0.00027811]
[-0.00027974]
[-0.00027801]
[-0.00027593]
[-0.00027893]
[-0.00027961]
[-0.00027873]
[-0.00027963]
[-0.00027859]
[-0.00027877]
[-0.00027847]
[-0.00027936]
[-0.00027861]
[-0.00027891]
[-0.00027854]
[-0.00027876]
[-0.0002791]
[-0.00027897]
[-0.00027978]
[-0.00027928]
[-0.0002792]
[-0.00027829]
[-0.00027766]
[-0.00027823]
[-0.00027999]
[-0.00027955]
[-0.00027916]
[-0.00027939]
[-0.00027848]
[-0.00027819]
[-0.00027801]
[-0.00027817]
[-0.00027853]
[-0.00027933]
[-0.00028]
[-0.00027814]
[-0.00027801]
[-0.00027921]
[-0.00028011]
[-0.00027986]
[-0.0002786]
[-0.0002792]
[-0.00027827]
[-0.00027972]
[-0.00027939]
[-0.0002793]
[-0.00027798]
[-0.00027782]
[-0.00028026]
[-0.00027897]
[-0.00027895]
[-0.00027852]
[-0.0002796]
[-0.00027971]
[-0.00027859]
[-0.00027934]
[-0.00027967]
[-0.00028078]
[-0.00027909]
[-0.0002784]
[-0.00028002]
[-0.00027801]
[-0.00027901]
[-0.00027917]
[-0.00027891]
[-0.00027854]
[-0.00027992]
[-0.00027926]
[-0.00027654]
[-0.00027911]
[-0.00027697]
[-0.0002783]
[-0.00027889]
[-0.00027928]
[-0.00027816]
[-0.00027884]
[-0.00027942]
[-0.00027988]
[-0.00028007]
[-0.00027871]
[-0.00027962]
[-0.00027997]
[-0.00027827]
[-0.00027831]
[-0.0002785]
[-0.00027757]
[-0.00027864]
[-0.0002796]
[-0.00027731]
[-0.0002784]
[-0.0002774]
[-0.0002794]
[-0.00027918]
[-0.00027905]
[-0.00027912]
[-0.00027904]
[-0.00027923]
[-0.00027854]
[-0.0002783]
[-0.00027763]
[-0.00027923]
[-0.0002792]
[-0.00027869]
[-0.00027654]
[-0.00028026]
[-0.00027896]
[-0.00027784]
[-0.00027873]
[-0.00027854]
[-0.0002776]
[-0.00027893]
[-0.00027887]
[-0.00027828]
[-0.00027867]
[-0.00027932]
[-0.00027773]
[-0.00027868]
[-0.00027908]
[-0.00027863]
[-0.00027852]
[-0.00027905]
[-0.00027892]
[-0.00027901]
[-0.00027859]
[-0.00027909]
[-0.00027939]
[-0.00027813]
[-0.00027828]
[-0.00027826]
[-0.00027953]
[-0.00027827]
[-0.00027932]
[-0.00027902]
[-0.0002791]
[-0.00027887]
[-0.00027869]
[-0.00027879]
[-0.00027935]
[-0.00027968]
[-0.00027721]
[-0.00027929]
[-0.00027946]
[-0.00027938]
[-0.00027925]
[-0.00027904]
[-0.00027896]
[-0.00027725]
[-0.00027881]
[-0.00027694]
[-0.00027812]
[-0.00027873]
[-0.00027999]
[-0.00027983]
[-0.00027611]
[-0.00027903]
[-0.0002785]
[-0.00027769]
[-0.00027988]
[-0.00027955]
[-0.0002797]
[-0.00027823]
[-0.00027939]
[-0.00027904]
[-0.00027905]
[-0.00027922]
[-0.00027679]
[-0.0002781]
[-0.0002809]
[-0.00027964]
[-0.00027832]
[-0.00027706]
[-0.00027787]
[-0.00027766]
[-0.0002796]
[-0.00027862]
[-0.00027936]
[-0.00027847]
[-0.00027832]
[-0.00027994]
[-0.00027977]
[-0.00027892]
[-0.0002795]
[-0.00027875]
[-0.00028026]
[-0.00027922]
[-0.00027702]
[-0.00027829]
[-0.0002788]
[-0.00027971]
[-0.00027921]
[-0.00027961]
[-0.00027942]
[-0.00027884]
[-0.000279]
[-0.00027877]
[-0.00027929]
[-0.00027924]
[-0.00027947]
[-0.00027993]
[-0.00027785]
[-0.00027815]
[-0.00027913]
[-0.00027807]
[-0.00027872]
[-0.00027688]
[-0.0002795]
[-0.00027934]
[-0.00027877]
[-0.00027923]
[-0.00027722]
[-0.00027761]
[-0.00027976]
[-0.00027842]
[-0.00027921]
[-0.00027831]
[-0.00027974]
[-0.00027883]
[-0.00027883]
[-0.00027806]
[-0.00027953]
[-0.00027785]
[-0.00028022]
[-0.00027915]
[-0.00027877]
[-0.00027888]
[-0.00027759]
[-0.00027948]
[-0.00027928]
[-0.00027969]
[-0.0002776]
[-0.0002785]
[-0.00028003]
[-0.00027816]
[-0.00027952]
[-0.00027976]
[-0.00027891]
[-0.00027888]
[-0.00027929]
[-0.00027642]
[-0.00027858]
[-0.00027842]
[-0.00027884]
[-0.00027918]
[-0.0002794]
[-0.00027903]
[-0.00027917]
[-0.00027947]
[-0.00027835]
[-0.00027952]
[-0.00027822]
[-0.00027942]
[-0.00027881]
[-0.00027867]
[-0.00027913]
[-0.00027805]
[-0.00027792]
[-0.00027866]
[-0.00027883]
[-0.00027854]
[-0.00027796]
[-0.00027943]
[-0.00027859]
[-0.00027887]
[-0.00027902]
[-0.0002788]
[-0.00027586]
