[4.159371]
[4.210233]
[4.415691]
[4.3000226]
[4.373096]
[4.338622]
[4.39705]
[4.3329363]
[4.310419]
[4.2901063]
[4.384955]
[4.2662215]
[4.333298]
[4.1757565]
[4.4649267]
[4.2046094]
[4.4409146]
[4.252719]
[4.315521]
[4.3474774]
[4.3645267]
[4.190338]
[4.4386287]
[4.3401923]
[4.3894444]
[4.2648544]
[4.2580705]
[4.2780743]
[4.216697]
[4.3009605]
[4.38001]
[4.30191]
[4.3196173]
[4.258981]
[4.2913637]
[4.136288]
[4.423024]
[4.303648]
[4.358549]
[4.2745714]
[4.209889]
[4.209535]
[4.2337227]
[4.094503]
[4.326367]
[4.272136]
[4.281244]
[4.2870064]
[3.9765203]
[4.308222]
[4.170328]
[4.3656673]
[4.3160334]
[4.3848286]
[4.229533]
[4.3019376]
[4.061185]
[4.3524604]
[4.383317]
[4.3096066]
[4.257322]
[4.312313]
[4.339554]
[4.384868]
[4.5116878]
[4.2529984]
[4.2692223]
[4.080629]
[4.409636]
[4.366125]
[4.2656302]
[4.282837]
[4.3785567]
[3.981473]
[4.3405037]
[4.3028836]
[4.383144]
[4.2579803]
[4.336888]
[4.000756]
[3.182911]
[4.1928716]
[4.3742914]
[4.288977]
[4.3329606]
[4.274961]
[4.212231]
[4.208691]
[4.347598]
[4.3008704]
[4.30794]
[4.3269105]
[4.3827357]
[4.3408384]
[4.2903867]
[4.334602]
[4.3153043]
[4.2892623]
[4.259908]
[4.3788705]
[4.2093415]
[4.1969423]
[4.321898]
[4.407542]
[3.993756]
[4.1084228]
[4.2451906]
[4.002188]
[4.263479]
[4.2901654]
[4.1504993]
[4.2522354]
[4.3624086]
[4.2575026]
[4.2326345]
[4.159503]
[4.212109]
[4.330615]
[4.327223]
[4.366582]
[4.375255]
[4.2983913]
[4.3419785]
[4.319147]
[4.2492537]
[4.16407]
[4.3311996]
[4.314317]
[4.5168276]
[4.2895656]
[4.3597207]
[4.214896]
[4.2299185]
[4.3686395]
[4.4319158]
[4.335337]
[4.1429243]
[4.2879653]
[4.2233357]
[4.398264]
[4.4303946]
[4.316441]
[4.2499776]
[4.415041]
[4.232843]
[4.299686]
[4.3062334]
[4.205053]
[4.27941]
[4.3683705]
[4.3846736]
[4.3017507]
[4.3942833]
[4.1847873]
[4.3006034]
[4.5546865]
[4.2697053]
[4.37443]
[4.3488727]
[4.4384246]
[4.2809696]
[4.2938128]
[4.43766]
[4.2933474]
[3.7618356]
[4.3376503]
[4.436003]
[4.043773]
[4.3197885]
[4.2327275]
[4.334318]
[4.315324]
[4.390129]
[4.3702173]
[4.25486]
[4.1961055]
[4.308909]
[4.310191]
[4.2934504]
[4.2793655]
[3.9352736]
[4.3391576]
[3.9824023]
[4.3498883]
[4.3311844]
[4.4113865]
[4.2794023]
[4.3495717]
[4.3455434]
[4.2692466]
[4.259298]
[4.3541303]
[4.2448316]
[4.3236485]
[4.2441382]
[4.3446503]
[4.35855]
[4.3435197]
[4.3396125]
[4.411336]
[4.1704116]
[4.180012]
[4.296513]
[4.2430353]
[4.2561383]
[4.1466866]
[4.299535]
[4.1513257]
[4.3698773]
[4.2688065]
[3.932223]
[4.362204]
[4.1017365]
[4.2773185]
[4.345444]
[4.2904844]
[4.0230365]
[4.293972]
[4.2397246]
[4.1577907]
[4.2039886]
[4.305156]
[4.2184944]
[4.2287593]
[4.3324575]
[3.8929787]
[4.35533]
[4.351339]
[4.2380176]
[4.0636163]
[4.242506]
[4.3654084]
[4.3586216]
[4.381106]
[4.3656697]
[4.3793187]
[4.200612]
[4.216479]
[4.3742847]
[4.2511234]
[4.3451457]
[4.2783823]
[4.275588]
[4.2499995]
[4.3143635]
[4.29944]
[4.2514997]
[4.4210997]
[4.293197]
[4.3220305]
[4.313717]
[4.3413515]
[4.238079]
[4.2174788]
[4.1826587]
[4.1647787]
[4.384607]
[4.1870756]
[3.930132]
[4.2593513]
[4.324449]
[4.3717175]
[4.313577]
[4.3396697]
[4.15567]
[4.3018994]
[4.061972]
[3.901698]
[4.3547263]
[4.362292]
[4.291058]
[4.2894716]
[4.2897606]
[4.262586]
[4.1869736]
[4.4010625]
[4.3096957]
[4.272782]
[4.2698383]
[4.3069167]
[4.3789]
[4.2762074]
[4.1570644]
[4.3726935]
[4.258457]
[4.2995105]
[4.244234]
[4.259267]
[4.368886]
[4.1554894]
[4.3183146]
[4.2996182]
[4.3051963]
[4.033981]
[4.3965416]
[4.315892]
[4.538426]
[4.2884126]
[4.241294]
[4.19988]
[4.3140054]
[4.3805046]
[4.4398923]
[4.3198953]
[4.2846556]
[4.282216]
[4.2905393]
[4.2590623]
[4.351579]
[4.2862434]
[4.352028]
[4.3234687]
[4.314181]
[4.2822537]
[4.198634]
[4.253982]
[4.474461]
[4.342086]
[4.2382174]
[4.274017]
[3.996478]
[4.3904157]
[4.3956456]
[4.1130986]
[4.2999597]
[4.337931]
[4.2666197]
[4.161627]
[4.16563]
[4.068992]
[4.367415]
[4.2731633]
[4.168002]
[4.283282]
[4.16179]
[4.3430934]
[4.2135215]
[4.251312]
[4.200019]
[4.4117484]
[4.4013186]
[3.957242]
[4.074085]
[4.237019]
[4.358584]
[4.295386]
[4.2158837]
[4.2920203]
[4.2952538]
[4.4655104]
[4.156059]
[4.306653]
[4.366299]
[4.276038]
[4.352889]
[4.195812]
[4.1573744]
[4.3303485]
[4.3976226]
[4.2233195]
[3.733099]
[4.248324]
[4.0696115]
[4.2969403]
[4.408422]
[4.2892265]
[3.9494479]
[4.492548]
[4.363759]
[4.362237]
[4.1656203]
[3.9925323]
[4.3093038]
[4.1397347]
[4.3468833]
[4.3423166]
[4.2528033]
[4.2761464]
[4.333107]
[4.5128827]
[4.34176]
[4.192305]
[4.2677493]
[4.256414]
[4.404674]
[4.1953745]
[4.354051]
[4.4198976]
[4.371304]
[4.0624666]
[4.398778]
[4.2226787]
[4.401692]
[4.0703974]
[4.28739]
[4.21989]
[4.241392]
[4.3916945]
[4.3719106]
[4.4000793]
[4.329797]
[4.404779]
[4.307251]
[4.297062]
[4.310467]
[4.1917453]
[4.28532]
[4.2918506]
[4.3699145]
[4.3046722]
[4.314654]
[4.1728177]
[4.2835164]
[4.2669315]
[4.1833243]
[4.2618303]
[4.0980864]
[4.3169327]
[4.0896816]
[4.3525214]
[4.3622966]
[4.288442]
[4.3562837]
[4.12505]
[4.328241]
[4.25793]
[4.326187]
[4.1948915]
[4.257151]
[4.2804723]
[4.3072267]
[4.0842338]
[4.229695]
[4.3518767]
[4.233371]
[4.6890783]
[4.3898144]
[4.2925506]
[4.2854013]
[4.24246]
[4.2150426]
[4.175174]
[4.327844]
[4.3017287]
[4.0696206]
[4.1742907]
[3.90305]
[4.242817]
[4.1208844]
[4.247829]
[4.3863716]
[4.3450065]
[4.2742023]
[4.3338695]
[4.2635965]
[4.254518]
[4.302954]
[4.3519273]
[4.3038893]
[4.281939]
[4.3709455]
[4.2589626]
[4.412291]
[4.352154]
[4.0491347]
[4.3683186]
[4.3416667]
[4.1509724]
[4.2908707]
[4.3080173]
[4.3571014]
[4.3573513]
[4.3594246]
[4.1615133]
[4.303542]
[4.204025]
[4.201408]
[4.1941533]
[4.260617]
[4.601657]
[4.09666]
[4.1170244]
[4.4254947]
[4.3422103]
[4.2216463]
[4.2095337]
[4.2905126]
[4.371633]
[4.222233]
[4.3084645]
[4.3002253]
[4.2167873]
[4.37782]
[4.2983146]
[4.2294135]
[4.0408287]
[4.391754]
[4.3451033]
[4.3574524]
[4.2473555]
[4.3309946]
[4.33188]
[4.292415]
[4.243786]
[4.2475357]
[4.280432]
[4.150802]
[4.3047147]
[4.263438]
[4.316211]
[4.300469]
[4.354842]
[4.326575]
[4.2198133]
[4.2382193]
[4.3147454]
[4.344108]
[4.2180276]
[4.3593993]
[4.344414]
[4.3376617]
[4.3512664]
[4.394348]
[4.069487]
[4.122437]
[4.268572]
[4.531032]
[4.273906]
[4.2416935]
[4.343594]
[4.3622613]
[3.9632628]
[4.393322]
[4.3171334]
[4.1798058]
[4.279361]
[4.351915]
[4.3387165]
[4.257567]
[4.269783]
[4.398453]
[4.374701]
[4.2943263]
[4.2712507]
[4.2509365]
[3.8837767]
[4.3285184]
[4.3093953]
[4.1719813]
[4.2474284]
[4.2708745]
[4.492168]
[4.337462]
[4.222215]
[4.3204627]
[4.4274693]
[4.246115]
[4.259573]
[4.016078]
[4.2740917]
[4.2894983]
[4.339439]
[4.2063017]
[4.361092]
[4.3330317]
[4.237889]
[4.3695817]
[4.2958875]
[4.2533603]
[4.2863154]
[4.3519015]
[4.135209]
[4.244294]
[4.3112006]
[4.31488]
[4.2162027]
[4.308379]
[4.2114754]
[4.1978345]
[3.9622543]
[4.3746247]
[3.771861]
[4.1709766]
[4.3734536]
[4.459009]
[4.3387733]
[4.3292785]
[4.3719177]
[4.2872634]
[4.2040668]
[4.3576517]
[4.054089]
[4.291455]
[4.3431506]
[4.3590736]
[4.208629]
[4.2795925]
[4.233208]
[4.34998]
[4.266539]
[4.303719]
[4.315363]
[4.326673]
[4.1218524]
[4.5868845]
[4.296491]
[4.073872]
[4.381828]
[4.291109]
[4.3527274]
[4.2931175]
[4.3032374]
[4.4573555]
[4.3383574]
[4.2896276]
[4.4242005]
[4.223809]
[4.378775]
[4.412974]
[4.334149]
[4.22189]
[4.391963]
[4.302301]
[4.246135]
[4.09784]
[4.2589912]
[4.356606]
[4.2878757]
[4.3337193]
[4.4304175]
[4.315029]
[4.3561664]
[4.3517885]
[4.3109045]
[4.086413]
[4.1978583]
[4.3702846]
[4.358479]
[4.0602493]
[4.133572]
[4.274656]
[4.2231517]
[4.300722]
[4.3280845]
[4.2817864]
[4.1407676]
[4.204054]
[4.2268834]
[4.30263]
[4.3434067]
[4.3573427]
[4.3601265]
[4.3882027]
[4.315202]
[4.2746935]
[4.2890077]
[4.2973485]
[4.389824]
[3.8034084]
[4.3645473]
[3.7883813]
[4.2359242]
[4.2918644]
[3.9705822]
[4.274773]
[4.095587]
[4.3106875]
[4.04201]
[4.0203795]
[4.3007736]
[4.2972007]
[4.2239966]
[4.2226987]
[4.326592]
[4.213186]
[4.3281775]
[4.3854365]
[4.354353]
[4.290591]
[3.7861493]
[4.372143]
[4.2740393]
[4.1873236]
[4.268587]
[4.3360534]
[4.1680884]
[4.375812]
[4.429382]
[4.3490086]
[4.2693524]
[4.3101425]
[4.3541946]
[4.2653475]
[4.1262836]
[4.3067756]
[4.132197]
[4.368218]
[4.110932]
[4.4428186]
[4.3024445]
[4.2237797]
[4.1536446]
[4.084047]
[4.2086797]
[4.329188]
[4.3807054]
[4.174031]
[4.337431]
[4.406894]
[4.2515006]
[4.040459]
[4.278732]
[4.1830316]
[4.2950497]
[4.34357]
[4.352738]
[4.017653]
[4.120779]
[4.297324]
[4.3386474]
[4.298693]
[4.338473]
[4.4163404]
[4.3704524]
[4.305598]
[4.3734803]
[4.3263373]
[4.2038693]
[3.9653125]
[4.330397]
[4.1074805]
[4.3597937]
[4.2685404]
[4.182408]
[3.9910545]
[4.419432]
[4.2907777]
[4.3774323]
[4.265817]
[3.8637934]
[4.393257]
[4.1820235]
[4.369071]
[4.2683134]
[4.3607407]
[4.1695075]
[4.3196087]
[4.3143954]
[4.268551]
[4.416142]
[4.318066]
[3.9097311]
[4.3038707]
[4.3654246]
[4.292478]
[4.2898884]
[4.2483964]
[4.1485457]
[4.2354665]
[4.3564744]
[4.2693906]
[4.3256774]
[4.5624576]
[3.7576795]
[4.123223]
[4.214259]
[4.49671]
[4.294892]
[4.1856627]
[4.2353334]
[4.370338]
[4.246341]
[4.323501]
[4.4041734]
[4.3285947]
[4.3077183]
[4.2802114]
[4.295645]
[4.3315477]
[4.3148274]
[4.274256]
[4.2942576]
[4.4199076]
[4.316901]
[4.287293]
[4.4584193]
[4.347936]
[4.3421664]
[4.3251615]
[4.2681613]
[4.246059]
[4.3455005]
[4.0720735]
[4.286166]
[4.403975]
[4.009891]
[4.017699]
[4.3700266]
[4.095644]
[4.310485]
[4.165307]
[4.5686]
[4.433353]
[4.2884617]
[4.3352838]
[4.2612767]
[4.2915864]
[4.2449017]
[4.0463357]
[4.3943133]
[4.3333793]
[4.428827]
[4.3084917]
[3.8363404]
[4.1530066]
[4.3062882]
[4.2136216]
[4.2483]
[4.3671417]
[4.1391635]
[4.3823833]
[4.051355]
[4.339963]
[4.2290235]
[4.264414]
[4.258434]
[4.249842]
[4.082197]
[4.16818]
[4.2485414]
[4.3488955]
[4.337056]
[4.4605055]
[4.351508]
[4.3998556]
[4.394029]
[4.0970745]
[4.1940207]
[4.2721977]
[4.2441945]
[4.302199]
[4.1670218]
[4.3345447]
[4.3008432]
[4.2436676]
[4.338096]
[4.144944]
[4.2866106]
[4.0530233]
[4.268218]
[3.935841]
[4.323644]
[4.3188105]
[4.316573]
[4.3713446]
[4.3714805]
[4.2543297]
[4.2211566]
[4.371718]
[3.9472852]
[4.460672]
[4.323493]
[4.453216]
[4.467125]
[4.335364]
[4.308639]
[4.4205117]
[4.3859577]
[4.3557525]
[4.306234]
[4.1668124]
[4.3462267]
[4.351562]
[4.3243456]
[4.306551]
[4.260031]
[4.2772756]
[4.536258]
[4.3114686]
[4.299768]
[4.344661]
[4.3722186]
[4.200272]
[4.370729]
[4.0084157]
[4.4148297]
[4.3098173]
[4.3424797]
[4.319717]
[4.3857846]
[4.1530952]
[4.4528003]
[4.3982463]
[4.455216]
[4.408363]
[4.2014093]
[4.2676196]
[4.347747]
[4.33327]
[4.344164]
[4.32074]
[4.2957196]
[4.3874955]
[4.330161]
[4.3016276]
[4.3326077]
[4.38135]
[4.250248]
[4.3308387]
[4.306914]
[4.4223537]
[4.245898]
[4.348424]
[4.305969]
[3.9827244]
[4.3813004]
[4.266453]
[4.2758145]
[4.3393593]
[4.1651335]
[4.2196965]
[4.262288]
[4.1218443]
[4.382079]
[4.3054085]
[4.3963423]
[4.2044334]
[4.264063]
[4.070602]
[4.3623643]
[4.2635045]
[4.2979546]
[4.234388]
[4.3351135]
[4.2855554]
[4.3790355]
[4.331314]
[4.303898]
[4.4209976]
[4.2893558]
[4.2995777]
[4.294888]
[4.356038]
[4.305217]
[4.231791]
[4.281385]
[4.3371673]
[3.96321]
[3.9842649]
[4.2253013]
[4.450065]
[4.3777823]
[4.2435985]
[4.302941]
[4.401716]
[4.1609354]
[4.311712]
[4.3360443]
[4.3321204]
[4.358334]
[4.2083926]
[4.2905807]
[4.404939]
[4.1680837]
[4.022737]
[4.320548]
[4.4151845]
[4.3599963]
[4.256828]
[4.4433694]
[4.222803]
[4.405062]
[4.0712943]
[4.3960414]
[4.166153]
[4.210223]
[4.207214]
[4.286678]
[4.372378]
[4.321659]
[4.3514724]
[4.437087]
[4.0482273]
[4.3389583]
[4.199888]
[4.214025]
[4.341199]
[4.4297504]
[4.2365503]
[4.325784]
[4.332222]
[4.3187423]
[4.1679945]
[4.377189]
[4.03035]
[4.3302474]
[4.3187623]
[4.2752233]
[4.2730556]
[4.228765]
[4.421675]
[4.311106]
[4.287165]
[4.337479]
[4.228068]
[4.404947]
[4.403325]
[4.34969]
