[1.7787521]
[1.735505]
[1.467609]
[1.5532402]
[1.7326366]
[1.0988902]
[1.7832333]
[1.7770501]
[1.7612213]
[1.7192116]
[1.7627194]
[1.7399613]
[1.3605489]
[1.7902313]
[1.7657661]
[1.8076061]
[1.7382528]
[1.6894592]
[1.769321]
[1.7617806]
[1.162145]
[1.7522439]
[1.7661061]
[1.6004072]
[1.7962418]
[1.774208]
[1.7718455]
[1.699594]
[1.7447664]
[1.7195166]
[0.01830627]
[1.763462]
[1.7971056]
[1.7659756]
[1.7474887]
[-0.47020355]
[1.797638]
[1.7641302]
[1.7240567]
[1.3861307]
[1.7901152]
[1.7784048]
[1.7573627]
[1.7359973]
[-0.58637226]
[1.7567754]
[1.7678547]
[1.7298928]
[1.7515436]
[1.7026122]
[1.7247132]
[0.8439928]
[1.7438773]
[0.92996967]
[1.7063594]
[1.6409587]
[1.7887471]
[1.694475]
[1.6718773]
[1.6930124]
[1.7736448]
[1.1891655]
[1.6933224]
[1.7403196]
[1.7599517]
[1.1766974]
[-0.16510971]
[1.7865559]
[1.4554185]
[1.704461]
[1.7430481]
[1.7209023]
[1.7854769]
[1.6697135]
[1.7848474]
[1.708059]
[1.6905686]
[1.8029472]
[1.7361737]
[1.7307405]
[-0.21627735]
[1.7795947]
[1.7278794]
[1.7265909]
[1.7498115]
[1.7322203]
[1.7467095]
[1.723509]
[1.6831102]
[1.788768]
[1.6735833]
[1.7269261]
[1.7560436]
[1.7892947]
[1.8081156]
[1.8017395]
[1.7740282]
[1.7770684]
[1.7002289]
[1.719597]
[1.6985484]
[1.7187723]
[1.6590499]
[1.7024108]
[1.7075728]
[1.6799414]
[1.7107149]
[1.7375127]
[0.7008839]
[1.7014278]
[1.7693654]
[1.3096665]
[1.7783595]
[-0.11803953]
[1.7711695]
[1.3510593]
[1.7042993]
[1.669598]
[1.0454471]
[1.7304556]
[1.5770664]
[1.7963985]
[1.7661725]
[1.5402178]
[1.6350166]
[1.7266537]
[1.7587558]
[1.5634986]
[1.6968117]
[-0.98849577]
[1.7291621]
[1.7449796]
[1.7316729]
[1.7692637]
[1.7612057]
[1.7799555]
[1.7625233]
[-0.7124689]
[1.7178231]
[1.6488333]
[1.7679058]
[1.767551]
[1.722957]
[1.7836666]
[1.6863161]
[1.7201551]
[1.5862916]
[1.7237347]
[1.8027405]
[1.7516717]
[1.2634361]
[1.5222679]
[1.7885619]
[1.747984]
[0.5199735]
[1.7507497]
[1.6489404]
[1.7205757]
[1.5683603]
[1.7898669]
[1.7367146]
[1.7245274]
[1.706745]
[1.348695]
[1.7073593]
[1.7603798]
[1.7126992]
[-0.29461306]
[1.7037505]
[-0.28618518]
[1.7635071]
[1.7850987]
[0.23633733]
[1.0572473]
[1.7953526]
[1.7478381]
[1.7247835]
[1.7397839]
[1.5947894]
[1.7472421]
[1.7421933]
[1.6736294]
[1.6671518]
[1.6693189]
[1.8026154]
[1.7284272]
[1.7275614]
[1.7784773]
[1.7123541]
[1.6309286]
[1.7456465]
[1.7873799]
[1.7759317]
[1.7777511]
[1.7452132]
[1.6484853]
[1.7701893]
[-1.0112783]
[1.7872127]
[1.5318884]
[1.7521063]
[1.7652135]
[1.7966859]
[1.7691071]
[0.15117647]
[1.5680276]
[1.6254054]
[1.7733911]
[1.7319797]
[1.7128283]
[1.6310834]
[1.7523264]
[1.7769418]
[1.7063048]
[1.7448814]
[1.7659756]
[1.7541736]
[-1.457418]
[1.7421979]
[1.7838134]
[1.7450768]
[1.7776046]
[1.7373327]
[1.7462316]
[1.3446147]
[1.59301]
[1.7907639]
[1.728852]
[1.7399749]
[1.7376302]
[1.7279265]
[1.7337202]
[1.715618]
[1.7456893]
[1.4806598]
[-0.8457806]
[1.7448688]
[1.7222216]
[1.7661847]
[1.7548088]
[1.7414744]
[1.7688009]
[1.7606966]
[1.6733218]
[1.5884411]
[1.5124074]
[1.7759867]
[0.30704334]
[1.6482993]
[1.2297901]
[1.7645943]
[1.7668494]
[1.6952771]
[1.727604]
[1.7744848]
[0.37150514]
[1.7879391]
[1.7655658]
[1.7580055]
[1.7404728]
[1.6996976]
[1.7737705]
[1.4798421]
[1.8002261]
[1.6875783]
[1.7712239]
[1.6762794]
[1.7246293]
[0.85470235]
[1.7661847]
[1.7296227]
[1.718167]
[1.185395]
[1.7679298]
[1.5060906]
[1.7060887]
[1.7447047]
[1.4562815]
[0.4168804]
[0.8007376]
[1.4820579]
[1.389873]
[1.7575165]
[1.7690983]
[1.7202508]
[1.7947646]
[1.5268265]
[1.7383453]
[1.7231523]
[1.7777779]
[1.7635626]
[1.8039385]
[1.7035316]
[1.768083]
[1.7211784]
[1.2102689]
[1.7436643]
[1.7489518]
[1.2848084]
[1.2987381]
[1.7980866]
[1.7688662]
[1.7592623]
[1.5074766]
[1.800224]
[1.712403]
[1.77918]
[1.6991535]
[1.7294039]
[1.7821872]
[1.7360634]
[0.13318686]
[1.7531433]
[1.7802162]
[1.7589216]
[0.3757048]
[1.6705488]
[1.7191339]
[1.7958995]
[1.7294569]
[1.7630285]
[1.7625395]
[1.7785447]
[1.7139362]
[1.766632]
[1.7830621]
[1.6731621]
[1.7541252]
[1.7410349]
[0.2795477]
[1.7626258]
[1.6981325]
[1.75637]
[1.7823611]
[-0.6687664]
[1.7380804]
[1.7384554]
[1.7939883]
[1.2362398]
[1.7565805]
[1.8081135]
[1.7416129]
[1.8000852]
[1.7447467]
[1.7904478]
[-0.6099865]
[1.774079]
[1.4553069]
[1.7777029]
[1.7448696]
[1.7853094]
[1.764203]
[1.7598]
[1.7838923]
[1.7890837]
[1.7120696]
[1.7644356]
[1.7107644]
[1.610075]
[1.7821498]
[1.781149]
[1.2784339]
[1.7016559]
[1.7523903]
[1.033696]
[1.7611641]
[1.6476165]
[-0.4659065]
[1.6746695]
[-0.04726287]
[1.7622355]
[1.7608125]
[1.7508633]
[1.8051004]
[1.6869911]
[-0.14262876]
[1.7969161]
[1.0927956]
[1.7409035]
[1.7836529]
[1.6813258]
[-0.80379474]
[1.8094151]
[1.7213539]
[1.7364045]
[1.6118463]
[1.7300972]
[1.7921529]
[1.7241501]
[1.7278894]
[1.7977272]
[1.8048799]
[1.5067073]
[1.5181423]
[1.7352418]
[1.805914]
[1.5756507]
[1.7974256]
[1.7544478]
[1.7382388]
[1.7782605]
[1.6866889]
[1.6192166]
[-0.5175868]
[1.7371811]
[1.6949393]
[1.7526296]
[1.7743727]
[1.7263267]
[1.7946922]
[1.7590023]
[1.7200183]
[1.6600639]
[1.7275946]
[1.7929595]
[1.2121695]
[1.7947456]
[1.7639664]
[1.7522914]
[1.7213408]
[1.7837793]
[1.5436622]
[1.7872716]
[1.7724358]
[-0.5029336]
[-0.6665643]
[1.7955993]
[1.7419239]
[1.7785085]
[1.2692951]
[1.750922]
[1.7963591]
[1.7775041]
[1.7296175]
[-0.5854305]
[1.8013972]
[1.7016381]
[1.7617344]
[1.7779329]
[1.758342]
[1.7222204]
[1.717918]
[1.8048561]
[1.7583995]
[-0.6210021]
[1.7290627]
[1.6247019]
[1.7453994]
[1.8033682]
[1.7169603]
[1.7905244]
[0.9705976]
[1.7392875]
[1.7623763]
[1.766267]
[1.7757624]
[1.5450642]
[1.7833601]
[1.7605575]
[1.7446102]
[1.4742601]
[1.7631137]
[1.76975]
[1.7647723]
[1.8022208]
[0.60324425]
[1.7776797]
[1.7545797]
[-0.19464661]
[1.5915936]
[1.7958112]
[1.6609384]
[1.7787184]
[-0.08766773]
[1.7438241]
[1.7550385]
[1.8023542]
[1.6734515]
[1.317595]
[1.764019]
[1.7878534]
[1.7846868]
[1.537093]
[1.7458018]
[1.5801061]
[1.4940664]
[1.7863717]
[1.2434443]
[1.647964]
[1.3935188]
[1.738224]
[0.01264206]
[1.755458]
[1.7756108]
[1.3154565]
[1.7257454]
[1.7316178]
[1.784609]
[1.7474203]
[1.7169384]
[1.7675194]
[1.7006592]
[1.7906657]
[1.7306241]
[1.7864746]
[1.7993876]
[1.7027937]
[1.7508658]
[1.7462482]
[1.7595744]
[1.7198497]
[1.6962034]
[1.7217036]
[1.8080995]
[-0.82392055]
[1.6723653]
[1.7942623]
[1.7500833]
[0.46346778]
[1.7515119]
[1.724917]
[1.7971584]
[0.9082329]
[1.7191176]
[1.79589]
[1.4021516]
[1.2499074]
[1.6773459]
[1.740841]
[-0.9181497]
[1.745651]
[1.7544352]
[1.7956814]
[1.4499435]
[1.7808658]
[0.27535856]
[1.5948257]
[1.718927]
[-1.0266675]
[-1.1099044]
[1.7679502]
[1.7219086]
[0.0829585]
[1.7942024]
[1.5342511]
[0.04366111]
[1.7898775]
[1.7834705]
[1.2109667]
[1.7205812]
[1.7718724]
[1.6789359]
[-0.9154843]
[1.5827276]
[1.7154816]
[1.6864201]
[1.6824218]
[0.9928983]
[1.7959477]
[1.8092328]
[1.7842637]
[1.4510918]
[1.7291586]
[1.756963]
[1.7298652]
[1.778558]
[1.6698886]
[1.7466089]
[0.00670415]
[0.05663352]
[-1.3864485]
[1.7652591]
[1.7045348]
[1.5931665]
[1.7625906]
[1.6693546]
[1.7249304]
[1.7662711]
[1.7305717]
[1.6877512]
[1.6263341]
[1.7499875]
[1.7960541]
[1.70865]
[1.7988929]
[1.8050969]
[1.7333454]
[1.7712266]
[1.7515919]
[1.7980338]
[1.758274]
[1.7088081]
[1.7522328]
[1.6061103]
[1.7045567]
[0.7117718]
[1.7341894]
[1.7452139]
[0.16158561]
[1.7349584]
[1.766208]
[1.674801]
[1.7533466]
[1.388481]
[1.5363083]
[1.4279727]
[1.7632186]
[1.7483002]
[1.7681748]
[1.7770494]
[1.389249]
[1.7225555]
[1.740226]
[-0.4584759]
[1.7853202]
[1.7979127]
[0.7996529]
[1.6950186]
[1.7090043]
[1.7834208]
[1.740696]
[1.7590914]
[1.7156606]
[-1.1729543]
[1.7539165]
[1.763367]
[-0.5004855]
[1.761853]
[1.7514867]
[1.7703717]
[1.6497623]
[1.5873437]
[1.7927176]
[1.7956213]
[-0.05205255]
[1.7261436]
[1.7247547]
[1.7080257]
[1.7921709]
[-0.10098547]
[0.42296293]
[1.700513]
[1.7055118]
[1.748686]
[1.8076048]
[1.7872564]
[1.7317401]
[1.7798162]
[1.7551186]
[1.7901877]
[1.7101284]
[1.663103]
[1.7783002]
[1.7409624]
[1.3711053]
[1.7333394]
[1.6443768]
[1.5657964]
[1.7617751]
[1.7774998]
[1.6652886]
[1.7128228]
[1.7160809]
[1.7912818]
[1.3686857]
[1.6702765]
[1.7676303]
[1.7958063]
[1.7476194]
[1.0990497]
[1.7062737]
[1.7737122]
[1.7300919]
[1.7617472]
[1.7800858]
[1.8021452]
[1.7645348]
[1.7472415]
[1.7289351]
[1.7505603]
[1.7347573]
[1.7876292]
[1.6834701]
[1.7622101]
[1.7422706]
[1.6330237]
[1.7569655]
[1.7540094]
[1.7134142]
[1.7879771]
[1.800702]
[1.7078129]
[0.2495935]
[1.6079895]
[1.7806127]
[1.7850198]
[1.5216528]
[1.6403874]
[1.8029392]
[1.7620358]
[1.6727837]
[1.7153697]
[1.732613]
[1.6881322]
[1.7409984]
[1.7494158]
[1.6882935]
[0.5234689]
[1.5749494]
[1.7244246]
[1.7718557]
[1.7513299]
[1.7480055]
[1.7598543]
[1.0710362]
[1.7516915]
[1.2668377]
[1.7530217]
[1.6756121]
[1.7775486]
[1.7918316]
[1.690977]
[1.7891072]
[1.787405]
[1.6407188]
[1.5424522]
[1.7844963]
[1.701564]
[0.92851484]
[1.7903025]
[1.4738564]
[0.2652581]
[1.741002]
[1.8097236]
[1.3847502]
[1.7171217]
[-1.3888369]
