[0.02858795]
[0.02859185]
[0.02858107]
[0.02859101]
[0.02858322]
[0.02858184]
[0.02857507]
[0.02858919]
[0.02857317]
[0.02856782]
[0.02859123]
[0.02857928]
[0.02856507]
[0.02858748]
[0.02859252]
[0.02858302]
[0.02858309]
[0.02855671]
[0.02861176]
[0.02859091]
[0.02860468]
[0.02857798]
[0.02858732]
[0.02858562]
[0.02857877]
[0.02859018]
[0.02857323]
[0.02857725]
[0.02856477]
[0.0285841]
[0.02854671]
[0.02858396]
[0.02857191]
[0.02858666]
[0.02858799]
[0.02856851]
[0.02858343]
[0.02858467]
[0.0285686]
[0.02855309]
[0.02858321]
[0.02856837]
[0.02857614]
[0.02857836]
[0.02855187]
[0.02859081]
[0.028619]
[0.02858451]
[0.02856319]
[0.02857461]
[0.02857638]
[0.0285526]
[0.02860012]
[0.02856062]
[0.02857858]
[0.02857017]
[0.02858252]
[0.02859465]
[0.02859031]
[0.02858413]
[0.02857694]
[0.02858479]
[0.02859346]
[0.0285922]
[0.02858247]
[0.02857652]
[0.02857775]
[0.02859185]
[0.0285844]
[0.02857511]
[0.02858464]
[0.02857396]
[0.02858169]
[0.02858165]
[0.02858261]
[0.02860339]
[0.02857321]
[0.02857602]
[0.02861571]
[0.02858865]
[0.02856219]
[0.02858306]
[0.02859723]
[0.02860235]
[0.02857861]
[0.02857294]
[0.02856642]
[0.0285852]
[0.02858604]
[0.02858875]
[0.02856066]
[0.02859773]
[0.02858807]
[0.02858677]
[0.02857496]
[0.02857974]
[0.02859156]
[0.02860105]
[0.02857297]
[0.02858883]
[0.02856647]
[0.02860038]
[0.02856814]
[0.02858881]
[0.02858636]
[0.02858244]
[0.02859588]
[0.02859721]
[0.02858048]
[0.02859559]
[0.02859421]
[0.02857703]
[0.02858066]
[0.02859086]
[0.02858811]
[0.02859756]
[0.0286044]
[0.02857452]
[0.02860784]
[0.02858483]
[0.02857573]
[0.02858929]
[0.02859711]
[0.02858631]
[0.0285776]
[0.02860287]
[0.02856844]
[0.02857732]
[0.02858577]
[0.02853827]
[0.02859246]
[0.02859858]
[0.02858399]
[0.02858642]
[0.02857374]
[0.02855517]
[0.02857534]
[0.02855533]
[0.0285957]
[0.02859049]
[0.02859574]
[0.02858208]
[0.02857815]
[0.02858122]
[0.0285907]
[0.02859907]
[0.02857923]
[0.02858086]
[0.02856471]
[0.02857007]
[0.02858005]
[0.0285892]
[0.02858882]
[0.02858083]
[0.02856699]
[0.02858524]
[0.02855992]
[0.02860516]
[0.02858902]
[0.02858249]
[0.02858604]
[0.02858968]
[0.02859017]
[0.02856646]
[0.02860241]
[0.02860915]
[0.02859125]
[0.02855031]
[0.02858938]
[0.02856956]
[0.02858153]
[0.02859501]
[0.02856781]
[0.0285805]
[0.02858701]
[0.02859687]
[0.02853701]
[0.0285768]
[0.02857889]
[0.02856674]
[0.02857747]
[0.02857962]
[0.02859242]
[0.02856555]
[0.02858903]
[0.02859514]
[0.02858015]
[0.02858933]
[0.02859225]
[0.02855731]
[0.02858366]
[0.02859089]
[0.02857376]
[0.02858302]
[0.02860727]
[0.02857306]
[0.02858885]
[0.02853676]
[0.02858661]
[0.02857757]
[0.02860186]
[0.02858064]
[0.02857662]
[0.02857731]
[0.02858283]
[0.02858046]
[0.02856565]
[0.02857802]
[0.0285762]
[0.02856865]
[0.02858825]
[0.02857672]
[0.02859971]
[0.02860143]
[0.02858659]
[0.02857296]
[0.02858236]
[0.02854048]
[0.02856642]
[0.02857601]
[0.02860397]
[0.02858894]
[0.02859707]
[0.02858212]
[0.02859346]
[0.02859652]
[0.02857859]
[0.028556]
[0.02861687]
[0.02858914]
[0.02859247]
[0.02858]
[0.02858256]
[0.02858276]
[0.02855015]
[0.02856713]
[0.02860172]
[0.02858013]
[0.02857293]
[0.02857672]
[0.02859452]
[0.02858878]
[0.02857515]
[0.02856908]
[0.02857802]
[0.02857552]
[0.02860462]
[0.02859086]
[0.02858318]
[0.02857837]
[0.02859903]
[0.02857447]
[0.0286001]
[0.02859999]
[0.02855895]
[0.02859204]
[0.02858291]
[0.02859157]
[0.02858761]
[0.02862026]
[0.02857617]
[0.02859374]
[0.02857093]
[0.02858152]
[0.02860298]
[0.02854862]
[0.02858703]
[0.0285698]
[0.02859305]
[0.02859176]
[0.02858328]
[0.02857086]
[0.02860627]
[0.02856223]
[0.02857979]
[0.02855942]
[0.0285788]
[0.02857734]
[0.02857446]
[0.02857149]
[0.02858067]
[0.02858747]
[0.02857232]
[0.02859194]
[0.02860659]
[0.02858463]
[0.02857516]
[0.02859379]
[0.02858988]
[0.02859657]
[0.02858016]
[0.02857596]
[0.02857483]
[0.02856915]
[0.02860478]
[0.02857688]
[0.02857168]
[0.0285659]
[0.028575]
[0.02858986]
[0.02858327]
[0.02859478]
[0.02856793]
[0.02858201]
[0.02857566]
[0.02859081]
[0.02858768]
[0.02861201]
[0.02858131]
[0.02856126]
[0.02859066]
[0.02858107]
[0.02857692]
[0.02858115]
[0.02858704]
[0.02857793]
[0.02857639]
[0.02858428]
[0.02857888]
[0.02858347]
[0.02858921]
[0.0285991]
[0.0285945]
[0.02859473]
[0.02859909]
[0.02859372]
[0.02856763]
[0.02857292]
[0.02857986]
[0.02850403]
[0.0285793]
[0.02855941]
[0.02858755]
[0.02858051]
[0.02856069]
[0.02858038]
[0.02859115]
[0.02859116]
[0.02856761]
[0.028593]
[0.02856364]
[0.02858843]
[0.02858018]
[0.02858546]
[0.02858269]
[0.02857511]
[0.02859516]
[0.0285773]
[0.028594]
[0.02858747]
[0.02857581]
[0.02859217]
[0.0286187]
[0.02857567]
[0.02858192]
[0.02860837]
[0.02858655]
[0.02856591]
[0.02858683]
[0.02859111]
[0.02859036]
[0.0285542]
[0.0285915]
[0.02861255]
[0.02854272]
[0.02860246]
[0.02859497]
[0.02853807]
[0.02860419]
[0.02855675]
[0.02858585]
[0.02861477]
[0.02859081]
[0.02858085]
[0.02855448]
[0.02857946]
[0.028592]
[0.02857913]
[0.02859224]
[0.02857313]
[0.02859164]
[0.02857206]
[0.02857551]
[0.02856662]
[0.02860099]
[0.02860761]
[0.02858729]
[0.02857576]
[0.02858169]
[0.02860513]
[0.02857493]
[0.02858176]
[0.02858277]
[0.02857884]
[0.02860079]
[0.02858044]
[0.02858244]
[0.0285835]
[0.02859126]
[0.02859554]
[0.02857525]
[0.02858121]
[0.02856686]
[0.02857069]
[0.02858877]
[0.02858399]
[0.0285612]
[0.02859324]
[0.02857988]
[0.02859402]
[0.02858398]
[0.02859045]
[0.02856471]
[0.02859112]
[0.02858668]
[0.02855277]
[0.02859092]
[0.02858164]
[0.02860874]
[0.02859993]
[0.02858272]
[0.02855744]
[0.02858]
[0.02858479]
[0.02857952]
[0.02857877]
[0.0285833]
[0.02858349]
[0.02858802]
[0.02859828]
[0.02860668]
[0.0285841]
[0.02860494]
[0.02858623]
[0.02857406]
[0.02857706]
[0.02858968]
[0.02859751]
[0.02858561]
[0.02857745]
[0.02859538]
[0.02859691]
[0.02857432]
[0.02858138]
[0.02857199]
[0.02858607]
[0.02858214]
[0.02857641]
[0.02857317]
[0.02858706]
[0.02858077]
[0.02859796]
[0.02859276]
[0.02857234]
[0.02859776]
[0.02858938]
[0.0285796]
[0.02858186]
[0.02858757]
[0.02858262]
[0.02856293]
[0.0285892]
[0.02858273]
[0.02858467]
[0.02856974]
[0.02856473]
[0.02860173]
[0.02857348]
[0.02858647]
[0.02857735]
[0.02857619]
[0.02858266]
[0.02858528]
[0.02856043]
[0.02858502]
[0.02859669]
[0.02859143]
[0.02858571]
[0.02859464]
[0.02860353]
[0.02857072]
[0.02858841]
[0.02858236]
[0.02856035]
[0.02856145]
[0.02858161]
[0.02858946]
[0.02857033]
[0.02856728]
[0.02859749]
[0.02858028]
[0.02858015]
[0.02859112]
[0.02858876]
[0.02856854]
[0.02858629]
[0.0285861]
[0.0285816]
[0.02859564]
[0.02857723]
[0.02860876]
[0.0285765]
[0.02857454]
[0.02860463]
[0.02858895]
[0.02858173]
[0.02859819]
[0.02856241]
[0.02857929]
[0.02857089]
[0.02858005]
[0.02859616]
[0.02859619]
[0.02858156]
[0.02855214]
[0.02857679]
[0.02858692]
[0.02859676]
[0.02857571]
[0.02859522]
[0.02859592]
[0.02857859]
[0.02856701]
[0.02858282]
[0.02858464]
[0.02858297]
[0.02857819]
[0.02856772]
[0.02858949]
[0.02855951]
[0.02859058]
[0.02858842]
[0.02858904]
[0.02856468]
[0.02858599]
[0.02856919]
[0.0285961]
[0.0285982]
[0.02855704]
[0.02855778]
[0.02861406]
[0.02858749]
[0.02856524]
[0.02857826]
[0.02858612]
[0.02857438]
[0.02857639]
[0.0285829]
[0.02858682]
[0.02858763]
[0.02857121]
[0.02859562]
[0.02855338]
[0.02858847]
[0.02858093]
[0.02856575]
[0.0285854]
[0.02859021]
[0.02857729]
[0.0285801]
[0.02859323]
[0.0285714]
[0.02858273]
[0.02857706]
[0.02859126]
[0.02858673]
[0.02858007]
[0.02857429]
[0.02857357]
[0.02858207]
[0.02853443]
[0.02856793]
[0.02856218]
[0.02858398]
[0.0285816]
[0.02858965]
[0.02854934]
[0.02858075]
[0.02859132]
[0.02859227]
[0.02857482]
[0.02860263]
[0.02858213]
[0.02860711]
[0.02858927]
[0.0285742]
[0.02859351]
[0.02859333]
[0.02857633]
[0.02858465]
[0.02859882]
[0.02858385]
[0.02858445]
[0.02857734]
[0.02857105]
[0.0285748]
[0.02859297]
[0.02858293]
[0.02856841]
[0.02859914]
[0.0285908]
[0.02858171]
[0.0285924]
[0.02855663]
[0.02858656]
[0.02855561]
[0.02858775]
[0.0285818]
[0.02858353]
[0.02855911]
[0.02857156]
[0.0285883]
[0.02858859]
[0.02855835]
[0.02858145]
[0.02858696]
[0.02858374]
[0.02856562]
[0.0285955]
[0.02858961]
[0.02854852]
[0.02858527]
[0.02858907]
[0.02856168]
[0.02857692]
[0.02857347]
[0.02857775]
[0.02858572]
[0.02859017]
[0.02857671]
[0.02858794]
[0.02858241]
[0.02858083]
[0.02857956]
[0.02857624]
[0.02858448]
[0.02855551]
[0.02860701]
[0.02858658]
[0.0285822]
[0.02857857]
[0.0285912]
[0.02857981]
[0.02858955]
[0.02858074]
[0.02858854]
[0.02857785]
[0.02858511]
[0.02857577]
[0.02859338]
[0.0285941]
[0.02858733]
[0.02858471]
[0.0286092]
[0.02858539]
[0.02859058]
[0.02858393]
[0.0285826]
[0.02861048]
[0.02857612]
[0.02857044]
[0.02859702]
[0.02857468]
[0.02858194]
[0.02857862]
[0.02857013]
[0.02858143]
[0.02857833]
[0.02857102]
[0.02856843]
[0.02861252]
[0.02858666]
[0.02858356]
[0.02856248]
[0.0285822]
[0.02858174]
[0.02856317]
[0.02860146]
[0.02857598]
[0.0285862]
[0.0286007]
[0.02857553]
[0.02858466]
[0.02858701]
[0.02857626]
[0.02858483]
[0.02858905]
[0.02858427]
[0.02860141]
[0.02858267]
[0.02858434]
[0.0285944]
[0.0285586]
[0.02858752]
[0.02859099]
[0.02859192]
[0.02856538]
[0.02857238]
[0.02858277]
[0.02857242]
[0.02857191]
[0.02858023]
[0.0285802]
[0.02857405]
[0.0285839]
[0.02858223]
[0.0285845]
[0.02858408]
[0.02859037]
[0.02855814]
[0.0285762]
[0.02858503]
[0.02860473]
[0.02858032]
[0.02857294]
[0.02856965]
[0.02857398]
[0.02859909]
[0.02857669]
[0.02858197]
[0.02858666]
[0.02861043]
[0.02858792]
[0.02857593]
[0.02858369]
[0.02859359]
[0.0285834]
[0.02859421]
[0.02858115]
[0.02858044]
[0.02859243]
[0.02857364]
[0.0285965]
[0.02857105]
[0.02855099]
[0.02856131]
[0.02850585]
