[11.328527]
[11.328255]
[11.328366]
[11.329508]
[11.328822]
[11.328546]
[11.329422]
[11.328509]
[11.326365]
[11.328896]
[11.329486]
[11.327494]
[11.328236]
[11.328959]
[11.328248]
[11.328747]
[11.327009]
[11.328684]
[11.329326]
[11.328613]
[11.328377]
[11.328263]
[11.328967]
[11.328039]
[11.326918]
[11.328347]
[11.328321]
[11.328384]
[11.328876]
[11.328052]
[11.329093]
[11.328086]
[11.326063]
[11.326243]
[11.328226]
[11.326507]
[11.328318]
[11.327902]
[11.3267975]
[11.32869]
[11.328601]
[11.3279915]
[11.328652]
[11.328666]
[11.328182]
[11.328906]
[11.328766]
[11.3281975]
[11.328299]
[11.328291]
[11.32824]
[11.3277025]
[11.328593]
[11.329215]
[11.328206]
[11.329286]
[11.328869]
[11.326341]
[11.328944]
[11.32892]
[11.328311]
[11.328115]
[11.328088]
[11.328335]
[11.328968]
[11.328121]
[11.328364]
[11.328769]
[11.328206]
[11.328082]
[11.328065]
[11.328059]
[11.329068]
[11.328476]
[11.328124]
[11.328207]
[11.328685]
[11.328875]
[11.328193]
[11.328307]
[11.328167]
[11.329192]
[11.327736]
[11.328307]
[11.328216]
[11.328305]
[11.328904]
[11.328238]
[11.328753]
[11.328298]
[11.32699]
[11.328982]
[11.329486]
[11.327096]
[11.328381]
[11.32902]
[11.3278265]
[11.326501]
[11.329516]
[11.328388]
[11.328226]
[11.3282175]
[11.328987]
[11.328674]
[11.328334]
[11.328821]
[11.328486]
[11.32801]
[11.328832]
[11.328658]
[11.328162]
[11.328116]
[11.328669]
[11.328824]
[11.328132]
[11.329083]
[11.328084]
[11.328371]
[11.329324]
[11.328241]
[11.3263855]
[11.328756]
[11.3293]
[11.328329]
[11.328152]
[11.328558]
[11.328542]
[11.328638]
[11.328368]
[11.327129]
[11.328142]
[11.328584]
[11.328284]
[11.328603]
[11.328125]
[11.3281555]
[11.328788]
[11.328235]
[11.328016]
[11.327882]
[11.328684]
[11.3281765]
[11.327835]
[11.328208]
[11.328484]
[11.329539]
[11.328206]
[11.328572]
[11.328617]
[11.328187]
[11.328197]
[11.32899]
[11.329359]
[11.328288]
[11.328121]
[11.329073]
[11.328542]
[11.328056]
[11.328708]
[11.328798]
[11.328598]
[11.328538]
[11.32852]
[11.328275]
[11.328545]
[11.328681]
[11.328674]
[11.328881]
[11.326309]
[11.328911]
[11.328204]
[11.32811]
[11.328676]
[11.328403]
[11.3289175]
[11.328407]
[11.328047]
[11.328855]
[11.328032]
[11.328841]
[11.32859]
[11.328897]
[11.329372]
[11.328089]
[11.32813]
[11.328285]
[11.327968]
[11.328598]
[11.328413]
[11.328138]
[11.328742]
[11.326201]
[11.328261]
[11.328426]
[11.328295]
[11.329032]
[11.329128]
[11.328751]
[11.328799]
[11.328622]
[11.327654]
[11.32843]
[11.328555]
[11.328202]
[11.32838]
[11.326369]
[11.328776]
[11.328496]
[11.32837]
[11.328314]
[11.328469]
[11.328515]
[11.329085]
[11.328211]
[11.326327]
[11.328904]
[11.328328]
[11.327985]
[11.328464]
[11.328832]
[11.32817]
[11.328236]
[11.328884]
[11.327564]
[11.32817]
[11.328146]
[11.328319]
[11.328353]
[11.3285475]
[11.328422]
[11.328187]
[11.32865]
[11.328061]
[11.329455]
[11.326863]
[11.32844]
[11.328064]
[11.3262825]
[11.328285]
[11.326463]
[11.326301]
[11.328185]
[11.328304]
[11.328065]
[11.328101]
[11.327988]
[11.328272]
[11.328965]
[11.328977]
[11.328135]
[11.32824]
[11.328708]
[11.328207]
[11.3280945]
[11.328959]
[11.32947]
[11.329452]
[11.329205]
[11.328673]
[11.328656]
[11.328095]
[11.328338]
[11.329101]
[11.328433]
[11.328048]
[11.329186]
[11.32813]
[11.328582]
[11.328932]
[11.328431]
[11.328193]
[11.328155]
[11.328357]
[11.328319]
[11.328256]
[11.328401]
[11.328173]
[11.328974]
[11.328182]
[11.328499]
[11.328336]
[11.328126]
[11.328793]
[11.328497]
[11.329489]
[11.328293]
[11.328928]
[11.328773]
[11.326454]
[11.328286]
[11.328452]
[11.328054]
[11.328227]
[11.328755]
[11.328691]
[11.328293]
[11.32941]
[11.329152]
[11.328397]
[11.328082]
[11.328099]
[11.328302]
[11.328344]
[11.328753]
[11.328635]
[11.328674]
[11.327926]
[11.326549]
[11.328276]
[11.327902]
[11.329118]
[11.327962]
[11.329358]
[11.328244]
[11.328115]
[11.328048]
[11.328883]
[11.328482]
[11.328316]
[11.328119]
[11.329392]
[11.327973]
[11.328047]
[11.32959]
[11.327527]
[11.328913]
[11.328852]
[11.329072]
[11.329086]
[11.326218]
[11.328312]
[11.328445]
[11.327595]
[11.328341]
[11.328971]
[11.328246]
[11.32815]
[11.328209]
[11.3277025]
[11.329547]
[11.3293]
[11.328626]
[11.328471]
[11.328311]
[11.328185]
[11.328175]
[11.328028]
[11.328336]
[11.328779]
[11.329227]
[11.327577]
[11.328233]
[11.329244]
[11.328528]
[11.328235]
[11.329033]
[11.329137]
[11.329299]
[11.328276]
[11.328332]
[11.328235]
[11.328434]
[11.328875]
[11.327128]
[11.32916]
[11.328663]
[11.327955]
[11.326696]
[11.3278675]
[11.328556]
[11.327795]
[11.328332]
[11.328294]
[11.328374]
[11.328306]
[11.329413]
[11.327488]
[11.32783]
[11.328454]
[11.329389]
[11.328007]
[11.328449]
[11.328068]
[11.329591]
[11.328373]
[11.328044]
[11.32865]
[11.329224]
[11.32846]
[11.328197]
[11.32837]
[11.328143]
[11.328197]
[11.328394]
[11.3294325]
[11.328249]
[11.326518]
[11.328019]
[11.3290825]
[11.329165]
[11.328152]
[11.328326]
[11.32873]
[11.32816]
[11.328692]
[11.328126]
[11.329087]
[11.328462]
[11.32948]
[11.328325]
[11.328205]
[11.328289]
[11.328069]
[11.328237]
[11.328319]
[11.328261]
[11.328337]
[11.328151]
[11.328345]
[11.327949]
[11.328135]
[11.328254]
[11.328984]
[11.328119]
[11.328665]
[11.328712]
[11.328207]
[11.32837]
[11.328315]
[11.327456]
[11.32849]
[11.329268]
[11.328064]
[11.32939]
[11.328106]
[11.328536]
[11.328854]
[11.329147]
[11.328346]
[11.326602]
[11.328191]
[11.328327]
[11.328141]
[11.328215]
[11.328198]
[11.329035]
[11.326169]
[11.328352]
[11.328391]
[11.329369]
[11.328967]
[11.328984]
[11.328925]
[11.327964]
[11.328379]
[11.328857]
[11.328089]
[11.32756]
[11.32892]
[11.328461]
[11.3288145]
[11.328062]
[11.328219]
[11.328207]
[11.328155]
[11.328062]
[11.328398]
[11.329205]
[11.328907]
[11.327763]
[11.327262]
[11.327448]
[11.328377]
[11.328678]
[11.329603]
[11.32895]
[11.329092]
[11.328114]
[11.32863]
[11.328809]
[11.326416]
[11.32853]
[11.328087]
[11.326244]
[11.328173]
[11.328307]
[11.328628]
[11.328396]
[11.328654]
[11.328197]
[11.328689]
[11.329251]
[11.328149]
[11.327896]
[11.32817]
[11.328942]
[11.326685]
[11.329025]
[11.328259]
[11.329116]
[11.3288145]
[11.3287325]
[11.326699]
[11.328698]
[11.329105]
[11.328233]
[11.328302]
[11.328397]
[11.328271]
[11.328789]
[11.32818]
[11.328705]
[11.328304]
[11.329022]
[11.32866]
[11.328319]
[11.326242]
[11.328752]
[11.329007]
[11.328796]
[11.328191]
[11.328805]
[11.328771]
[11.329417]
[11.328681]
[11.328139]
[11.328561]
[11.328904]
[11.328481]
[11.329629]
[11.328303]
[11.328348]
[11.3284]
[11.327524]
[11.32865]
[11.328731]
[11.329503]
[11.3272085]
[11.327519]
[11.328086]
[11.329229]
[11.329325]
[11.328091]
[11.328129]
[11.328118]
[11.328108]
[11.328879]
[11.328903]
[11.328452]
[11.328258]
[11.328168]
[11.328212]
[11.327634]
[11.3292]
[11.328156]
[11.328359]
[11.3287325]
[11.329107]
[11.328147]
[11.328797]
[11.328197]
[11.328387]
[11.326913]
[11.328301]
[11.328507]
[11.32833]
[11.328254]
[11.329513]
[11.327581]
[11.328162]
[11.328589]
[11.327429]
[11.328286]
[11.328649]
[11.328237]
[11.328114]
[11.328543]
[11.329618]
[11.328083]
[11.327493]
[11.328588]
[11.329117]
[11.328206]
[11.327746]
[11.32804]
[11.328159]
[11.328182]
[11.328882]
[11.328279]
[11.328489]
[11.328198]
[11.328413]
[11.328155]
[11.328103]
[11.328207]
[11.327971]
[11.32714]
[11.326394]
[11.326217]
[11.328248]
[11.328336]
[11.328114]
[11.326566]
[11.32817]
[11.328752]
[11.326368]
[11.329724]
[11.328217]
[11.329339]
[11.32918]
[11.327661]
[11.329177]
[11.328498]
[11.329128]
[11.328823]
[11.328286]
[11.328046]
[11.327925]
[11.328305]
[11.328907]
[11.328637]
[11.328306]
[11.329109]
[11.327905]
[11.328596]
[11.3282385]
[11.3282175]
[11.328232]
[11.328437]
[11.328293]
[11.328272]
[11.3282995]
[11.328593]
[11.326468]
[11.3282]
[11.328266]
[11.328022]
[11.328315]
[11.3270035]
[11.327525]
[11.329186]
[11.328262]
[11.328135]
[11.3283]
[11.328758]
[11.328773]
[11.328179]
[11.328644]
[11.328253]
[11.328243]
[11.328481]
[11.328764]
[11.328472]
[11.328541]
[11.328687]
[11.328073]
[11.327902]
[11.328074]
[11.328701]
[11.328723]
[11.329171]
[11.328076]
[11.328088]
[11.32899]
[11.326589]
[11.327959]
[11.327995]
[11.328947]
[11.327997]
[11.328095]
[11.328059]
[11.328165]
[11.326337]
[11.3281975]
[11.329463]
[11.32846]
[11.328524]
[11.328696]
[11.328045]
[11.328685]
[11.328413]
[11.328703]
[11.328155]
[11.328672]
[11.328267]
[11.328458]
[11.329304]
[11.32865]
[11.328401]
[11.32863]
[11.328014]
[11.328301]
[11.328239]
[11.328299]
[11.328716]
[11.328803]
[11.328738]
[11.328089]
[11.329168]
[11.328203]
[11.328235]
[11.328253]
[11.328374]
[11.328944]
[11.328108]
[11.326568]
[11.327888]
[11.328188]
[11.328744]
[11.32657]
[11.328809]
[11.328857]
[11.327818]
[11.328338]
[11.3293085]
[11.32825]
[11.328945]
[11.328654]
[11.328683]
[11.329139]
[11.3284235]
[11.328763]
[11.329547]
[11.328824]
[11.328269]
[11.328112]
[11.328197]
[11.32858]
[11.32797]
[11.328935]
[11.328933]
[11.329279]
[11.329222]
[11.328321]
[11.328275]
[11.328181]
[11.327963]
[11.328772]
[11.329033]
[11.328824]
[11.328659]
[11.3288555]
[11.328969]
[11.329042]
[11.328386]
[11.328155]
[11.328245]
[11.328191]
[11.328802]
[11.328314]
[11.328849]
[11.328915]
[11.326588]
[11.3289]
[11.328742]
[11.329663]
[11.328649]
[11.328631]
[11.32823]
[11.329032]
[11.328224]
[11.328723]
[11.328408]
[11.328162]
[11.328868]
[11.328423]
[11.328315]
[11.329071]
[11.328092]
[11.328256]
[11.328325]
[11.328201]
[11.3291025]
[11.329368]
[11.328295]
[11.329197]
[11.328037]
[11.329089]
[11.329152]
[11.328178]
[11.329554]
[11.328085]
[11.328273]
[11.328452]
[11.328067]
[11.329062]
[11.328114]
[11.328353]
[11.329295]
[11.328328]
[11.328707]
[11.326774]
[11.32882]
[11.328795]
[11.328743]
[11.3280945]
[11.328478]
[11.328155]
[11.32781]
[11.328303]
[11.328762]
[11.329164]
[11.329123]
[11.328209]
[11.328214]
[11.326411]
[11.328574]
[11.328467]
[11.327969]
[11.328248]
[11.328676]
[11.326007]
[11.328257]
[11.328559]
[11.328877]
[11.329004]
[11.328189]
[11.328763]
[11.328084]
[11.328812]
[11.328082]
[11.32841]
[11.329028]
[11.329156]
[11.328023]
[11.328132]
[11.328214]
[11.328931]
[11.32873]
[11.328893]
[11.328202]
[11.328198]
[11.329501]
[11.328608]
[11.328361]
[11.328984]
[11.326333]
[11.328149]
[11.327884]
[11.32823]
[11.329019]
[11.3259115]
[11.328347]
[11.329425]
[11.329146]
[11.328702]
[11.32879]
[11.328168]
[11.328886]
[11.328068]
[11.328647]
[11.328416]
[11.3295145]
[11.3280325]
[11.328284]
[11.328251]
[11.32831]
[11.32895]
[11.32825]
[11.327197]
[11.329609]
[11.326427]
[11.329506]
[11.328708]
[11.328061]
[11.328155]
[11.328887]
[11.32887]
[11.328205]
[11.328535]
[11.328592]
[11.32821]
[11.328364]
[11.32898]
[11.328824]
[11.328362]
[11.32889]
[11.328801]
[11.328149]
[11.328338]
[11.329453]
[11.328428]
[11.328757]
[11.328169]
[11.328561]
[11.32854]
[11.3282175]
[11.328174]
[11.328183]
[11.328597]
[11.32662]
[11.328243]
[11.32961]
[11.328294]
[11.329345]
[11.3289385]
[11.328003]
[11.329017]
[11.328164]
[11.328173]
[11.329078]
[11.328597]
[11.328369]
[11.328723]
[11.326847]
[11.328391]
[11.32834]
[11.329306]
[11.328792]
[11.329732]
[11.328123]
[11.32888]
[11.328864]
[11.328841]
[11.329003]
[11.328216]
[11.328327]
[11.326717]
[11.328947]
[11.32897]
[11.329116]
[11.328963]
[11.328238]
[11.328488]
[11.328157]
[11.328948]
[11.328782]
[11.329298]
[11.326603]
[11.328458]
[11.3287115]
[11.328511]
[11.328573]
[11.328203]
[11.326367]
[11.328567]
[11.328306]
[11.328501]
[11.328963]
[11.328147]
[11.328951]
[11.328198]
[11.329155]
[11.328222]
[11.328561]
[11.328466]
[11.328196]
[11.328292]
[11.328776]
[11.328022]
[11.328082]
[11.328937]
[11.328809]
[11.328797]
[11.328821]
[11.328247]
[11.328272]
[11.327036]
[11.328617]
[11.32835]
[11.3286295]
[11.32808]
[11.32879]
[11.328036]
[11.32808]
[11.329024]
[11.328715]
[11.328703]
[11.328368]
[11.328364]
[11.328324]
[11.329151]
[11.328271]
[11.328251]
[11.328085]
[11.328763]
[11.328543]
[11.328606]
[11.3290825]
[11.32888]
[11.328778]
[11.328486]
[11.328674]
[11.328319]
[11.328132]
[11.328226]
[11.328208]
[11.32893]
[11.328435]
[11.328656]
[11.328195]
[11.328764]
[11.328887]
[11.328582]
[11.327995]
[11.32903]
[11.329444]
[11.329176]
[11.32861]
[11.328]
[11.328176]
[11.328279]
[11.3284855]
[11.328105]
[11.329417]
[11.328638]
[11.328743]
[11.328231]
