[0.02304005]
[0.02303102]
[0.02302087]
[0.02304154]
[0.02303759]
[0.02304042]
[0.0230394]
[0.02304618]
[0.02303376]
[0.02303754]
[0.02303709]
[0.02303628]
[0.02303775]
[0.02304175]
[0.02301953]
[0.02303996]
[0.02303565]
[0.02303408]
[0.02303505]
[0.02303501]
[0.02303415]
[0.02303082]
[0.02304471]
[0.0230382]
[0.02305433]
[0.02303216]
[0.02305157]
[0.02303169]
[0.02303316]
[0.02304033]
[0.02305882]
[0.02304187]
[0.02303199]
[0.02304058]
[0.02303551]
[0.02304164]
[0.02302686]
[0.02303978]
[0.02303922]
[0.02306434]
[0.02303772]
[0.02303162]
[0.02304624]
[0.02303927]
[0.02303606]
[0.02304078]
[0.02303556]
[0.02302308]
[0.02303289]
[0.02304147]
[0.02302137]
[0.02303898]
[0.02303457]
[0.02304092]
[0.02302988]
[0.02304171]
[0.02303176]
[0.02303448]
[0.02305825]
[0.0230531]
[0.02303518]
[0.02304066]
[0.02303728]
[0.02302201]
[0.02303383]
[0.02303378]
[0.02303209]
[0.02303674]
[0.02302121]
[0.023027]
[0.02305926]
[0.02304159]
[0.02303983]
[0.02303102]
[0.02302126]
[0.02302985]
[0.02305043]
[0.02303844]
[0.02303845]
[0.02302822]
[0.02306444]
[0.02303916]
[0.02304353]
[0.0230226]
[0.02304035]
[0.0230365]
[0.02303697]
[0.02303164]
[0.02303595]
[0.02303166]
[0.02304046]
[0.0230367]
[0.02304131]
[0.02306157]
[0.02303224]
[0.02303381]
[0.02305319]
[0.02303224]
[0.02304951]
[0.02303587]
[0.02303985]
[0.02303397]
[0.02304878]
[0.02303294]
[0.02303031]
[0.02305734]
[0.02304147]
[0.02306211]
[0.0230284]
[0.02305171]
[0.0230328]
[0.023032]
[0.02303223]
[0.02303227]
[0.02304102]
[0.02303872]
[0.02303828]
[0.02303575]
[0.02303588]
[0.02304115]
[0.02304419]
[0.02304204]
[0.02303539]
[0.02303635]
[0.02303553]
[0.02304056]
[0.02305972]
[0.02304093]
[0.02303651]
[0.02303246]
[0.02303656]
[0.02304032]
[0.02302984]
[0.02305559]
[0.0230207]
[0.02303349]
[0.02304723]
[0.02303253]
[0.02305127]
[0.02301791]
[0.02304186]
[0.02303214]
[0.02303567]
[0.02302064]
[0.02304158]
[0.023034]
[0.02303123]
[0.02304351]
[0.02304678]
[0.02303654]
[0.02302371]
[0.02304144]
[0.02304027]
[0.02303602]
[0.02303628]
[0.02302989]
[0.02304393]
[0.02303793]
[0.02303367]
[0.02304145]
[0.02303182]
[0.02304321]
[0.02303605]
[0.02303209]
[0.02304365]
[0.02303236]
[0.02304492]
[0.02303584]
[0.02303277]
[0.02303518]
[0.02303502]
[0.02303258]
[0.02304003]
[0.02303418]
[0.02302897]
[0.02303175]
[0.02303391]
[0.02304434]
[0.02302688]
[0.02306062]
[0.0230317]
[0.02304075]
[0.02303512]
[0.02303396]
[0.0230196]
[0.02304695]
[0.02302733]
[0.02303901]
[0.02302089]
[0.02303999]
[0.02303921]
[0.02303817]
[0.02303064]
[0.02302169]
[0.02303435]
[0.02303294]
[0.02303633]
[0.02304975]
[0.02303627]
[0.0230464]
[0.02303697]
[0.02302797]
[0.02303235]
[0.02303566]
[0.02302354]
[0.02303668]
[0.02305067]
[0.02303913]
[0.02303573]
[0.02303357]
[0.02302405]
[0.02303952]
[0.02303221]
[0.02303694]
[0.02304186]
[0.02305256]
[0.02302854]
[0.02302923]
[0.0230416]
[0.02304294]
[0.02304599]
[0.02304027]
[0.02304379]
[0.02306809]
[0.02303847]
[0.02303251]
[0.02303557]
[0.02303632]
[0.02303099]
[0.02305899]
[0.02303592]
[0.0230593]
[0.02303647]
[0.02303572]
[0.0230398]
[0.02304052]
[0.0230446]
[0.02304015]
[0.02302619]
[0.02303943]
[0.02304037]
[0.02303417]
[0.0230337]
[0.02304418]
[0.02303764]
[0.02303357]
[0.0230269]
[0.02304242]
[0.02304112]
[0.02304034]
[0.02303488]
[0.0230383]
[0.02303455]
[0.02303179]
[0.02303787]
[0.02303923]
[0.02303918]
[0.02302966]
[0.02302911]
[0.02303439]
[0.02302249]
[0.02303796]
[0.02304602]
[0.02303417]
[0.02304078]
[0.02303879]
[0.02303292]
[0.02302843]
[0.02304168]
[0.02303965]
[0.02303737]
[0.02303467]
[0.02303157]
[0.02304967]
[0.02304647]
[0.02303765]
[0.02303724]
[0.0230431]
[0.0230329]
[0.02303545]
[0.02303509]
[0.02303921]
[0.02303534]
[0.02304901]
[0.02303758]
[0.02303027]
[0.0230385]
[0.02303628]
[0.02303001]
[0.02303212]
[0.02303307]
[0.0230373]
[0.02303529]
[0.02305457]
[0.02304386]
[0.02305477]
[0.02303333]
[0.02304133]
[0.02303221]
[0.02301616]
[0.02303376]
[0.0230207]
[0.02302382]
[0.02303569]
[0.02304337]
[0.02305091]
[0.0230388]
[0.02305797]
[0.02303837]
[0.02303735]
[0.02304557]
[0.02304106]
[0.02303816]
[0.02303257]
[0.02303235]
[0.02303402]
[0.02304152]
[0.02303476]
[0.0230408]
[0.02302198]
[0.02303876]
[0.02304678]
[0.02302194]
[0.02303756]
[0.02304253]
[0.02304197]
[0.02303336]
[0.02303815]
[0.02303361]
[0.02303217]
[0.02303842]
[0.02304942]
[0.02306122]
[0.02302951]
[0.02304182]
[0.02302152]
[0.02303434]
[0.02303011]
[0.0230324]
[0.02303347]
[0.02304144]
[0.02302933]
[0.02303709]
[0.02303239]
[0.02303297]
[0.02302414]
[0.0230372]
[0.02303188]
[0.02303631]
[0.0230414]
[0.02304294]
[0.02303435]
[0.02304374]
[0.02303714]
[0.02303385]
[0.02304406]
[0.02304075]
[0.02303636]
[0.02303672]
[0.0230387]
[0.0230372]
[0.02303064]
[0.02303481]
[0.02303452]
[0.02304369]
[0.02303768]
[0.02304741]
[0.02304113]
[0.02303678]
[0.02304065]
[0.02303718]
[0.02303438]
[0.02303538]
[0.02303247]
[0.02303398]
[0.02303661]
[0.02304547]
[0.02303136]
[0.02303502]
[0.0230369]
[0.02303584]
[0.02303427]
[0.0230317]
[0.02303631]
[0.02302257]
[0.02304637]
[0.02304]
[0.02304505]
[0.02304117]
[0.02303461]
[0.0230241]
[0.02304909]
[0.02302165]
[0.02303351]
[0.02304157]
[0.02303281]
[0.0230405]
[0.02302641]
[0.02304636]
[0.02303886]
[0.02302628]
[0.02302173]
[0.02304281]
[0.02303946]
[0.02303034]
[0.02303241]
[0.02303888]
[0.02303224]
[0.02303731]
[0.02303525]
[0.02304103]
[0.02303553]
[0.02303492]
[0.02303043]
[0.02303676]
[0.02304501]
[0.02304015]
[0.02303374]
[0.02303697]
[0.02303678]
[0.0230361]
[0.02304331]
[0.02304635]
[0.02303554]
[0.02303727]
[0.02303432]
[0.02303367]
[0.02304257]
[0.02303654]
[0.0230442]
[0.02303289]
[0.02303773]
[0.02304672]
[0.02303635]
[0.02304272]
[0.02304391]
[0.02303197]
[0.02304956]
[0.02303058]
[0.02303125]
[0.02303023]
[0.02303321]
[0.02303922]
[0.02303707]
[0.02303309]
[0.02303724]
[0.02304029]
[0.02303089]
[0.02303134]
[0.02303477]
[0.02305338]
[0.02303599]
[0.02303455]
[0.02302391]
[0.02302957]
[0.02302916]
[0.02303159]
[0.02305614]
[0.02305938]
[0.02303364]
[0.02304747]
[0.02302918]
[0.02301965]
[0.02301905]
[0.02303706]
[0.02303729]
[0.02302209]
[0.02303463]
[0.02305935]
[0.02303482]
[0.02303461]
[0.02303801]
[0.02302741]
[0.02303478]
[0.02303637]
[0.02304888]
[0.02303386]
[0.02303109]
[0.02303355]
[0.02304624]
[0.02303127]
[0.0230412]
[0.02302416]
[0.023035]
[0.02304319]
[0.02303166]
[0.02303684]
[0.02303807]
[0.02303215]
[0.02303839]
[0.02303387]
[0.02305121]
[0.02302434]
[0.0230394]
[0.02303199]
[0.02304102]
[0.02304072]
[0.02305371]
[0.02303514]
[0.02305574]
[0.02304445]
[0.0230495]
[0.02303778]
[0.02304032]
[0.02303407]
[0.02305649]
[0.02302995]
[0.02303807]
[0.02302737]
[0.02304916]
[0.02303419]
[0.02303928]
[0.02303166]
[0.02304058]
[0.02303257]
[0.02302048]
[0.02304169]
[0.02304511]
[0.02304409]
[0.02303997]
[0.02303565]
[0.02304313]
[0.0230345]
[0.02303794]
[0.02303552]
[0.02303101]
[0.02304008]
[0.02304952]
[0.02303542]
[0.02303453]
[0.02302247]
[0.02305806]
[0.02305412]
[0.02303273]
[0.02303564]
[0.02304801]
[0.02304193]
[0.02305946]
[0.02304724]
[0.02303221]
[0.02304047]
[0.02304287]
[0.02303231]
[0.02303389]
[0.02301872]
[0.02305698]
[0.0230352]
[0.02304184]
[0.02304095]
[0.02303207]
[0.02303867]
[0.0230628]
[0.02303681]
[0.02303686]
[0.02303396]
[0.02303613]
[0.02303725]
[0.02303884]
[0.02303274]
[0.02303561]
[0.02304066]
[0.02303292]
[0.02303228]
[0.02307461]
[0.02303248]
[0.02303228]
[0.02304089]
[0.02304281]
[0.02304642]
[0.02303376]
[0.0230427]
[0.02304102]
[0.02303497]
[0.02303449]
[0.0230334]
[0.02303049]
[0.02304039]
[0.02303872]
[0.02302935]
[0.02304422]
[0.0230407]
[0.02303647]
[0.02303085]
[0.02304384]
[0.02302009]
[0.0230341]
[0.02303787]
[0.02303537]
[0.02303227]
[0.02304146]
[0.023036]
[0.02304807]
[0.02304788]
[0.02303426]
[0.02304228]
[0.02304729]
[0.02303521]
[0.02305049]
[0.02303159]
[0.0230303]
[0.02304271]
[0.02303064]
[0.02303358]
[0.02303705]
[0.02303472]
[0.02304949]
[0.0230397]
[0.02302813]
[0.02304201]
[0.02303824]
[0.02303332]
[0.02303035]
[0.02304429]
[0.02303743]
[0.02303549]
[0.02302075]
[0.02304703]
[0.0230369]
[0.02302665]
[0.02303417]
[0.02304471]
[0.02302178]
[0.02304107]
[0.02303157]
[0.02303719]
[0.02303342]
[0.02303371]
[0.02303335]
[0.02301729]
[0.02301554]
[0.02303156]
[0.02303659]
[0.02304291]
[0.02304851]
[0.0230342]
[0.02302716]
[0.02302426]
[0.02303325]
[0.02305022]
[0.02304001]
[0.02304084]
[0.023034]
[0.02303568]
[0.02302025]
[0.02304169]
[0.02303634]
[0.02303782]
[0.02305121]
[0.02303068]
[0.02303758]
[0.02304778]
[0.02303768]
[0.0230672]
[0.02304443]
[0.02303767]
[0.023041]
[0.02303445]
[0.02302081]
[0.02303974]
[0.02303182]
[0.02303347]
[0.02303405]
[0.02305083]
[0.02303757]
[0.02303554]
[0.02304302]
[0.02303377]
[0.02304586]
[0.02303429]
[0.02303546]
[0.02302916]
[0.02301737]
[0.02303088]
[0.02304018]
[0.02303568]
[0.0230336]
[0.02304229]
[0.02304425]
[0.02305247]
[0.02306649]
[0.02304217]
[0.02303632]
[0.02303014]
[0.02304696]
[0.02303345]
[0.02303545]
[0.02304055]
[0.02303834]
[0.02303403]
[0.02304576]
[0.02303471]
[0.02302834]
[0.02302021]
[0.02303272]
[0.02303213]
[0.02304132]
[0.02304418]
[0.02303509]
[0.02304202]
[0.02303202]
[0.02304014]
[0.02303178]
[0.02304629]
[0.02305715]
[0.02303525]
[0.02303889]
[0.02304522]
[0.02303493]
[0.02303474]
[0.02303044]
[0.02303245]
[0.02305428]
[0.02303628]
[0.02304292]
[0.02303782]
[0.02303818]
[0.02304837]
[0.02303945]
[0.02304259]
[0.02305876]
[0.02303219]
[0.02304617]
[0.02303264]
[0.02305787]
[0.02304665]
[0.02304274]
[0.02302413]
[0.02303204]
[0.02304226]
[0.02304452]
[0.02304086]
[0.0230419]
[0.02305628]
[0.02303345]
[0.02303052]
[0.02302243]
[0.02303125]
[0.02304511]
[0.02303442]
[0.02303699]
[0.02303436]
[0.02304389]
[0.02303826]
[0.02304928]
[0.02303436]
[0.02304464]
[0.02303374]
[0.02303632]
[0.02303355]
[0.02301808]
[0.02303432]
[0.02304661]
[0.02304118]
[0.02304087]
[0.02303953]
[0.02304425]
[0.02303592]
[0.02304049]
[0.0230367]
[0.02304298]
[0.02302563]
[0.02303917]
[0.02304184]
[0.02304539]
[0.02303557]
[0.02301994]
[0.0230216]
[0.02304225]
[0.02303178]
[0.02303055]
[0.02302427]
[0.02303284]
[0.02303382]
[0.02304262]
[0.02303256]
[0.0230404]
[0.0230313]
[0.02303032]
[0.02304047]
[0.02303647]
[0.02304196]
[0.0230375]
[0.02302361]
[0.02303482]
[0.02302541]
[0.02303587]
[0.02303316]
[0.02303366]
[0.02304209]
[0.02304608]
[0.02304181]
[0.02303431]
[0.02303506]
[0.0230352]
[0.02304169]
[0.02303762]
[0.02303397]
[0.02303463]
[0.02303267]
[0.02302201]
[0.02303212]
[0.02303506]
[0.02303286]
[0.02303235]
[0.023035]
[0.02304807]
[0.02304154]
[0.02304311]
[0.02304043]
[0.02302396]
[0.02303396]
[0.02304148]
[0.02303735]
[0.023035]
[0.02304674]
[0.02304213]
[0.02303182]
[0.0230379]
[0.02303189]
[0.02303591]
[0.02304784]
[0.02305926]
[0.0230419]
[0.02303964]
[0.02303855]
[0.02302929]
[0.02303341]
[0.02303326]
[0.02303408]
[0.0230383]
[0.02304395]
[0.02302928]
[0.02303637]
[0.02303447]
[0.02303236]
[0.02304789]
[0.02303244]
[0.02303901]
[0.02303912]
[0.02303067]
[0.02306178]
[0.02303481]
[0.02302286]
[0.02303494]
[0.02305793]
[0.02303766]
[0.02304388]
[0.0230312]
[0.02303478]
[0.02304157]
[0.02305204]
[0.02303556]
[0.02304165]
[0.02302124]
[0.02302394]
[0.02306101]
[0.02304767]
[0.02303614]
[0.02303441]
[0.02303281]
[0.02303975]
[0.02303304]
[0.02304243]
[0.0230357]
[0.02302645]
[0.02304011]
[0.02304629]
[0.02304532]
[0.02302217]
[0.02305525]
[0.02303687]
[0.0230355]
[0.02303698]
[0.02303677]
[0.0230349]
[0.02304094]
[0.02304469]
[0.02303647]
[0.02303795]
[0.02303273]
[0.02303583]
[0.02304243]
[0.023044]
[0.02303977]
[0.0230365]
[0.0230194]
[0.02304017]
[0.02303833]
[0.02304997]
[0.02304178]
[0.02305347]
[0.02301764]
[0.02304567]
[0.02301886]
[0.02304097]
[0.02303762]
[0.02303127]
[0.02303594]
[0.02303075]
[0.02303677]
[0.0230399]
[0.02303651]
[0.02303397]
[0.02303883]
[0.02304766]
[0.02303208]
[0.02302291]
[0.02304266]
[0.02303759]
[0.02303929]
[0.02302196]
[0.02305455]
[0.02303518]
[0.02303538]
[0.0230351]
[0.02301934]
[0.02302643]
[0.02303873]
[0.02304134]
[0.02304933]
[0.02303717]
[0.02303498]
[0.02303303]
[0.02303929]
[0.02303833]
[0.02303773]
[0.02303293]
[0.02304014]
[0.023036]
[0.02304717]
[0.02303127]
[0.02303846]
[0.02302541]
[0.02303133]
[0.02303558]
[0.02305043]
[0.02304265]
[0.02303904]
[0.02304413]
[0.02303305]
[0.02305473]
[0.02302186]
[0.02304127]
[0.02304036]
[0.02302902]
[0.02304332]
[0.02304062]
[0.02306036]
[0.02304185]
[0.02304658]
[0.02301865]
[0.0230376]
[0.02305642]
[0.02303635]
[0.02304265]
[0.02302953]
[0.02303573]
[0.02303825]
[0.02303543]
[0.02302283]
[0.02304575]
[0.02302094]
[0.02303442]
[0.02302114]
[0.02303836]
[0.02304157]
[0.02305188]
[0.0230469]
[0.02301982]
[0.02302107]
[0.02303038]
[0.02305349]
[0.02303313]
[0.02302003]
[0.02304336]
[0.02305571]
[0.02303581]
[0.02303635]
[0.02303856]
[0.02304618]
[0.02303563]
[0.02302052]
[0.02303894]
[0.02303555]
[0.02303095]
[0.02302953]
[0.02303134]
[0.02304324]
[0.02301866]
[0.02303894]
[0.02303288]
[0.02304854]
[0.02303662]
[0.02304383]
[0.02303173]
[0.02303938]
[0.02303445]
[0.02303338]
[0.02304994]
[0.02304197]
[0.02302353]
[0.02303808]
[0.0230499]
[0.02302768]
[0.02304634]
[0.02304154]
[0.02304266]
[0.02302252]
