[0.00376486]
[0.00377337]
[0.00376363]
[0.00376925]
[0.00377279]
[0.00377115]
[0.00376575]
[0.00377602]
[0.00377048]
[0.00377215]
[0.00377443]
[0.00376519]
[0.00376889]
[0.00376721]
[0.00377057]
[0.00377375]
[0.00376668]
[0.00377072]
[0.00376311]
[0.00377031]
[0.00376537]
[0.00376526]
[0.00377034]
[0.0037671]
[0.00376442]
[0.00376367]
[0.00376824]
[0.00377447]
[0.00376488]
[0.00377131]
[0.00376965]
[0.00376816]
[0.00377866]
[0.00377157]
[0.00376388]
[0.00376604]
[0.00376166]
[0.00377063]
[0.00377027]
[0.00377538]
[0.00376931]
[0.00379378]
[0.00377043]
[0.00377278]
[0.0037709]
[0.00377174]
[0.00377485]
[0.00376293]
[0.00376496]
[0.0037704]
[0.00377018]
[0.0037677]
[0.00376982]
[0.00376797]
[0.00376817]
[0.00376996]
[0.00378099]
[0.00377202]
[0.00380222]
[0.00376652]
[0.0037634]
[0.00377136]
[0.00377067]
[0.00376654]
[0.00376457]
[0.00378404]
[0.00376777]
[0.00376631]
[0.00377943]
[0.0037654]
[0.00377345]
[0.00376752]
[0.00376659]
[0.0037674]
[0.00377574]
[0.00377385]
[0.00377459]
[0.0037703]
[0.00377596]
[0.00376735]
[0.0037686]
[0.00376614]
[0.00377537]
[0.00376951]
[0.00376746]
[0.00376621]
[0.00377214]
[0.00377048]
[0.00378685]
[0.00376741]
[0.00376562]
[0.00377054]
[0.0037653]
[0.00376781]
[0.00376823]
[0.00376849]
[0.00376364]
[0.00376998]
[0.00377266]
[0.00377163]
[0.00377555]
[0.00377677]
[0.00376216]
[0.00376857]
[0.00377101]
[0.0037705]
[0.00377518]
[0.00376523]
[0.00376629]
[0.00378522]
[0.00376974]
[0.00376391]
[0.00377039]
[0.00378471]
[0.0037731]
[0.00376586]
[0.00376865]
[0.00376874]
[0.0037663]
[0.00377746]
[0.00377409]
[0.00377111]
[0.00376557]
[0.00376858]
[0.0037729]
[0.00376867]
[0.00377611]
[0.00377125]
[0.00377643]
[0.00376773]
[0.00377233]
[0.00377019]
[0.00376339]
[0.00377104]
[0.00377249]
[0.00377676]
[0.00376322]
[0.00376947]
[0.00377857]
[0.00376607]
[0.00376725]
[0.00377197]
[0.00377161]
[0.00376835]
[0.00378096]
[0.00377386]
[0.00377992]
[0.00376753]
[0.00376367]
[0.00376797]
[0.00376367]
[0.00377348]
[0.00378603]
[0.00376878]
[0.0037711]
[0.00376841]
[0.00377283]
[0.00376716]
[0.00376443]
[0.00376772]
[0.00377142]
[0.00377084]
[0.00376649]
[0.00376906]
[0.0037753]
[0.00377632]
[0.00376858]
[0.00376704]
[0.00377671]
[0.00376956]
[0.00377536]
[0.00376353]
[0.00376892]
[0.0037652]
[0.00377069]
[0.00376737]
[0.00376512]
[0.00377631]
[0.00376629]
[0.00376797]
[0.00377166]
[0.00377974]
[0.00377714]
[0.00378159]
[0.00376714]
[0.00377165]
[0.00376361]
[0.0037825]
[0.00376942]
[0.00376705]
[0.00377296]
[0.0037774]
[0.00376659]
[0.00376834]
[0.00378341]
[0.00377242]
[0.00378323]
[0.00376491]
[0.00376195]
[0.0037682]
[0.00377363]
[0.00376843]
[0.00377308]
[0.00376778]
[0.00377305]
[0.00376825]
[0.00376812]
[0.00376921]
[0.00376875]
[0.00376869]
[0.00377249]
[0.00376712]
[0.00377047]
[0.00377357]
[0.00376994]
[0.00377233]
[0.00377124]
[0.00377322]
[0.00377356]
[0.00377562]
[0.00377385]
[0.00377466]
[0.00377297]
[0.00377246]
[0.00377093]
[0.00377242]
[0.00377122]
[0.00377287]
[0.00377042]
[0.00378211]
[0.00377452]
[0.0037667]
[0.00376921]
[0.00377005]
[0.00376647]
[0.00377472]
[0.00376983]
[0.00376717]
[0.00377008]
[0.00376697]
[0.00376561]
[0.00377037]
[0.00378335]
[0.00377945]
[0.00377453]
[0.00376391]
[0.00377498]
[0.00376907]
[0.00377253]
[0.00377328]
[0.00378143]
[0.00376944]
[0.00376813]
[0.00377941]
[0.00376888]
[0.00376652]
[0.00376279]
[0.00377642]
[0.00377663]
[0.00376935]
[0.00376415]
[0.00376508]
[0.00377362]
[0.00377576]
[0.0037667]
[0.00376739]
[0.00376755]
[0.00376775]
[0.00377297]
[0.00376882]
[0.00376993]
[0.00376928]
[0.00376921]
[0.00376552]
[0.00377999]
[0.00376916]
[0.00377023]
[0.0037669]
[0.00376942]
[0.00377923]
[0.00376612]
[0.00376891]
[0.003764]
[0.0037655]
[0.00377911]
[0.00377111]
[0.00376409]
[0.00376361]
[0.00376794]
[0.00376967]
[0.00376745]
[0.00377819]
[0.00376582]
[0.00376792]
[0.00376075]
[0.00377315]
[0.00377205]
[0.00377461]
[0.00376758]
[0.00376779]
[0.00376241]
[0.00376554]
[0.00376467]
[0.00376714]
[0.00376572]
[0.00376925]
[0.00376801]
[0.00377729]
[0.00376973]
[0.0037637]
[0.00376822]
[0.00376761]
[0.00376617]
[0.00377885]
[0.00377048]
[0.00376699]
[0.00377762]
[0.00376745]
[0.00377088]
[0.00376178]
[0.00377684]
[0.00377698]
[0.00376635]
[0.00376523]
[0.00376856]
[0.00376604]
[0.00377443]
[0.00377793]
[0.00376983]
[0.0037648]
[0.00376716]
[0.00376998]
[0.00376736]
[0.00377039]
[0.00376755]
[0.00377998]
[0.00377252]
[0.00377196]
[0.00377078]
[0.00376088]
[0.00377236]
[0.00376946]
[0.00376784]
[0.00377997]
[0.00376487]
[0.0037755]
[0.00377286]
[0.00378088]
[0.00377125]
[0.00376962]
[0.00377444]
[0.00376662]
[0.00378014]
[0.00377278]
[0.00377265]
[0.00377134]
[0.00376919]
[0.00376262]
[0.00377113]
[0.00376939]
[0.00376967]
[0.0037782]
[0.00377064]
[0.00377044]
[0.00377359]
[0.00376993]
[0.00376864]
[0.00378077]
[0.00376992]
[0.00377116]
[0.00376851]
[0.00376623]
[0.00377901]
[0.00377672]
[0.00377004]
[0.0037757]
[0.00377075]
[0.00377841]
[0.00377492]
[0.00376924]
[0.00377568]
[0.00376495]
[0.0037635]
[0.00376617]
[0.00376301]
[0.00376487]
[0.00376766]
[0.00377505]
[0.00377576]
[0.00377086]
[0.00377367]
[0.00376792]
[0.003774]
[0.0037715]
[0.00378393]
[0.00377054]
[0.00376699]
[0.0037667]
[0.00377713]
[0.00376655]
[0.00377506]
[0.00377328]
[0.0037813]
[0.00376894]
[0.0037678]
[0.00377253]
[0.00377282]
[0.00378455]
[0.00377246]
[0.00377328]
[0.00378522]
[0.00376971]
[0.00379015]
[0.00378258]
[0.00376974]
[0.00377181]
[0.00378594]
[0.00377253]
[0.00376708]
[0.00376754]
[0.00377559]
[0.00377186]
[0.00376904]
[0.00376502]
[0.00376644]
[0.0037845]
[0.00377158]
[0.00376171]
[0.00376949]
[0.00377164]
[0.00376707]
[0.00380016]
[0.00377291]
[0.00376605]
[0.00376637]
[0.00376548]
[0.00377582]
[0.00377021]
[0.0037684]
[0.00376805]
[0.00378395]
[0.00377037]
[0.00376785]
[0.00376669]
[0.00376953]
[0.00377378]
[0.00376822]
[0.00376126]
[0.00376903]
[0.00377091]
[0.00377574]
[0.00377245]
[0.00375826]
[0.00376853]
[0.00376907]
[0.00376119]
[0.003779]
[0.00377804]
[0.00377336]
[0.00378112]
[0.00378351]
[0.00376185]
[0.00377246]
[0.00376735]
[0.00376741]
[0.00378581]
[0.00377354]
[0.00377889]
[0.00377643]
[0.00376782]
[0.0037707]
[0.00376249]
[0.00378698]
[0.00377097]
[0.00376895]
[0.00377075]
[0.00376885]
[0.00377821]
[0.00377794]
[0.00376753]
[0.00376989]
[0.00376263]
[0.00376379]
[0.00376959]
[0.00376913]
[0.00377003]
[0.00376943]
[0.00377761]
[0.00377678]
[0.00377746]
[0.00376961]
[0.00376705]
[0.00376818]
[0.00377]
[0.00376795]
[0.00376923]
[0.0037724]
[0.00378144]
[0.00376501]
[0.00377417]
[0.00377484]
[0.00378127]
[0.00376888]
[0.00377042]
[0.00376607]
[0.00377353]
[0.00377144]
[0.00377289]
[0.00378354]
[0.00376571]
[0.00376639]
[0.00376901]
[0.0037678]
[0.00376623]
[0.00376893]
[0.0037673]
[0.00377775]
[0.00376909]
[0.00378368]
[0.00376241]
[0.00376508]
[0.00377718]
[0.00377634]
[0.00376875]
[0.00376334]
[0.00376507]
[0.00376995]
[0.00377196]
[0.00376837]
[0.00376867]
[0.00377603]
[0.00376654]
[0.00376767]
[0.00377085]
[0.00376518]
[0.00377527]
[0.00376728]
[0.00376871]
[0.00377333]
[0.00377518]
[0.00377277]
[0.00376942]
[0.00376614]
[0.00376852]
[0.00376443]
[0.00377726]
[0.00377084]
[0.00376555]
[0.00377091]
[0.00376975]
[0.00376424]
[0.00377075]
[0.00376764]
[0.00376878]
[0.00376914]
[0.00376558]
[0.00376774]
[0.003776]
[0.00377196]
[0.00376595]
[0.00376861]
[0.00377078]
[0.00376555]
[0.0037711]
[0.00376873]
[0.00376779]
[0.00376643]
[0.00377288]
[0.00376643]
[0.00376677]
[0.00377316]
[0.00377348]
[0.00377069]
[0.0037704]
[0.00377404]
[0.00377643]
[0.00377416]
[0.00375965]
[0.00376882]
[0.00378739]
[0.00376808]
[0.00377576]
[0.00376359]
[0.00378016]
[0.00378492]
[0.00376671]
[0.00376672]
[0.00377891]
[0.00377237]
[0.00377768]
[0.0037701]
[0.00376641]
[0.0037727]
[0.00376773]
[0.00376054]
[0.00376605]
[0.00376541]
[0.00376586]
[0.00377525]
[0.00376687]
[0.00378886]
[0.00376183]
[0.00377155]
[0.0037673]
[0.00378558]
[0.0037677]
[0.00376622]
[0.00376233]
[0.00377134]
[0.00377389]
[0.00377112]
[0.0037644]
[0.00376718]
[0.00377077]
[0.00377932]
[0.00376642]
[0.00376855]
[0.00377185]
[0.00376756]
[0.00377785]
[0.00377619]
[0.00377568]
[0.00379189]
[0.00377143]
[0.00376636]
[0.00376786]
[0.00377862]
[0.0037647]
[0.00377386]
[0.00376864]
[0.00377675]
[0.00376966]
[0.00376933]
[0.00376842]
[0.0037597]
[0.00376285]
[0.00376704]
[0.00377197]
[0.00377264]
[0.00376831]
[0.0037653]
[0.00376811]
[0.00377001]
[0.00377073]
[0.00377012]
[0.00376933]
[0.00378052]
[0.00377495]
[0.00377132]
[0.00376842]
[0.0037669]
[0.00376625]
[0.00376676]
[0.00376963]
[0.00376489]
[0.00376483]
[0.00376819]
[0.00376645]
[0.00377936]
[0.00376822]
[0.00377263]
[0.0037793]
[0.00376366]
[0.00376724]
[0.0037709]
[0.00376772]
[0.00376722]
[0.00376527]
[0.00376868]
[0.00377428]
[0.00377058]
[0.00376765]
[0.0037622]
[0.00377886]
[0.00377787]
[0.00376959]
[0.00378369]
[0.00376844]
[0.00377645]
[0.00376661]
[0.00376571]
[0.00376969]
[0.00377157]
[0.00376749]
[0.00376794]
[0.00376404]
[0.00376715]
[0.00376454]
[0.00377664]
[0.00376816]
[0.00376857]
[0.00377213]
[0.003769]
[0.0037746]
[0.00376182]
[0.0037678]
[0.00376401]
[0.00376707]
[0.00377032]
[0.00376382]
[0.00376918]
[0.0037785]
[0.00377366]
[0.00377119]
[0.00376808]
[0.00378251]
[0.00376284]
[0.00377509]
[0.00376982]
[0.00377564]
[0.00377828]
[0.00376574]
[0.00377149]
[0.00377787]
[0.00376528]
[0.00378659]
[0.0037878]
[0.0037611]
[0.00377641]
[0.00376356]
[0.00377073]
[0.00376304]
[0.00376568]
[0.00377057]
[0.00377181]
[0.00376663]
[0.0037727]
[0.00377069]
[0.00377056]
[0.00377909]
[0.0037652]
[0.00376736]
[0.00376979]
[0.00377477]
[0.00377276]
[0.00376519]
[0.00376886]
[0.00377049]
[0.00377235]
[0.0037659]
[0.00377217]
[0.00376868]
[0.00377329]
[0.00376997]
[0.00376922]
[0.00376958]
[0.00378185]
[0.00376847]
[0.00376666]
[0.00377401]
[0.00376429]
[0.0037686]
[0.00376567]
[0.0037687]
[0.00377221]
[0.0037666]
[0.00376883]
[0.00377277]
[0.00376584]
[0.00377273]
[0.00378199]
[0.00377109]
[0.00378027]
[0.00376921]
[0.00377584]
[0.003771]
[0.0037709]
[0.00378795]
[0.00377766]
[0.00377576]
[0.00376485]
[0.00377027]
[0.00376928]
[0.00377769]
[0.00376202]
[0.00376753]
[0.0037742]
[0.0037673]
[0.00376198]
[0.00377329]
[0.00377775]
[0.00377086]
[0.0037693]
[0.00377115]
[0.00376529]
[0.00377577]
[0.00377318]
[0.00377096]
[0.00377169]
[0.00376179]
[0.00375972]
[0.00376731]
[0.00378006]
[0.00377159]
[0.00377134]
[0.00377178]
[0.00376426]
[0.00377254]
[0.003769]
[0.003766]
[0.00377239]
[0.0037715]
[0.00377016]
[0.0037928]
[0.00376278]
[0.00378467]
[0.00377853]
[0.0037637]
[0.00376602]
[0.00382759]
[0.00377571]
[0.00377024]
[0.00377333]
[0.00376644]
[0.00378106]
[0.00376432]
[0.00376836]
[0.00376297]
[0.00377225]
[0.00376762]
[0.00377201]
[0.00376924]
[0.00376668]
[0.00377294]
[0.00377424]
[0.003773]
[0.00377406]
[0.00376356]
[0.00376642]
[0.00375981]
[0.00376703]
[0.00377102]
[0.00377608]
[0.00376893]
[0.0037666]
[0.00376597]
[0.00377454]
[0.00377033]
[0.00377389]
[0.00376849]
[0.00377476]
[0.00376672]
[0.00377088]
[0.00377]
[0.00376968]
[0.00377021]
[0.00378056]
[0.0037693]
[0.00377184]
[0.00376087]
[0.00376819]
[0.00376314]
[0.00376994]
[0.00377356]
[0.00376749]
[0.0037689]
[0.00377368]
[0.00376621]
[0.0037674]
[0.00376782]
[0.0037737]
[0.00377372]
[0.00376281]
[0.00377227]
[0.00376465]
[0.00377098]
[0.00376575]
[0.00377149]
[0.00377305]
[0.0037697]
[0.00377103]
[0.00377026]
[0.00377088]
[0.00376743]
[0.00376407]
[0.00376636]
[0.00376795]
[0.00377084]
[0.00376762]
[0.00378376]
[0.00378267]
[0.0037714]
[0.0037686]
[0.00376799]
[0.00376328]
[0.00376337]
[0.00376594]
[0.00377556]
[0.00377002]
[0.00377662]
[0.00377281]
[0.0037665]
[0.00376658]
[0.0037731]
[0.00376467]
[0.00376656]
[0.00377265]
[0.00377397]
[0.00376622]
[0.00376902]
[0.00377163]
[0.00377902]
[0.0037613]
[0.00377356]
[0.00377334]
[0.00377467]
[0.0037694]
[0.0037659]
[0.00376563]
[0.00377324]
[0.00377208]
[0.00378455]
[0.00376668]
[0.00376944]
[0.00376518]
[0.00376697]
[0.00376285]
[0.00377224]
[0.00377495]
[0.00376489]
[0.00376658]
[0.00377334]
[0.00377117]
[0.00377108]
[0.00376458]
[0.00376456]
[0.00377765]
[0.00377041]
[0.00377551]
[0.00377361]
[0.00376763]
[0.00376957]
[0.00377949]
[0.0037713]
[0.00376574]
[0.00377115]
[0.00377579]
[0.00376857]
[0.00377214]
[0.00376675]
[0.00376237]
[0.00376256]
[0.00377122]
[0.003774]
[0.0037795]
[0.00376529]
[0.00377526]
[0.00376452]
[0.00377956]
[0.00377351]
[0.00377586]
[0.00377217]
[0.00376759]
[0.00376707]
[0.00377096]
[0.00377146]
[0.00376419]
[0.00376752]
[0.00378029]
[0.00376845]
[0.00376607]
[0.00376802]
[0.00378384]
[0.00376917]
[0.00377009]
[0.00377251]
[0.0037755]
[0.00377184]
[0.00377013]
[0.00377653]
[0.00377797]
[0.00378086]
[0.00377321]
[0.00377587]
[0.00376412]
[0.00377245]
[0.00376759]
[0.00376667]
[0.00377166]
[0.00376241]
[0.00377067]
[0.00376784]
[0.00377119]
[0.00377135]
[0.00377169]
[0.00377771]
[0.00376878]
[0.00378345]
[0.00378322]
[0.00376882]
[0.00377552]
[0.00377491]
[0.00376913]
[0.00377627]
[0.00377286]
[0.00376659]
[0.00377508]
[0.00377284]
[0.00377217]
[0.00377315]
[0.00377167]
[0.00376785]
[0.00376799]
[0.00377138]
[0.00377348]
[0.00376953]
[0.00376646]
[0.00377164]
[0.00376873]
[0.00377366]
[0.003772]
[0.00378252]
[0.00376405]
[0.00375752]
[0.00376667]
[0.00377443]
[0.00377254]
[0.00377257]
[0.00377388]
[0.00376956]
[0.00376577]
[0.00376669]
[0.00377694]
[0.00376406]
[0.00377141]
[0.00376726]
[0.00376866]
[0.00377818]
[0.00377069]
[0.0037717]
[0.00376552]
[0.00376693]
[0.00376891]
[0.0037631]
[0.00377473]
[0.00377312]
[0.00376695]
[0.00377072]
[0.00376682]
[0.00378563]
[0.00378668]
[0.00376531]
[0.00376625]
[0.00376171]
[0.0037861]
[0.00377089]
[0.00377032]
[0.00377163]
[0.00376809]
[0.00377118]
[0.00378674]
[0.0037687]
[0.00377251]
[0.0037723]
[0.00376764]
[0.00378385]
[0.00376672]
[0.00377055]
[0.00377494]
[0.00377168]
[0.00376779]
[0.00376405]
[0.00376442]
[0.00377166]
[0.0037643]
[0.00377053]
[0.00376389]
[0.00376462]
[0.00377023]
[0.00377472]
[0.00378864]
[0.00380572]
[0.00378045]
[0.00376678]
[0.00377455]
[0.00377237]
[0.00376931]
[0.00376995]
[0.00377238]
[0.00376804]
[0.00376526]
[0.0037721]
[0.00377054]
[0.00376885]
[0.00377231]
[0.00377858]
[0.0037685]
[0.00378118]
[0.00377027]
[0.00378256]
[0.00377337]
[0.00377007]
[0.00377508]
[0.00376896]
[0.00377111]
[0.00377133]
[0.0037697]
[0.00377227]
[0.00376641]
[0.00376439]
[0.00376105]
[0.00380305]
[0.00376584]
[0.00377604]
[0.00377481]
[0.00376893]
[0.00377217]
[0.00377596]
[0.00378624]
[0.00377645]
[0.00376121]
[0.00377252]
[0.00377257]
[0.00376986]
[0.00376947]
[0.00376738]
[0.00377253]
[0.00376807]
[0.00376881]
[0.00376037]
[0.00376848]
[0.00376548]
[0.00377183]
[0.0037681]
[0.0037791]
[0.00377144]
[0.00377367]
[0.00376709]
[0.00376855]
[0.00377251]
[0.00376905]
[0.00376398]
[0.00376688]
[0.00378078]
[0.00376836]
[0.00376996]
[0.00377019]
[0.00376976]
[0.0037781]
[0.00377769]
[0.00376745]
[0.00379648]
[0.00376601]
[0.00378189]
[0.00377919]
[0.00377089]
[0.00376699]
[0.00377069]
[0.00377388]
[0.00376884]
[0.00376863]
[0.00377158]
[0.0037791]
[0.00376682]
[0.00377711]
[0.00376666]
[0.00377322]
[0.00378778]
[0.0037725]
[0.00376667]
[0.00378462]
[0.00377419]
[0.00377187]
[0.00377258]
[0.00376538]
[0.00378542]
[0.00376847]
[0.00377273]
[0.00376511]
[0.00376743]
[0.00376813]
[0.00377628]
[0.00376674]
[0.003774]
[0.00378813]
[0.00376739]
[0.00377362]
[0.00377202]
[0.00377089]
[0.00377363]
[0.0037695]
[0.00378163]
[0.00376548]
[0.00377112]
[0.00377216]
[0.00377012]
[0.00376802]
[0.0037704]
[0.00377309]
[0.00376688]
[0.00376956]
[0.00377637]
[0.00378209]
[0.00377527]
[0.00376683]
[0.003763]
[0.00377434]
[0.00377224]
[0.00376752]
[0.00376883]
[0.0037693]
[0.00377322]
[0.00376668]
[0.00377281]
[0.00377908]
[0.00376759]
[0.00377124]
[0.00376741]
[0.00377016]
[0.00376614]
[0.0037673]
[0.00376844]
[0.00377049]
[0.00377443]
[0.00376756]
[0.00377181]
[0.00376859]
[0.00376632]
[0.00377278]
[0.00378036]
[0.00376918]
[0.0037632]
[0.00376879]
[0.00377768]
[0.00377288]
[0.00376866]
[0.00376753]
[0.00376766]
[0.0037721]
[0.00376848]
[0.00377214]
[0.00376535]
[0.00378134]
[0.00376612]
[0.00377082]
[0.00378013]
[0.00376829]
[0.00377142]
[0.00377304]
[0.00376996]
[0.00377115]
[0.00377072]
[0.00377307]
[0.0037683]
[0.00376805]
[0.00376852]
[0.00376657]
[0.00377903]
[0.00377266]
[0.00376822]
[0.00377043]
[0.00377283]
[0.00376587]
[0.00377358]
[0.00376865]
[0.00378002]
[0.0037735]
[0.00377217]
[0.00376697]
[0.00378093]
[0.00377223]
[0.00377258]
[0.00376661]
[0.00377333]
[0.0037712]
[0.00377232]
[0.00377065]
[0.00378021]
[0.003784]
[0.0037746]
[0.00376852]
[0.00376572]
[0.00377147]
[0.00376321]
[0.00377144]
[0.00376927]
[0.0037656]
[0.0037685]
[0.00377861]
[0.00377126]
[0.00376837]
[0.00377692]
[0.00376716]
[0.00377111]
[0.00377315]
[0.00376927]
[0.00376797]
[0.00376251]
[0.0037713]
[0.00376922]
[0.0037701]
[0.00377414]
[0.00377159]
[0.00376729]
[0.00376973]
[0.00377823]
[0.00376868]
[0.00377366]
[0.00376949]
[0.00377425]
[0.00377305]
[0.00377158]
[0.0037732]
[0.00377037]
[0.00376497]
[0.00377131]
[0.00377022]
[0.00377162]
[0.00376601]
[0.00377888]
[0.00376939]
[0.00377016]
[0.00376854]
[0.00376697]
[0.00376537]
[0.00376995]
[0.00378588]
[0.0037635]
[0.00377646]
[0.00376818]
[0.00376848]
[0.00376859]
[0.00377353]
[0.00376923]
[0.00376658]
[0.00376666]
[0.00377189]
[0.00376665]
[0.00377145]
[0.00376933]
[0.00376577]
[0.00377151]
[0.00376858]
[0.00376743]
[0.00377332]
[0.00376482]
[0.00376893]
[0.00376612]
[0.0037708]
[0.00376374]
[0.00376967]
[0.00376476]
[0.00376136]
[0.00377157]
[0.00376826]
[0.00377801]
[0.00376775]
[0.00376598]
[0.0037812]
[0.00376486]
[0.00376718]
[0.00377269]
[0.00379616]
[0.00377028]
[0.00376398]
[0.00376845]
[0.00377243]
[0.00377573]
[0.00377378]
[0.00376905]
[0.00377105]
[0.00377405]
[0.00376299]
[0.00376916]
[0.00378131]
[0.0037677]
[0.00379199]
[0.0037676]
[0.0037662]
[0.00376811]
[0.00377187]
[0.00376897]
[0.00376775]
[0.00377046]
[0.00377481]
[0.00376893]
[0.00377281]
[0.00376838]
[0.00376651]
[0.00377459]
[0.00376887]
[0.00376367]
[0.00376362]
[0.00376839]
[0.00377273]
[0.00377599]
[0.0037834]
[0.00378298]
[0.00376744]
[0.0037714]
[0.00376902]
[0.00377347]
[0.00376474]
[0.00376769]
[0.00377101]
[0.00376702]
[0.00377783]
[0.00376471]
[0.00377082]
[0.00376992]
[0.00376941]
[0.00377079]
[0.003772]
[0.00376943]
[0.00377253]
[0.00376167]
[0.00376937]
[0.0037639]
[0.0037731]
[0.00377168]
[0.00376532]
[0.00376579]
[0.00377957]
[0.00377803]
[0.00377073]
[0.00376194]
[0.00377362]
[0.00378736]
[0.00376609]
[0.0037653]
[0.00377506]
[0.00376989]
[0.00377257]
[0.00376779]
[0.00376751]
[0.00376848]
[0.00378254]
[0.00377243]
[0.00379003]
[0.00376745]
[0.00377595]
[0.00377724]
[0.00376744]
[0.00376383]
[0.0037726]
[0.00376411]
[0.00377235]
[0.0037659]
[0.00376936]
[0.00377341]
[0.00376986]
[0.0037721]
[0.00376745]
[0.00377287]
[0.00376522]
[0.0037695]
[0.0037705]
[0.00377188]
[0.00377192]
[0.00377033]
[0.00377373]
[0.00376448]
[0.00377081]
[0.00377427]
[0.00376509]
[0.00376958]
[0.0037732]
[0.00376999]
[0.0037726]
[0.00377018]
[0.00378227]
[0.00376756]
[0.00376872]
[0.00377389]
[0.00377858]
[0.00377213]
[0.00376313]
[0.00376475]
[0.00377471]
[0.003771]
[0.00376378]
[0.00378987]
[0.00377219]
[0.00377082]
[0.00377131]
[0.0037686]
[0.00377002]
[0.00376999]
[0.00377978]
[0.00376885]
[0.00376734]
[0.00377457]
[0.00376653]
[0.00377666]
[0.00376442]
[0.0037753]
[0.00377347]
[0.00377116]
[0.00377046]
[0.00378872]
[0.00376474]
[0.00376616]
[0.00376709]
[0.00377178]
[0.00377074]
[0.00376717]
[0.00377087]
[0.00376931]
[0.00376631]
[0.00376841]
[0.00377521]
[0.00377036]
[0.00376282]
[0.00376499]
[0.00376654]
[0.00376531]
[0.00377691]
[0.00377334]
[0.00377701]
[0.00377733]
[0.00376578]
[0.00377026]
[0.00376224]
[0.00376868]
[0.00376618]
[0.00377017]
[0.00377453]
[0.00376881]
[0.00378049]
[0.00376786]
[0.00377216]
[0.00377769]
[0.00376971]
[0.00377223]
[0.00377251]
[0.00377007]
[0.00377636]
[0.00377225]
[0.00377457]
[0.00376404]
[0.00377635]
[0.0037694]
[0.00376508]
[0.00378246]
[0.00376981]
[0.00378886]
[0.00377273]
[0.00377938]
[0.00377683]
[0.00376154]
[0.00377235]
[0.00377517]
[0.00377082]
[0.00376551]
[0.00376208]
[0.00377541]
[0.00377028]
[0.00377298]
[0.00377807]
[0.00377082]
[0.00377272]
[0.0037625]
[0.00376437]
[0.00378141]
[0.00377563]
[0.00377249]
[0.0037663]
[0.00377337]
[0.00377966]
[0.00377889]
[0.00376699]
[0.00376745]
[0.00376408]
[0.00376635]
[0.00376781]
[0.00376357]
[0.00376552]
[0.00377235]
[0.00377509]
[0.00377043]
[0.00376915]
[0.00376263]
[0.00376824]
[0.00376692]
[0.00376978]
[0.00377104]
[0.00377933]
[0.00377663]
[0.00376894]
[0.0037713]
[0.00377337]
[0.00377295]
[0.00376808]
[0.003772]
[0.00376933]
[0.0037759]
[0.00377122]
[0.00377061]
[0.00376171]
[0.00377878]
[0.00376809]
[0.00377385]
[0.00376473]
[0.00376424]
[0.00377437]
[0.00377183]
[0.00377622]
[0.00376273]
[0.00376847]
[0.00376748]
[0.00376139]
[0.00377778]
[0.00376854]
[0.00377238]
[0.00376162]
[0.00376928]
[0.00377005]
[0.00377397]
[0.00377557]
[0.00377431]
[0.00376183]
[0.00377078]
[0.00376548]
[0.00376897]
[0.00377865]
[0.00377667]
[0.00376828]
[0.00377139]
[0.00377718]
[0.00378023]
[0.00376752]
[0.00377119]
[0.00376992]
[0.00377277]
[0.00377015]
[0.00377456]
[0.00377157]
[0.00377511]
[0.00377015]
[0.00377116]
[0.00377714]
[0.00376835]
[0.00380461]
[0.00377323]
[0.00376534]
[0.00377073]
[0.00376485]
[0.00376902]
[0.00376876]
[0.00376363]
[0.00377632]
[0.00377417]
[0.00376325]
[0.0037741]
[0.00377146]
[0.00376216]
[0.00376375]
[0.00377325]
[0.00376684]
[0.00378225]
[0.00377435]
[0.00376941]
[0.00377936]
[0.00376731]
[0.0037684]
[0.00377384]
[0.00377471]
[0.00377332]
[0.00378076]
[0.00376197]
[0.00377205]
[0.00377549]
[0.00377374]
[0.00376705]
[0.00377519]
[0.0037658]
[0.00376778]
[0.00377255]
[0.0037902]
[0.00377834]
[0.00377045]
[0.00377154]
[0.00376755]
[0.00376884]
[0.00376875]
[0.00376269]
[0.00376309]
[0.00377942]
[0.0037707]
[0.00377853]
[0.00378241]
[0.00377256]
[0.00376973]
[0.00376896]
[0.00378096]
[0.00376786]
[0.00376189]
[0.00377281]
[0.00376814]
[0.00377138]
[0.00376874]
[0.00376725]
[0.00376628]
[0.00377788]
[0.00377269]
[0.00376636]
[0.00376623]
[0.00376594]
[0.00377315]
[0.00377509]
[0.0037675]
[0.00376681]
[0.00376872]
[0.00377517]
[0.00376503]
[0.00377228]
[0.00376706]
[0.00376779]
[0.00377129]
[0.00376984]
[0.00376999]
[0.00376857]
[0.00376973]
[0.00377426]
[0.00377539]
[0.00377045]
[0.00376948]
[0.00376176]
[0.00377263]
[0.00376486]
[0.00377148]
[0.00376374]
[0.00376531]
[0.00377331]
[0.00377182]
[0.00376592]
[0.00377617]
[0.00376764]
[0.00376426]
[0.00378255]
[0.00376969]
[0.00376829]
[0.00377396]
[0.00378087]
[0.00377196]
[0.00376463]
[0.00377466]
[0.00377034]
[0.0037683]
[0.0037787]
[0.00376459]
[0.0037675]
[0.00377147]
[0.00377327]
[0.00377117]
[0.00376237]
[0.00377425]
[0.00376305]
[0.00377487]
[0.00376964]
[0.00377047]
[0.00377365]
[0.00377122]
[0.00377735]
[0.00376836]
[0.00376114]
[0.00376549]
[0.0037732]
[0.00376574]
[0.00376296]
[0.00376537]
[0.00376724]
[0.00376665]
[0.00376707]
[0.00376808]
[0.00378808]
[0.0037664]
[0.00377312]
[0.00377538]
[0.00377034]
[0.00376637]
[0.00377192]
[0.00377343]
[0.00376924]
[0.00377286]
[0.00377706]
[0.00377416]
[0.00377532]
[0.00377533]
[0.00377707]
[0.00376304]
[0.00378098]
[0.00376206]
[0.00378046]
[0.00376295]
[0.00377121]
[0.0037725]
[0.0037754]
[0.00377728]
[0.00377545]
[0.00377196]
[0.00377007]
[0.00376567]
[0.00376708]
[0.00377978]
[0.0037664]
[0.00378339]
[0.00377172]
[0.0037643]
[0.00376604]
[0.00376847]
[0.00377652]
[0.00377205]
[0.00376671]
[0.00377231]
[0.00377019]
[0.00376627]
[0.00376546]
[0.00377025]
[0.0037639]
[0.00379029]
[0.00376213]
[0.00376785]
[0.00376462]
[0.00377465]
[0.00377006]
[0.0037752]
[0.00377496]
[0.00376697]
[0.00377201]
[0.00376679]
[0.00376131]
[0.0037863]
[0.00376462]
[0.0037728]
[0.00377091]
[0.00376072]
[0.00376585]
[0.00376844]
[0.00376209]
[0.00377142]
[0.00376733]
[0.003768]
[0.00378072]
[0.00376408]
[0.003766]
[0.00376432]
[0.00377547]
[0.00376447]
[0.00377705]
[0.00376911]
[0.00377352]
[0.0037657]
[0.00377087]
[0.0037704]
[0.00377328]
[0.00377298]
[0.00376827]
[0.0037776]
[0.00377255]
[0.00376784]
[0.00377109]
[0.00376652]
[0.00377116]
[0.00376757]
[0.00377336]
[0.0037734]
[0.00376758]
[0.00376988]
[0.00377443]
[0.00377051]
[0.00376961]
[0.00376848]
[0.00376441]
[0.00376724]
[0.0037702]
[0.00378374]
[0.00376412]
[0.00376879]
[0.00376823]
[0.00387503]
[0.00377582]
[0.00376389]
[0.00376168]
[0.003768]
[0.00377007]
[0.00377558]
[0.00376627]
[0.00376955]
[0.00378137]
[0.00376994]
[0.00376436]
[0.00377109]
[0.00376522]
[0.0037689]
[0.00376952]
[0.00376868]
[0.00377321]
[0.00376633]
[0.00376944]
[0.00377632]
[0.00378205]
[0.00376642]
[0.00377867]
[0.00377008]
[0.00377078]
[0.003764]
[0.00376829]
[0.00377776]
[0.00377021]
[0.00376449]
[0.00377217]
[0.00377393]
[0.00376434]
[0.00376693]
[0.00376707]
[0.00377275]
[0.0037715]
[0.00377547]
[0.00376808]
[0.00376573]
[0.00377313]
[0.00376716]
[0.00378013]
[0.00376259]
[0.00376394]
[0.00377173]
[0.00377486]
[0.00377421]
[0.00376207]
[0.0037869]
[0.0037717]
[0.00376211]
[0.00376484]
[0.00376534]
[0.00376182]
[0.00377028]
[0.00376798]
[0.00377213]
[0.00377094]
[0.00376844]
[0.00376938]
[0.00377704]
[0.00377704]
[0.00377182]
[0.00377302]
[0.00376688]
[0.00377096]
[0.00377977]
[0.00376914]
[0.00377274]
[0.00376677]
[0.00376881]
[0.00377339]
[0.0037753]
[0.00376834]
[0.00376729]
[0.00376591]
[0.00377289]
[0.00376631]
[0.00377085]
[0.00376772]
[0.00377221]
[0.00377314]
[0.00376859]
[0.00376827]
[0.00377997]
[0.00377138]
[0.00378127]
[0.00376771]
[0.00377369]
[0.00377304]
[0.00377032]
[0.00376748]
[0.00376628]
[0.00377642]
[0.00376925]
[0.00376931]
[0.00376253]
[0.00376653]
[0.00377404]
[0.00376601]
[0.00376742]
[0.00376857]
[0.00376185]
[0.00376968]
[0.00376418]
[0.0037748]
[0.0037718]
[0.00376726]
[0.0037721]
[0.00376895]
[0.00377956]
[0.00377269]
[0.00376885]
[0.00376651]
[0.00377927]
[0.00377829]
[0.00376577]
[0.00376771]
[0.00376854]
[0.00377632]
[0.00377335]
[0.00377153]
[0.00376719]
[0.0037662]
[0.00377033]
[0.00376761]
[0.00377626]
[0.0037684]
[0.00376484]
[0.00376827]
[0.00377318]
[0.00377048]
[0.00376848]
[0.00377256]
[0.00376654]
[0.00377238]
[0.0037744]
[0.00376515]
[0.00377582]
[0.00377626]
[0.00377626]
[0.00376719]
[0.00378188]
[0.00377143]
[0.00377085]
[0.00376752]
[0.00377373]
[0.00376995]
[0.00376447]
[0.00375979]
[0.00376919]
[0.00376759]
[0.00377158]
[0.00378526]
[0.00376122]
[0.00379368]
[0.00377334]
[0.00376193]
[0.00377555]
[0.00376564]
[0.00376906]
[0.00377133]
[0.00376569]
[0.00376472]
[0.0037724]
[0.00376977]
[0.00376656]
[0.00377646]
[0.00376786]
[0.00376462]
[0.00376224]
[0.00376725]
[0.00376917]
[0.00377159]
[0.00376298]
[0.00377077]
[0.00376642]
[0.00376952]
[0.00376323]
[0.00377173]
[0.00377262]
[0.00377199]
[0.00377096]
[0.00377017]
[0.00376747]
[0.00379773]
[0.00378023]
[0.00376965]
[0.00376769]
[0.00377369]
[0.00376481]
[0.00377533]
[0.00376727]
[0.00377502]
[0.0037688]
[0.00376969]
[0.00376956]
[0.00377695]
[0.00377573]
[0.00376834]
[0.00376657]
[0.00378366]
[0.00376553]
[0.00376607]
[0.00377695]
[0.00377268]
[0.00377104]
[0.00377824]
[0.00376792]
[0.00376695]
[0.00376756]
[0.00376852]
[0.00376594]
[0.00377121]
[0.00377802]
[0.00377089]
[0.00376288]
[0.0037739]
[0.00377641]
[0.00376671]
[0.00377025]
[0.00376702]
[0.00376719]
[0.00377412]
[0.0037662]
[0.00377135]
[0.00377519]
[0.00377028]
[0.00376487]
[0.0037732]
[0.00377123]
[0.00377178]
[0.00376577]
[0.00376938]
[0.00377421]
[0.00376587]
[0.00377911]
[0.00376924]
[0.00376688]
[0.00376717]
[0.00376912]
[0.00376468]
[0.00376725]
[0.00376224]
[0.00377386]
[0.00376352]
[0.00376706]
[0.00376576]
[0.00377]
[0.00376777]
[0.00377126]
[0.00376942]
[0.00377055]
[0.003772]
[0.00377842]
[0.00377931]
[0.00377265]
[0.0037722]
[0.00377009]
[0.00376827]
[0.00375878]
[0.00377727]
[0.00377321]
[0.00376941]
[0.00377159]
[0.00378269]
[0.0037688]
[0.00376893]
[0.00376367]
[0.00377045]
[0.00377128]
[0.00376299]
[0.0037774]
[0.00377045]
[0.00376455]
[0.00376497]
[0.00376489]
[0.00377097]
[0.00377701]
[0.00377052]
[0.00377966]
[0.00377115]
[0.00377816]
[0.00377371]
[0.00378694]
[0.0037634]
[0.00376304]
[0.00377298]
[0.00376755]
[0.00378392]
[0.00376478]
[0.0037742]
[0.00377773]
[0.00376956]
[0.00376747]
[0.00376915]
[0.00377341]
[0.00376489]
[0.00377235]
[0.00376966]
[0.00377809]
[0.00377435]
[0.00377417]
[0.00376749]
[0.00376806]
[0.00377159]
[0.00377556]
[0.00377352]
[0.00376367]
[0.00376964]
[0.00377032]
[0.0037688]
[0.00376976]
[0.00377542]
[0.00377212]
[0.00376653]
[0.00376987]
[0.00376926]
[0.0037718]
[0.00376638]
[0.00378582]
[0.00376573]
[0.00377293]
[0.00376995]
[0.00377356]
[0.00376718]
[0.00377485]
[0.00378565]
[0.00377329]
[0.00377009]
[0.00376693]
[0.00376477]
[0.00377991]
[0.00376458]
[0.00377228]
[0.00376914]
[0.00376812]
[0.00376963]
[0.00377331]
[0.00376984]
[0.00376465]
[0.0037764]
[0.00376879]
[0.00377838]
[0.00376663]
[0.00377529]
[0.00377202]
[0.00376611]
[0.00377124]
[0.0037669]
[0.00376516]
[0.00376519]
[0.0037714]
[0.0037637]
[0.00377107]
[0.00376952]
[0.00377588]
[0.0037721]
[0.00376989]
[0.00376131]
[0.00377414]
[0.00377154]
[0.00377736]
[0.00377282]
[0.00376485]
[0.00375667]
[0.00377419]
[0.00376447]
[0.00377116]
[0.00376544]
[0.0037636]
[0.00376978]
[0.00376583]
[0.00377221]
[0.00377009]
[0.0037796]
[0.00376909]
[0.00376612]
[0.00376584]
[0.00377617]
[0.00377481]
[0.00376493]
[0.00377368]
[0.00377383]
[0.0037689]
[0.00377354]
[0.00377032]
[0.00377033]
[0.00376594]
[0.0037693]
[0.0037662]
[0.00377978]
[0.0037689]
[0.00377427]
[0.00377312]
[0.00377852]
[0.00376703]
[0.00376716]
[0.00376991]
[0.00376953]
[0.0037711]
[0.00376437]
[0.00377084]
[0.0037671]
[0.00377259]
[0.00376453]
[0.00376928]
[0.00376892]
[0.0037769]
[0.00376575]
[0.00377741]
[0.00377011]
[0.00376956]
[0.00377742]
[0.00377033]
[0.00376915]
[0.00376497]
[0.00376959]
[0.00377136]
[0.00377075]
[0.00376895]
[0.00376757]
[0.00377006]
[0.00377353]
[0.00376839]
[0.00376611]
[0.00377546]
[0.00377424]
[0.00377171]
[0.00378049]
[0.00377974]
[0.00377153]
[0.00376405]
[0.00376766]
[0.00377508]
[0.00377663]
[0.0037601]
[0.00377331]
[0.00376883]
[0.00376927]
[0.00377534]
[0.00376948]
[0.00376837]
[0.00377009]
[0.00377557]
[0.00377406]
[0.00376846]
[0.00375955]
[0.00380473]
[0.00377435]
[0.00376831]
[0.00376536]
[0.00377992]
[0.00377305]
[0.00378102]
[0.00377905]
[0.00376396]
[0.00376957]
[0.00377882]
[0.00376694]
[0.00377499]
[0.00377289]
[0.00376927]
[0.00377647]
[0.00376376]
[0.00377138]
[0.00378412]
[0.00377402]
[0.00376864]
[0.00377332]
[0.00377308]
[0.00376865]
[0.00376994]
[0.00376997]
[0.0037709]
[0.00376731]
[0.00377177]
[0.00376736]
[0.00378316]
[0.00376632]
[0.0037681]
[0.00377341]
[0.00376721]
[0.00377259]
[0.00376833]
[0.00376934]
[0.00376979]
[0.003768]
[0.00376705]
[0.00377713]
[0.00377101]
[0.00378437]
[0.00377489]
[0.00376686]
[0.00377069]
[0.00377224]
[0.00376407]
[0.00377303]
[0.00376878]
[0.00376947]
[0.00376619]
[0.00377376]
[0.00377103]
[0.0037671]
[0.00376719]
[0.00376797]
[0.00377403]
[0.00377341]
[0.00376951]
[0.00378209]
[0.00376736]
[0.00377396]
[0.00377871]
[0.00377212]
[0.00377297]
[0.00377179]
[0.00377262]
[0.00376713]
[0.00376665]
[0.00376877]
[0.00377015]
[0.00376248]
[0.00376915]
[0.00377652]
[0.00376803]
[0.00377598]
[0.00376644]
[0.00376628]
[0.00377497]
[0.00378028]
[0.0037649]
[0.00376429]
[0.00376765]
[0.00376574]
[0.00376759]
[0.00378436]
[0.00376584]
[0.00377651]
[0.00376857]
[0.00377756]
[0.00377211]
[0.00377338]
[0.00376369]
[0.00376182]
[0.00377727]
[0.00376915]
[0.00376487]
[0.00377043]
[0.00376458]
[0.00377014]
[0.00377068]
[0.00378498]
[0.00377156]
[0.00377049]
[0.00376717]
[0.00376546]
[0.00376287]
[0.00377244]
[0.00378141]
[0.00376927]
[0.00377036]
[0.003767]
[0.00377195]
[0.00376683]
[0.0037701]
[0.00377545]
[0.0037797]
[0.00377315]
[0.00376937]
[0.00376453]
[0.00376793]
[0.00376605]
[0.0037614]
[0.00378164]
[0.00376555]
[0.00376734]
[0.00376816]
[0.00376876]
[0.0037687]
[0.00376475]
[0.00376377]
[0.00377219]
[0.00377179]
[0.00377058]
[0.00376795]
[0.00377207]
[0.00377324]
[0.00376919]
[0.00376852]
[0.00377041]
[0.00376561]
[0.00378582]
[0.00376772]
[0.00376575]
[0.00376778]
[0.00376755]
[0.00376673]
[0.00376545]
[0.00376947]
[0.00376612]
[0.0037641]
[0.00377203]
[0.00377092]
[0.00377305]
[0.0037754]
[0.00377514]
[0.00376386]
[0.00379158]
[0.00376481]
[0.00377552]
[0.00376714]
[0.00377211]
[0.00376863]
[0.00377096]
[0.00376823]
[0.00377122]
[0.00377693]
[0.00377245]
[0.0037825]
[0.00376699]
[0.00377058]
[0.00377965]
[0.00376278]
[0.00377254]
[0.00376528]
[0.00377008]
[0.00376327]
[0.00376744]
[0.00376463]
[0.00377047]
[0.00377597]
[0.0037884]
[0.00377357]
[0.00376945]
[0.00376346]
[0.00376891]
[0.00377538]
[0.00376808]
[0.00376975]
[0.0037637]
[0.00377985]
[0.00376703]
[0.00376976]
[0.003769]
[0.00376185]
[0.00377165]
[0.00376605]
[0.00377535]
[0.00377429]
[0.00376038]
[0.00376414]
[0.00376781]
[0.00377069]
[0.00377305]
[0.00377189]
[0.00376592]
[0.00377631]
[0.00377169]
[0.00376811]
[0.00377308]
[0.00377972]
[0.00376416]
[0.00376688]
[0.00377585]
[0.00376923]
[0.00377541]
[0.00377115]
[0.0037638]
[0.00376574]
[0.00377775]
[0.00376253]
[0.00376766]
[0.00376527]
[0.00377014]
[0.00376174]
[0.00377535]
[0.00378109]
[0.0037763]
[0.00376542]
[0.0037645]
[0.00377235]
[0.00377471]
[0.00376631]
[0.00378383]
[0.00376992]
[0.00376572]
[0.00377862]
[0.00377466]
[0.00376617]
[0.00377221]
[0.00376829]
[0.00376833]
[0.00376996]
[0.00377349]
[0.00378208]
[0.00377085]
[0.00376517]
[0.00377457]
[0.00377232]
[0.0037687]
[0.00376642]
[0.00377897]
[0.00377156]
[0.00377082]
[0.00376564]
[0.00377189]
[0.00378508]
[0.00377387]
[0.003774]
[0.00378145]
[0.00376508]
[0.00376841]
[0.00377348]
[0.00376875]
[0.003765]
[0.00377284]
[0.00377321]
[0.00376473]
[0.00377466]
[0.00376948]
[0.00376817]
[0.00377212]
[0.00377176]
[0.0037694]
[0.00376722]
[0.00376873]
[0.00377299]
[0.00376378]
[0.00378037]
[0.0037739]
[0.00376747]
[0.003773]
[0.00376499]
[0.00376941]
[0.00377618]
[0.00376377]
[0.00377128]
[0.00378432]
[0.00376847]
[0.00376601]
[0.00377174]
[0.0037676]
[0.00376733]
[0.00376722]
[0.00377036]
[0.00376452]
[0.00376478]
[0.00376825]
[0.00377078]
[0.00376563]
[0.00377379]
[0.00377488]
[0.00377275]
[0.00377102]
[0.00379644]
[0.00377181]
[0.00376763]
[0.00376673]
[0.00378047]
[0.00376988]
[0.00376704]
[0.00376809]
[0.00377044]
[0.00377518]
[0.00377189]
[0.00377401]
[0.00377096]
[0.0037748]
[0.00377546]
[0.00376624]
[0.00377194]
[0.00377339]
[0.00376856]
[0.00376375]
[0.00376756]
[0.00377667]
[0.00377124]
[0.0037718]
[0.00376792]
[0.00376713]
[0.00377289]
[0.00376571]
[0.00376479]
[0.00376255]
[0.00376247]
[0.0037786]
[0.00376605]
[0.00376955]
[0.00376884]
[0.00376858]
[0.00377097]
[0.00376935]
[0.00376773]
[0.00376865]
[0.00377685]
[0.00377139]
[0.00377054]
[0.00376191]
[0.00377033]
[0.00377713]
[0.00377302]
[0.0037649]
[0.00376392]
[0.00377478]
[0.00377587]
[0.00376754]
[0.00376913]
[0.00376804]
[0.00376363]
[0.00377509]
[0.00377784]
[0.0037705]
[0.00376976]
[0.00376471]
[0.00377554]
[0.00377436]
[0.00376591]
[0.00376705]
[0.0037739]
[0.0037704]
[0.00377681]
[0.00376309]
[0.00377204]
[0.00376529]
[0.00376793]
[0.00376192]
[0.00376894]
[0.00376833]
[0.00377005]
[0.00377206]
[0.00377141]
[0.00376058]
[0.00376907]
[0.00377593]
[0.00377453]
[0.00377911]
[0.00377334]
[0.00376801]
[0.00376759]
[0.00376672]
[0.00377386]
[0.00376686]
[0.00376564]
[0.00377042]
[0.00377056]
[0.0037704]
[0.00377027]
[0.00376667]
[0.00377387]
[0.00376607]
[0.00378053]
[0.00378504]
[0.00376478]
[0.00377044]
[0.00377196]
[0.00377941]
[0.00376517]
[0.00377674]
[0.00377011]
[0.00377238]
[0.00377394]
[0.00376748]
[0.00376742]
[0.00377284]
[0.00376712]
[0.00376918]
[0.00377141]
[0.00376903]
[0.00376099]
[0.00377154]
[0.00376664]
[0.00377713]
[0.00376643]
[0.00376573]
[0.00376922]
[0.00379139]
[0.00377039]
[0.00376946]
[0.00376483]
[0.00376113]
[0.0037674]
[0.00377867]
[0.0037706]
[0.00377348]
[0.00378333]
[0.00377246]
[0.00376406]
[0.0037844]
[0.00377323]
[0.00377155]
[0.00377812]
[0.00376852]
[0.00377316]
[0.00377285]
[0.00376799]
[0.00377389]
[0.00376916]
[0.00377272]
[0.00377709]
[0.00377693]
[0.00378105]
[0.00376956]
[0.0037778]
[0.00377495]
[0.00376433]
[0.00376934]
[0.00377327]
[0.00376976]
[0.00377485]
[0.00376556]
[0.00376678]
[0.003773]
[0.0037688]
[0.00376599]
[0.00376426]
[0.00378377]
[0.00376471]
[0.00377158]
[0.00376919]
[0.00376325]
[0.00377784]
[0.00377385]
[0.00376398]
[0.00377015]
[0.00377477]
[0.00376963]
[0.003768]
[0.00377033]
[0.0037683]
[0.00376805]
[0.00377195]
[0.0037677]
[0.00377134]
[0.00377024]
[0.00377088]
[0.00376694]
[0.00377363]
[0.00376964]
[0.00376505]
[0.003778]
[0.00377796]
[0.00379577]
[0.00377115]
[0.0037656]
[0.00376716]
[0.00375983]
[0.00377014]
[0.00377728]
[0.00376981]
[0.00376768]
[0.003767]
[0.00377089]
[0.00376947]
[0.00376733]
[0.0037752]
[0.00376623]
[0.00376937]
[0.00376985]
[0.0037688]
[0.0037665]
[0.0037711]
[0.00377975]
[0.00377051]
[0.00377054]
[0.00377471]
[0.00377133]
[0.0037779]
[0.00376882]
[0.00384734]
[0.00377536]
[0.00377156]
[0.00376353]
[0.00376791]
[0.00376902]
[0.00377364]
[0.00377404]
[0.00376946]
[0.00377036]
[0.00376316]
[0.00379737]
[0.00377982]
[0.00377465]
[0.00377476]
[0.00377165]
[0.00377643]
[0.003769]
[0.00377686]
[0.00377792]
[0.00376752]
[0.00376849]
[0.0037773]
[0.00377256]
[0.00376517]
[0.00378202]
[0.00377116]
[0.00377141]
[0.00376859]
[0.00377674]
[0.00376739]
[0.00377198]
[0.00377119]
[0.00377508]
[0.00376765]
[0.0037698]
[0.00376846]
[0.00377617]
[0.00376626]
[0.00376806]
[0.00377222]
[0.00376337]
[0.00377092]
[0.00376782]
[0.00377185]
[0.00378229]
[0.00377225]
[0.00376654]
[0.00376451]
[0.00377859]
[0.00378859]
[0.00377138]
[0.00376598]
[0.00376386]
[0.00376097]
[0.00377375]
[0.00376228]
[0.00376877]
[0.00377886]
[0.00377407]
[0.00376792]
[0.00377348]
[0.00378228]
[0.00379142]
[0.00376966]
[0.00376756]
[0.003775]
[0.00377142]
[0.00377898]
[0.00377171]
[0.00377227]
[0.00377117]
[0.00377176]
[0.00377208]
[0.00378021]
[0.0037693]
[0.00376364]
[0.00376699]
[0.00376627]
[0.00377111]
[0.00376443]
[0.00377044]
[0.00378106]
[0.00377356]
[0.00378395]
[0.00376754]
[0.00376961]
[0.00377367]
[0.00377149]
[0.0037693]
[0.00377024]
[0.00376917]
[0.00378122]
[0.0037755]
[0.00377246]
[0.00377634]
[0.00376714]
[0.00377392]
[0.00376346]
[0.00376478]
[0.00376934]
[0.00378506]
[0.00376898]
[0.00377163]
[0.00376782]
[0.00377182]
[0.00376606]
[0.00378208]
[0.0037666]
[0.00377023]
[0.00377607]
[0.0037688]
[0.00376506]
[0.00377961]
[0.00376947]
[0.00376457]
[0.00376335]
[0.00377214]
[0.00376456]
[0.00377884]
[0.00377085]
[0.00377408]
[0.00376608]
[0.00377182]
[0.00377139]
[0.00377526]
[0.00376611]
[0.00376734]
[0.00378428]
[0.00377277]
[0.00376429]
[0.00377044]
[0.00376777]
[0.00377286]
[0.00376018]
[0.00376248]
[0.00377728]
[0.00378013]
[0.00376615]
[0.00376689]
[0.0037675]
[0.00377105]
[0.00377389]
[0.0037692]
[0.00377189]
[0.0037817]
[0.00376974]
[0.00377647]
[0.00376621]
[0.00377494]
[0.00376951]
[0.00376988]
[0.00378102]
[0.00377192]
[0.00376708]
[0.00378063]
[0.0037687]
[0.00376968]
[0.00377844]
[0.00376785]
[0.00377139]
[0.00377582]
[0.00377468]
[0.00377333]
[0.00376496]
[0.00376149]
[0.00376949]
[0.00376332]
[0.00376699]
[0.00376764]
[0.00377221]
[0.00377526]
[0.00376574]
[0.00376514]
[0.00376726]
[0.00377039]
[0.00376699]
[0.00377189]
[0.00377314]
[0.00376546]
[0.00377736]
[0.00377131]
[0.00376986]
[0.0037681]
[0.00377419]
[0.00376585]
[0.00377474]
[0.00377471]
[0.00376859]
[0.00376359]
[0.00377867]
[0.00377035]
[0.0037668]
[0.00377375]
[0.00377514]
[0.00376383]
[0.0037642]
[0.00376865]
[0.00376951]
[0.003765]
[0.00377001]
[0.00377499]
[0.00377123]
[0.0037753]
[0.00377128]
[0.00377808]
[0.00377306]
[0.00377385]
[0.00377865]
[0.00377026]
[0.00377173]
[0.0037665]
[0.00376748]
[0.00377013]
[0.00376526]
[0.00377265]
[0.00376373]
[0.00377981]
[0.00377048]
[0.00376583]
[0.0037627]
[0.00377068]
[0.00376772]
[0.00377527]
[0.00376442]
[0.00378285]
[0.00377163]
[0.00376916]
[0.00376397]
[0.00376747]
[0.00376699]
[0.00377202]
[0.00376181]
[0.00376656]
[0.00377219]
[0.00377065]
[0.0037778]
[0.00376172]
[0.0037683]
[0.00377245]
[0.00377572]
[0.00377313]
[0.00376666]
[0.00377412]
[0.00377995]
[0.00376456]
[0.00377171]
[0.00377533]
[0.00377409]
[0.00376928]
[0.00376904]
[0.00376648]
[0.00376796]
[0.00377177]
[0.00377218]
[0.00376074]
[0.00376789]
[0.00376455]
[0.00378419]
[0.00377531]
[0.00377574]
[0.00377122]
[0.00377655]
[0.00377188]
[0.00376575]
[0.00376506]
[0.00378131]
[0.00376625]
[0.00377131]
[0.00377122]
[0.00376494]
[0.00377905]
[0.00376605]
[0.00376781]
[0.00376667]
[0.00377111]
[0.00377483]
[0.00376747]
[0.0037646]
[0.00376803]
[0.00377193]
[0.00376672]
[0.00377196]
[0.00376677]
[0.00376892]
[0.00376012]
[0.00378284]
[0.00377331]
[0.00377294]
[0.00376562]
[0.00376865]
[0.00376736]
[0.00377534]
[0.00377447]
[0.00376873]
[0.00376969]
[0.00377162]
[0.00378826]
[0.00376865]
[0.00376902]
[0.0037691]
[0.00376517]
[0.00377874]
[0.00377037]
[0.0037698]
[0.00377082]
[0.00376976]
[0.00376442]
[0.00376838]
[0.00377416]
[0.00377686]
[0.00380104]
[0.00377073]
[0.00376762]
[0.00377674]
[0.00376369]
[0.00376411]
[0.003768]
[0.00378051]
[0.00376596]
[0.00376776]
[0.0037674]
[0.0037715]
[0.00377653]
[0.00377396]
[0.00376812]
[0.00376961]
[0.0037736]
[0.00378166]
[0.00377695]
[0.00378515]
[0.0037678]
[0.00377113]
[0.00376713]
[0.003776]
[0.00376826]
[0.00376893]
[0.00376705]
[0.00377888]
[0.00376397]
[0.00377203]
[0.00377872]
[0.00376882]
[0.00376822]
[0.00377133]
[0.00376859]
[0.00376646]
[0.00377423]
[0.00377123]
[0.00377352]
[0.00377503]
[0.00377144]
[0.00377143]
[0.00376836]
[0.00376691]
[0.00376914]
[0.00377129]
[0.0037661]
[0.00377092]
[0.00376906]
[0.00376576]
[0.00376658]
[0.00377709]
[0.00377162]
[0.00376792]
[0.00377422]
[0.00377769]
[0.00376853]
[0.00376242]
[0.00376452]
[0.00376445]
[0.003769]
[0.00378422]
[0.00377037]
[0.00377477]
[0.00376974]
[0.00376996]
[0.00377545]
[0.00376885]
[0.00377326]
[0.00376418]
[0.00377416]
[0.0037755]
[0.00377226]
[0.00377872]
[0.00377363]
[0.00376703]
[0.00376362]
[0.00377583]
[0.00376858]
[0.00377516]
[0.00377202]
[0.00377416]
[0.00376875]
[0.00377538]
[0.00377053]
[0.00376718]
[0.00377253]
[0.00376868]
[0.00377587]
[0.00376938]
[0.00376698]
[0.00377285]
[0.00376932]
[0.00376839]
[0.00377074]
[0.00376746]
[0.00376862]
[0.00377684]
[0.00377573]
[0.00377333]
[0.00376943]
[0.00376914]
[0.00376932]
[0.00376682]
[0.00376922]
[0.00377063]
[0.00377002]
[0.00376922]
[0.00376973]
[0.00376812]
[0.00376972]
[0.0037758]
[0.00377771]
[0.00376742]
[0.00377243]
[0.00377147]
[0.00376948]
[0.00377293]
[0.00376973]
[0.00377449]
[0.00377566]
[0.00377648]
[0.0037722]
[0.00376855]
[0.00378447]
[0.00377331]
[0.00378025]
[0.00376809]
[0.00377286]
[0.00376753]
[0.00376838]
[0.00376496]
[0.00376851]
[0.00377021]
[0.00377114]
[0.00376544]
[0.00376869]
[0.00376507]
[0.00376645]
[0.00376768]
[0.00375815]
[0.00377382]
[0.00377562]
[0.00376251]
[0.00377282]
[0.00377923]
[0.0037716]
[0.00376869]
[0.00377674]
[0.0037713]
[0.0037689]
[0.00376695]
[0.00376906]
[0.00376691]
[0.00377138]
[0.00377727]
[0.00377175]
[0.00377611]
[0.00376247]
[0.00376989]
[0.00376426]
[0.00376633]
[0.00377642]
[0.00376888]
[0.0037727]
[0.00377682]
[0.00376765]
[0.00376885]
[0.00376587]
[0.0037682]
[0.00377109]
[0.00376878]
[0.00376799]
[0.00376918]
[0.00377672]
[0.00377288]
[0.00379473]
[0.00376354]
[0.00376899]
[0.00377099]
[0.00377096]
[0.00378099]
[0.0037716]
[0.00376602]
[0.00377703]
[0.00377283]
[0.00378545]
[0.00376446]
[0.00376369]
[0.0037637]
[0.00378871]
[0.00378158]
[0.00377204]
[0.00376279]
[0.00377511]
[0.00377754]
[0.00376059]
[0.00377091]
[0.00376648]
[0.00376499]
[0.00377301]
[0.00377211]
[0.00377767]
[0.00376339]
[0.00378452]
[0.00376899]
[0.00376916]
[0.0037698]
[0.00377306]
[0.00376931]
[0.00376407]
[0.00377868]
[0.00377085]
[0.00378126]
[0.00376977]
[0.00376735]
[0.00376726]
[0.0037711]
[0.00377214]
[0.00376711]
[0.00376685]
[0.00376753]
[0.00376506]
[0.00377379]
[0.00377914]
[0.0037696]
[0.00376831]
[0.00377632]
[0.00376424]
[0.00377376]
[0.00377217]
[0.00377728]
[0.0037704]
[0.0037682]
[0.00376428]
[0.00376978]
[0.00376692]
[0.00376677]
[0.00377392]
[0.00378608]
[0.0037647]
[0.00377557]
[0.00377086]
[0.00376522]
[0.00376969]
[0.003774]
[0.0037706]
[0.00377709]
[0.00376991]
[0.00377099]
[0.00376978]
[0.00376894]
[0.00376766]
[0.00376789]
[0.00377131]
[0.00376228]
[0.00377491]
[0.00375752]
[0.00377185]
[0.00376661]
[0.00377059]
[0.0037653]
[0.0037671]
[0.00377379]
[0.00376967]
[0.0037661]
[0.00376855]
[0.00377114]
[0.00377155]
[0.0037658]
[0.00376987]
[0.00377589]
[0.00377205]
[0.0037734]
[0.00378587]
