[28.41103]
[28.410507]
[28.410702]
[28.411665]
[28.411022]
[28.41115]
[28.411665]
[28.412027]
[28.41121]
[28.411064]
[28.411665]
[28.41113]
[28.411013]
[28.41164]
[28.411852]
[28.411041]
[28.410435]
[28.409706]
[28.410814]
[28.411669]
[28.409618]
[28.411518]
[28.411304]
[28.40905]
[28.41137]
[28.41127]
[28.411015]
[28.411797]
[28.411602]
[28.411846]
[28.41023]
[28.411709]
[28.411663]
[28.410698]
[28.4117]
[28.411259]
[28.41142]
[28.410732]
[28.412058]
[28.410622]
[28.412317]
[28.41118]
[28.411434]
[28.41077]
[28.410238]
[28.411985]
[28.407799]
[28.41218]
[28.41142]
[28.409521]
[28.410357]
[28.409409]
[28.4109]
[28.410835]
[28.411243]
[28.410627]
[28.411491]
[28.411915]
[28.411652]
[28.411457]
[28.410553]
[28.411087]
[28.410728]
[28.410404]
[28.411118]
[28.41102]
[28.41029]
[28.411572]
[28.41028]
[28.411022]
[28.411457]
[28.411598]
[28.410793]
[28.411076]
[28.411478]
[28.410112]
[28.411633]
[28.411133]
[28.41159]
[28.411572]
[28.410406]
[28.410986]
[28.41153]
[28.411123]
[28.41137]
[28.410572]
[28.41039]
[28.411316]
[28.41165]
[28.411724]
[28.41191]
[28.412027]
[28.410913]
[28.411587]
[28.411407]
[28.41158]
[28.412018]
[28.411577]
[28.411358]
[28.412018]
[28.411102]
[28.411732]
[28.411253]
[28.411125]
[28.410744]
[28.411785]
[28.411512]
[28.411703]
[28.4105]
[28.411793]
[28.411243]
[28.410751]
[28.411573]
[28.409122]
[28.410896]
[28.411032]
[28.411974]
[28.41186]
[28.411419]
[28.411272]
[28.410133]
[28.411259]
[28.411488]
[28.411444]
[28.410353]
[28.411621]
[28.411015]
[28.41067]
[28.410187]
[28.409258]
[28.411278]
[28.411768]
[28.410753]
[28.411667]
[28.41119]
[28.410534]
[28.411436]
[28.409805]
[28.411745]
[28.412235]
[28.411968]
[28.410574]
[28.411728]
[28.411238]
[28.409847]
[28.410812]
[28.411766]
[28.410896]
[28.41035]
[28.409653]
[28.411654]
[28.41069]
[28.41145]
[28.409515]
[28.410404]
[28.41167]
[28.40999]
[28.411392]
[28.412325]
[28.411448]
[28.411448]
[28.410976]
[28.411608]
[28.409904]
[28.41217]
[28.410463]
[28.411654]
[28.41054]
[28.411657]
[28.409761]
[28.411554]
[28.411804]
[28.411194]
[28.410696]
[28.411343]
[28.410744]
[28.408728]
[28.41157]
[28.41105]
[28.410713]
[28.411297]
[28.41055]
[28.411377]
[28.410494]
[28.411373]
[28.410763]
[28.411186]
[28.410954]
[28.411375]
[28.411213]
[28.411781]
[28.411491]
[28.411474]
[28.411549]
[28.411049]
[28.410843]
[28.411266]
[28.40877]
[28.411558]
[28.410208]
[28.411472]
[28.410297]
[28.411669]
[28.410606]
[28.409872]
[28.410446]
[28.40988]
[28.41106]
[28.411366]
[28.411272]
[28.410872]
[28.410688]
[28.4114]
[28.41079]
[28.411428]
[28.411526]
[28.411613]
[28.40789]
[28.408869]
[28.410973]
[28.41154]
[28.411966]
[28.411995]
[28.411308]
[28.410383]
[28.411875]
[28.41082]
[28.411083]
[28.411205]
[28.41199]
[28.411692]
[28.411438]
[28.411694]
[28.410694]
[28.409687]
[28.410063]
[28.411587]
[28.411177]
[28.411167]
[28.411564]
[28.411186]
[28.411516]
[28.411167]
[28.410645]
[28.411135]
[28.41027]
[28.411345]
[28.410202]
[28.411102]
[28.411493]
[28.412472]
[28.41111]
[28.41106]
[28.4118]
[28.411009]
[28.410007]
[28.41048]
[28.409391]
[28.410873]
[28.409931]
[28.411182]
[28.411755]
[28.410898]
[28.41077]
[28.412104]
[28.410736]
[28.410433]
[28.411211]
[28.410122]
[28.41122]
[28.410963]
[28.411144]
[28.411022]
[28.4115]
[28.411198]
[28.410706]
[28.41156]
[28.410862]
[28.410912]
[28.410522]
[28.411442]
[28.411348]
[28.411402]
[28.41198]
[28.411907]
[28.41038]
[28.410885]
[28.412022]
[28.411255]
[28.41174]
[28.411392]
[28.410873]
[28.411121]
[28.411068]
[28.223064]
[28.411236]
[28.411638]
[28.41136]
[28.411306]
[28.41193]
[28.411453]
[28.410553]
[28.410528]
[28.411163]
[28.410995]
[28.41154]
[28.41153]
[28.410875]
[28.411083]
[28.410782]
[28.410236]
[28.406054]
[28.411469]
[28.411303]
[28.411297]
[28.410841]
[28.41198]
[28.409521]
[28.410135]
[28.41167]
[28.412037]
[28.411297]
[28.411201]
[28.411274]
[28.411465]
[28.411753]
[28.410694]
[28.411312]
[28.411652]
[28.407934]
[28.411247]
[28.410826]
[28.411255]
[28.411411]
[28.409107]
[28.410326]
[28.411642]
[28.410673]
[28.410084]
[28.411156]
[28.40953]
[28.41124]
[28.411709]
[28.410873]
[28.41016]
[28.40971]
[28.411785]
[28.411213]
[28.411636]
[28.411993]
[28.411375]
[28.4114]
[28.412004]
[28.411121]
[28.409838]
[28.41091]
[28.411144]
[28.410666]
[28.411463]
[28.411346]
[28.411638]
[28.410536]
[28.411032]
[28.411396]
[28.409645]
[28.411205]
[28.410595]
[28.409592]
[28.407997]
[28.408394]
[28.411312]
[28.41074]
[28.411545]
[28.411236]
[28.411188]
[28.410698]
[28.410748]
[28.41106]
[28.409746]
[28.41114]
[28.41077]
[28.410267]
[28.411125]
[28.411942]
[28.411503]
[28.410534]
[28.411095]
[28.410069]
[28.410387]
[28.412271]
[28.411528]
[28.41135]
[28.411425]
[28.411514]
[28.411743]
[28.411295]
[28.411327]
[28.411768]
[28.411232]
[28.411762]
[28.41098]
[28.41064]
[28.410376]
[28.41109]
[28.411419]
[28.41156]
[28.410727]
[28.4114]
[28.41217]
[28.411785]
[28.411478]
[28.411127]
[28.411293]
[28.411442]
[28.411303]
[28.410961]
[28.411438]
[28.410513]
[28.412182]
[28.411676]
[28.41196]
[28.409262]
[28.41129]
[28.411304]
[28.410881]
[28.410591]
[28.411543]
[28.411549]
[28.411894]
[28.411148]
[28.411966]
[28.411205]
[28.41048]
[28.412199]
[28.410616]
[28.411287]
[28.411083]
[28.411894]
[28.41071]
[28.410873]
[28.411924]
[28.411816]
[28.410692]
[28.411617]
[28.411427]
[28.411892]
[28.411041]
[28.411491]
[28.41073]
[28.409996]
[28.411497]
[28.409962]
[28.411264]
[28.411112]
[28.411602]
[28.411448]
[28.410301]
[28.412079]
[28.411142]
[28.411358]
[28.41116]
[28.411095]
[28.411552]
[28.411362]
[28.410536]
[28.411333]
[28.410091]
[28.409924]
[28.408634]
[28.411537]
[28.410835]
[28.411772]
[28.412037]
[28.41028]
[28.411306]
[28.411976]
[28.41084]
[28.410778]
[28.41182]
[28.411726]
[28.410404]
[28.411198]
[28.411297]
[28.41084]
[28.410137]
[28.411457]
[28.411423]
[28.409908]
[28.410212]
[28.410107]
[28.410929]
[28.411577]
[28.412067]
[28.412193]
[28.410738]
[28.41148]
[28.411251]
[28.410503]
[28.411272]
[28.411713]
[28.410213]
[28.41126]
[28.411186]
[28.411522]
[28.41138]
[28.411324]
[28.411919]
[28.411926]
[28.41113]
[28.410507]
[28.410862]
[28.412243]
[28.411856]
[28.410877]
[28.408976]
[28.411852]
[28.411682]
[28.41206]
[28.410446]
[28.411528]
[28.410923]
[28.411028]
[28.41104]
[28.411581]
[28.411957]
[28.411785]
[28.411297]
[28.411448]
[28.411207]
[28.409204]
[28.41143]
[28.411303]
[28.41166]
[28.410557]
[28.411251]
[28.41079]
[28.41043]
[28.412027]
[28.407516]
[28.407911]
[28.410355]
[28.41218]
[28.409973]
[28.410286]
[28.411777]
[28.410213]
[28.41129]
[28.411188]
[28.41028]
[28.411938]
[28.410297]
[28.411314]
[28.410702]
[28.411453]
[28.410927]
[28.411123]
[28.411308]
[28.408909]
[28.41102]
[28.411589]
[28.411808]
[28.410374]
[28.412008]
[28.41008]
[28.41035]
[28.410715]
[28.411825]
[28.411789]
[28.410145]
[28.411118]
[28.408457]
[28.411757]
[28.41167]
[28.410828]
[28.410889]
[28.41052]
[28.41074]
[28.411884]
[28.411266]
[28.41175]
[28.411058]
[28.410421]
[28.411669]
[28.410841]
[28.411606]
[28.410587]
[28.411682]
[28.411093]
[28.41202]
[28.411615]
[28.410378]
[28.411243]
[28.41103]
[28.412365]
[28.41151]
[28.41019]
[28.410135]
[28.410828]
[28.410244]
[28.41121]
[28.411983]
[28.411312]
[28.411568]
[28.410217]
[28.411627]
[28.41071]
[28.411081]
[28.411057]
[28.411482]
[28.409916]
[28.411453]
[28.411385]
[28.41143]
[28.409645]
[28.411106]
[28.41169]
[28.409523]
[28.411129]
[28.411629]
[28.410824]
[28.410002]
[28.41156]
[28.411385]
[28.408655]
[28.410793]
[28.410906]
[28.4098]
[28.412067]
[28.410772]
[28.411486]
[28.411638]
[28.410828]
[28.411747]
[28.410885]
[28.410328]
[28.410826]
[28.411114]
[28.412264]
[28.411438]
[28.410799]
[28.410973]
[28.411331]
[28.214571]
[28.410656]
[28.411772]
[28.411793]
[28.410435]
[28.410816]
[28.410187]
[28.411682]
[28.411135]
[28.409939]
[28.411491]
[28.41154]
[28.410545]
[28.411572]
[28.411423]
[28.410755]
[28.410292]
[28.41195]
[28.409897]
[28.410072]
[28.411644]
[28.411827]
[28.411098]
[28.4113]
[28.411503]
[28.411495]
[28.40963]
[28.41062]
[28.22105]
[28.411596]
[28.411242]
[28.411234]
[28.410927]
[28.412006]
[28.410744]
[28.41147]
[28.411041]
[28.411184]
[28.411343]
[28.411694]
[28.411488]
[28.411064]
[28.412107]
[28.411404]
[28.411915]
[28.410904]
[28.411573]
[28.410662]
[28.41134]
[28.41121]
[28.410519]
[28.410873]
[28.411089]
[28.411446]
[28.41132]
[28.410515]
[28.41071]
[28.411572]
[28.41129]
[28.410568]
[28.411114]
[28.411465]
[28.410828]
[28.41165]
[28.410164]
[28.41207]
[28.411232]
[28.410381]
[28.411076]
[28.411713]
[28.411896]
[28.411526]
[28.409416]
[28.411076]
[28.40996]
[28.411655]
[28.411404]
[28.41103]
[28.411777]
[28.409721]
[28.411777]
[28.410149]
[28.41043]
[28.410366]
[28.410828]
[28.411617]
[28.411474]
[28.410927]
[28.410267]
[28.406837]
[28.410503]
[28.41031]
[28.409695]
[28.409328]
[28.407335]
