[0.00709565]
[0.00708901]
[0.00710358]
[0.00707644]
[0.00708715]
[0.00708285]
[0.00708324]
[0.00708257]
[0.00708599]
[0.00709238]
[0.00708597]
[0.00708658]
[0.00708664]
[0.00708811]
[0.0070824]
[0.00708985]
[0.0070842]
[0.0070867]
[0.00708572]
[0.00708577]
[0.00708127]
[0.00708635]
[0.00708261]
[0.00709126]
[0.00707803]
[0.00710506]
[0.00708502]
[0.00708974]
[0.00708365]
[0.00708869]
[0.00708624]
[0.00708997]
[0.00710856]
[0.00709015]
[0.00708636]
[0.0070863]
[0.00708279]
[0.0070897]
[0.00708564]
[0.00708639]
[0.00708974]
[0.0071046]
[0.00708925]
[0.00708235]
[0.00709405]
[0.00708544]
[0.00709099]
[0.00709234]
[0.00708505]
[0.00708251]
[0.00708686]
[0.00708559]
[0.00708943]
[0.00709362]
[0.00708673]
[0.0070837]
[0.00709124]
[0.00709129]
[0.00708202]
[0.0070893]
[0.00708735]
[0.00708406]
[0.00709201]
[0.00707608]
[0.00709018]
[0.00708941]
[0.0070852]
[0.0070863]
[0.00709014]
[0.00708188]
[0.00708775]
[0.0070861]
[0.00708375]
[0.00708987]
[0.00710561]
[0.00708757]
[0.00708297]
[0.00708636]
[0.00708926]
[0.00708404]
[0.00708624]
[0.00707995]
[0.00708565]
[0.00709041]
[0.0070849]
[0.00708632]
[0.00708236]
[0.00708869]
[0.00708423]
[0.00708711]
[0.00709092]
[0.00708602]
[0.00708992]
[0.00708677]
[0.00709369]
[0.00708897]
[0.00708803]
[0.00709442]
[0.00708711]
[0.00708792]
[0.0070858]
[0.00708742]
[0.00710336]
[0.00708755]
[0.00708904]
[0.00708931]
[0.00710683]
[0.00708039]
[0.00708161]
[0.00708492]
[0.00709128]
[0.00708505]
[0.00708708]
[0.0070898]
[0.00708684]
[0.00708942]
[0.00708413]
[0.00709173]
[0.00709015]
[0.00710614]
[0.00708987]
[0.00708719]
[0.00709348]
[0.00707835]
[0.00709168]
[0.00708351]
[0.00708889]
[0.00709703]
[0.00708944]
[0.00709098]
[0.0070898]
[0.00708961]
[0.00708189]
[0.00708743]
[0.00708849]
[0.00708709]
[0.00708781]
[0.00708826]
[0.00708867]
[0.00708436]
[0.00708463]
[0.00708938]
[0.00710402]
[0.00708873]
[0.00708502]
[0.00708914]
[0.00708957]
[0.00709353]
[0.00708736]
[0.00708272]
[0.0070813]
[0.00708676]
[0.00709461]
[0.00708535]
[0.00708649]
[0.00708257]
[0.00708376]
[0.00708757]
[0.00708829]
[0.00708941]
[0.0070802]
[0.00708803]
[0.00709158]
[0.0070895]
[0.00708882]
[0.00710624]
[0.0070862]
[0.00708554]
[0.0070893]
[0.00708866]
[0.00708954]
[0.00709022]
[0.00708956]
[0.00708455]
[0.00708839]
[0.00708868]
[0.00708143]
[0.00709002]
[0.00710932]
[0.00708313]
[0.00708289]
[0.00708375]
[0.00709129]
[0.00708874]
[0.00708658]
[0.00708755]
[0.00708832]
[0.0070861]
[0.00708504]
[0.00708648]
[0.0070872]
[0.00710458]
[0.00707868]
[0.00710617]
[0.00708535]
[0.00708677]
[0.00708907]
[0.00709396]
[0.00708542]
[0.00709267]
[0.00708576]
[0.00708644]
[0.00708476]
[0.00708563]
[0.00708833]
[0.00708723]
[0.00708801]
[0.0070894]
[0.00708591]
[0.00707727]
[0.00708419]
[0.00708586]
[0.00708552]
[0.00709241]
[0.00710576]
[0.00709049]
[0.0070924]
[0.00708389]
[0.00708869]
[0.00708856]
[0.00709153]
[0.00709195]
[0.00708444]
[0.00708526]
[0.00708719]
[0.0070886]
[0.00708837]
[0.00708838]
[0.00708805]
[0.00708303]
[0.00708388]
[0.00710574]
[0.0070835]
[0.00708795]
[0.00708453]
[0.00708431]
[0.00708974]
[0.00708545]
[0.00708744]
[0.0070845]
[0.00708573]
[0.00708968]
[0.0070876]
[0.00709012]
[0.0070899]
[0.00708576]
[0.00708463]
[0.00708644]
[0.00708365]
[0.00710264]
[0.00709034]
[0.00708386]
[0.00708744]
[0.0070916]
[0.00709135]
[0.00708532]
[0.00708801]
[0.00708982]
[0.00708241]
[0.00708181]
[0.00708692]
[0.00708442]
[0.00709186]
[0.0070866]
[0.00708966]
[0.00710566]
[0.00708832]
[0.00708674]
[0.00708687]
[0.00708693]
[0.00709081]
[0.00708634]
[0.00709105]
[0.0071049]
[0.00708973]
[0.00708736]
[0.00708534]
[0.00708572]
[0.00709029]
[0.00709136]
[0.00708582]
[0.00709039]
[0.0070876]
[0.007084]
[0.00708527]
[0.0070881]
[0.00708957]
[0.00708086]
[0.00708558]
[0.00708376]
[0.00709187]
[0.00708965]
[0.007086]
[0.00708773]
[0.00708901]
[0.00708817]
[0.00708535]
[0.00711086]
[0.00708807]
[0.00708933]
[0.00708832]
[0.00708462]
[0.00709071]
[0.00708946]
[0.00708668]
[0.00709121]
[0.0070849]
[0.00708366]
[0.0070905]
[0.00708617]
[0.00708744]
[0.00708373]
[0.00708752]
[0.0070871]
[0.00708554]
[0.00709063]
[0.00708793]
[0.00708718]
[0.00708456]
[0.00708783]
[0.00710666]
[0.00708731]
[0.00708723]
[0.00708887]
[0.00709217]
[0.00710661]
[0.00708599]
[0.00708509]
[0.00708004]
[0.0070859]
[0.00708747]
[0.00708558]
[0.00708781]
[0.00708534]
[0.00708892]
[0.0070894]
[0.00708788]
[0.00708851]
[0.00708553]
[0.0070774]
[0.00708507]
[0.00708835]
[0.0070869]
[0.00707602]
[0.00709233]
[0.0070856]
[0.00710834]
[0.00709006]
[0.00708686]
[0.00708935]
[0.00708715]
[0.00708569]
[0.00708831]
[0.00708432]
[0.00710919]
[0.00708926]
[0.00710398]
[0.00709019]
[0.0070879]
[0.00708976]
[0.0070863]
[0.00708664]
[0.00709188]
[0.00708696]
[0.00708977]
[0.00708592]
[0.00707246]
[0.00708639]
[0.00708707]
[0.00709132]
[0.00707948]
[0.00708831]
[0.00710406]
[0.00709138]
[0.00708518]
[0.00709638]
[0.00710428]
[0.00708725]
[0.0070931]
[0.00708286]
[0.00708642]
[0.00708409]
[0.00709151]
[0.00708981]
[0.00708625]
[0.00709048]
[0.00709414]
[0.00708653]
[0.00708193]
[0.00708789]
[0.00708612]
[0.00709834]
[0.00709104]
[0.00710454]
[0.0070904]
[0.00708919]
[0.00708675]
[0.00708773]
[0.0070893]
[0.00708458]
[0.00708559]
[0.00708362]
[0.00708295]
[0.0070899]
[0.00708678]
[0.00708614]
[0.00709251]
[0.00708621]
[0.00710835]
[0.0071044]
[0.00709016]
[0.0070806]
[0.00709042]
[0.00708919]
[0.00708308]
[0.00708305]
[0.00708923]
[0.0070826]
[0.00708635]
[0.00708698]
[0.00708955]
[0.00708663]
[0.00708696]
[0.00708771]
[0.00708599]
[0.00709232]
[0.00709186]
[0.00709045]
[0.00708752]
[0.00708899]
[0.00708667]
[0.0070836]
[0.00708992]
[0.00708903]
[0.00708675]
[0.0071062]
[0.00708514]
[0.00708443]
[0.00708523]
[0.00708638]
[0.00708845]
[0.00708802]
[0.00708501]
[0.00708606]
[0.00708639]
[0.00708578]
[0.00708352]
[0.00708365]
[0.00709168]
[0.00708945]
[0.00710326]
[0.0070933]
[0.00708642]
[0.00710559]
[0.00710446]
[0.00708836]
[0.00708438]
[0.00708962]
[0.00708643]
[0.00708925]
[0.00708757]
[0.00708653]
[0.00708898]
[0.00709413]
[0.0070889]
[0.00708517]
[0.00708898]
[0.00708306]
[0.00708471]
[0.00708761]
[0.0070842]
[0.00708594]
[0.00709197]
[0.00708519]
[0.00708369]
[0.00708977]
[0.00708772]
[0.00708576]
[0.00708651]
[0.00709286]
[0.00708883]
[0.0070891]
[0.00708357]
[0.00708588]
[0.00708543]
[0.00708185]
[0.00708559]
[0.00708874]
[0.00709076]
[0.00709258]
[0.00708741]
[0.00709298]
[0.00708683]
[0.00710583]
[0.00708494]
[0.00709038]
[0.00708703]
[0.00709083]
[0.00708709]
[0.00708771]
[0.00709083]
[0.00708155]
[0.00708588]
[0.00708683]
[0.00708958]
[0.00708637]
[0.0070801]
[0.0070878]
[0.00708945]
[0.00709001]
[0.00708891]
[0.00708964]
[0.00708581]
[0.00708838]
[0.00709216]
[0.00708767]
[0.0070906]
[0.00709168]
[0.00708926]
[0.00708759]
[0.00708509]
[0.00708713]
[0.00709068]
[0.00708556]
[0.00708885]
[0.00707968]
[0.0070825]
[0.00708846]
[0.00708669]
[0.00708819]
[0.00709042]
[0.0070846]
[0.00708571]
[0.00709041]
[0.00708871]
[0.00708519]
[0.00708971]
[0.00708453]
[0.00708825]
[0.0070906]
[0.00709052]
[0.00708857]
[0.00708818]
[0.00708767]
[0.00708934]
[0.00708266]
[0.00708566]
[0.00709166]
[0.00709149]
[0.00708753]
[0.00708939]
[0.00708255]
[0.00708918]
[0.00709007]
[0.00709292]
[0.0070885]
[0.00708012]
[0.00708702]
[0.00708264]
[0.00708992]
[0.00710726]
[0.00709047]
[0.00708617]
[0.00708811]
[0.00709133]
[0.00708813]
[0.00708654]
[0.0071044]
[0.00708875]
[0.00709004]
[0.00708837]
[0.00708832]
[0.00708741]
[0.00708609]
[0.00707947]
[0.00709004]
[0.00708739]
[0.00708367]
[0.00708301]
[0.00708907]
[0.00708983]
[0.00708741]
[0.00708604]
[0.00710586]
[0.00708705]
[0.00708276]
[0.00708355]
[0.00708969]
[0.00707367]
[0.00708223]
[0.00708866]
[0.00708847]
[0.00708781]
[0.00708445]
[0.00709121]
[0.00708958]
[0.00709117]
[0.0070895]
[0.00708985]
[0.00708925]
[0.00709109]
[0.00708437]
[0.00708937]
[0.00709317]
[0.00708426]
[0.00708181]
[0.00708679]
[0.00709061]
[0.00710181]
[0.00708358]
[0.00709115]
[0.00709068]
[0.00708572]
[0.00708502]
[0.00708411]
[0.00710512]
[0.00707799]
[0.0071064]
[0.00708278]
[0.00708844]
[0.0070876]
[0.00708705]
[0.00708144]
[0.00708617]
[0.00708751]
[0.00708353]
[0.00709047]
[0.007088]
[0.00708598]
[0.00709053]
[0.00708364]
[0.00708679]
[0.00709058]
[0.007085]
[0.00708299]
[0.00708462]
[0.00708639]
[0.00708597]
[0.00708473]
[0.00709005]
[0.00708013]
[0.00708296]
[0.00709109]
[0.00708637]
[0.00709361]
[0.00708573]
[0.00708679]
[0.00708605]
[0.00708463]
[0.0070882]
[0.00708569]
[0.00708527]
[0.00709049]
[0.00708765]
[0.00708354]
[0.00709055]
[0.00708342]
[0.00708833]
[0.00708873]
[0.00708837]
[0.00708647]
[0.00708051]
[0.00710657]
[0.00708836]
[0.00709008]
[0.00708531]
[0.00708759]
[0.00709044]
[0.00708565]
[0.00708469]
[0.00708565]
[0.00708929]
[0.00708814]
[0.00708803]
[0.0070863]
[0.00708843]
[0.0070816]
[0.00709597]
[0.00709085]
[0.00708705]
[0.00708625]
[0.0070881]
[0.00709123]
[0.00709565]
[0.00708647]
[0.00710634]
[0.00708795]
[0.00708544]
[0.00708871]
[0.00708695]
[0.00708475]
[0.00708908]
[0.00708956]
[0.00708593]
[0.00708925]
[0.00708089]
[0.00708886]
[0.00708585]
[0.00708794]
[0.00708611]
[0.00710273]
[0.00708796]
[0.00708493]
[0.00709002]
[0.00708313]
[0.007089]
[0.00708504]
[0.00708074]
[0.007085]
[0.00709112]
[0.00708627]
[0.0070841]
[0.00710543]
[0.00708364]
[0.00708907]
[0.00708483]
[0.00708202]
[0.00708927]
[0.00709342]
[0.00708506]
[0.00708951]
[0.00708711]
[0.00709102]
[0.00708445]
[0.00708084]
[0.00709425]
[0.00708881]
[0.00708592]
[0.00708272]
[0.00708744]
[0.00708245]
[0.00708682]
[0.00708606]
[0.00708495]
[0.00708786]
[0.00710777]
[0.00709129]
[0.00708473]
[0.00708485]
[0.00708699]
[0.00710526]
[0.00708829]
[0.00709119]
[0.00708456]
[0.0070896]
[0.00708594]
[0.00708392]
[0.00708592]
[0.00708814]
[0.00708855]
[0.00708724]
[0.00709182]
[0.00708851]
[0.0070836]
[0.007107]
[0.00709313]
[0.00708852]
[0.00708854]
[0.00708785]
[0.00709108]
[0.00708809]
[0.00709134]
[0.00709029]
[0.0071041]
[0.0070881]
[0.00708644]
[0.00708342]
[0.00708421]
[0.00708881]
[0.00708901]
[0.00708224]
[0.00708816]
[0.00708877]
[0.00708689]
[0.00710593]
[0.00708501]
[0.00709089]
[0.00708248]
[0.00708653]
[0.00710344]
[0.00710222]
[0.00708954]
[0.0070891]
[0.00709166]
[0.00709237]
[0.00708575]
[0.00708702]
[0.00709083]
[0.00708864]
[0.00708322]
[0.00708701]
[0.0070913]
[0.00708567]
[0.00710371]
[0.0070844]
[0.00708648]
[0.00708675]
[0.00708942]
[0.00708884]
[0.00709023]
[0.00708651]
[0.00708915]
[0.00708943]
[0.00708755]
[0.00709088]
[0.00708911]
[0.00709167]
[0.00708794]
[0.00708378]
[0.00708551]
[0.00708315]
[0.00708191]
[0.00708377]
[0.0070889]
[0.00708588]
[0.00708609]
[0.00709225]
[0.00708917]
[0.00708324]
[0.00708264]
[0.00710716]
[0.00709248]
[0.0070857]
[0.00709035]
[0.00708445]
[0.00708759]
[0.00709012]
[0.00708684]
[0.00709115]
[0.00710522]
[0.00708324]
[0.00708881]
[0.007091]
[0.00709233]
[0.00708855]
[0.0070895]
[0.00708671]
[0.00709029]
[0.00709]
[0.00708561]
[0.00708536]
[0.00708849]
[0.00708246]
[0.00710687]
[0.00708488]
[0.00708582]
[0.00708399]
[0.00709092]
[0.00708625]
[0.00710684]
[0.00708505]
[0.00708825]
[0.00708952]
[0.0070816]
[0.0070876]
[0.00709106]
[0.00708102]
[0.00708585]
[0.00709038]
[0.00708878]
[0.00708588]
[0.00708612]
[0.00708266]
[0.00708369]
[0.00708977]
[0.00708747]
[0.0070856]
[0.00708821]
[0.00708975]
[0.00707857]
[0.00708571]
[0.00709095]
[0.0070827]
[0.00709012]
[0.00708603]
[0.00708741]
[0.00708133]
[0.00710545]
[0.00709302]
[0.00708629]
[0.00708392]
[0.00708649]
[0.00709596]
[0.00708419]
[0.00709091]
[0.00708125]
[0.00708193]
[0.00708655]
[0.00708863]
[0.00708321]
[0.00710547]
[0.00708574]
[0.00710864]
[0.00708718]
[0.00708702]
[0.00708482]
[0.00708434]
[0.00708822]
[0.00709342]
[0.00708818]
[0.00709401]
[0.00708684]
[0.00707971]
[0.00708539]
[0.00709654]
[0.00710531]
[0.0070932]
[0.00709404]
[0.0070902]
[0.00708543]
[0.00708456]
[0.00708691]
[0.00708555]
[0.00708682]
[0.00708846]
[0.00708656]
[0.00708984]
[0.00708381]
[0.00707749]
[0.00708484]
[0.00708716]
[0.00708411]
[0.00708826]
[0.00708599]
[0.0070794]
[0.00708946]
[0.00708381]
[0.0070838]
[0.00709082]
[0.00708744]
[0.00708746]
[0.00708607]
[0.00708763]
[0.00708857]
[0.00709163]
[0.00709061]
[0.00709071]
[0.00710561]
[0.00708784]
[0.0070873]
[0.00708464]
[0.00708665]
[0.00708069]
[0.0070861]
[0.00709073]
[0.00708406]
[0.00708547]
[0.00708552]
[0.00709288]
[0.00708646]
[0.00708073]
[0.00708768]
[0.00708559]
[0.00708616]
[0.00709097]
[0.00708685]
[0.00709207]
[0.00708786]
[0.00708804]
[0.00708451]
[0.00708819]
[0.00708819]
[0.00708875]
[0.00708084]
[0.00708143]
[0.0070892]
[0.00709008]
[0.00708422]
[0.00708848]
[0.00708346]
[0.00708716]
[0.00708503]
[0.00708886]
[0.00708729]
[0.0070892]
[0.00709076]
[0.00709056]
[0.00708377]
[0.00708614]
[0.00708741]
[0.0070882]
[0.00708327]
[0.00708348]
[0.00708521]
[0.00710587]
[0.00708484]
[0.00708714]
[0.00708399]
[0.0070676]
[0.00710372]
[0.00708592]
[0.00709114]
[0.0070884]
[0.00707968]
[0.0070807]
[0.00709145]
[0.00707669]
[0.00708826]
[0.00708201]
[0.00709107]
[0.00708103]
[0.00708786]
[0.00708873]
[0.00708588]
[0.00708559]
[0.0070907]
[0.00708299]
[0.00709011]
[0.00710479]
[0.00708687]
[0.00708605]
[0.0070853]
[0.00709032]
[0.00708903]
[0.00709194]
[0.00709015]
[0.0070837]
[0.00708541]
[0.00708543]
[0.00708574]
[0.00708787]
[0.00708858]
[0.00708587]
[0.007093]
[0.00707959]
[0.00708183]
[0.00708943]
[0.00709118]
[0.00708728]
[0.00708458]
[0.00708655]
[0.00709076]
[0.0070847]
[0.00708326]
[0.00708446]
[0.00707794]
[0.00708884]
[0.00709147]
[0.00710574]
[0.00708485]
[0.00708649]
[0.00708793]
[0.00708672]
[0.00709144]
[0.00708717]
[0.00709343]
[0.00708952]
[0.00709114]
[0.00708769]
[0.00709485]
[0.00708744]
[0.00708745]
[0.00708948]
[0.00708548]
[0.00708856]
[0.00708672]
[0.00708642]
[0.00707936]
[0.00708547]
[0.00707654]
[0.00708975]
[0.00708872]
[0.00708999]
[0.00708821]
[0.00708983]
[0.00708617]
[0.00708539]
[0.00708896]
[0.00708776]
[0.0071053]
[0.00708706]
[0.00708623]
[0.00708993]
[0.00708651]
[0.0070893]
[0.00708944]
[0.0070862]
[0.00708806]
[0.00708745]
[0.00708735]
[0.00708592]
[0.00708865]
[0.00708808]
[0.00708292]
[0.0070897]
[0.0070867]
[0.00710537]
[0.0070839]
[0.00708066]
[0.00708413]
[0.00708783]
[0.00708224]
[0.00708978]
[0.00708444]
[0.00709071]
[0.00709108]
[0.0070875]
[0.00708735]
[0.00708756]
[0.00709139]
[0.00708561]
[0.00708957]
[0.00708536]
[0.00708917]
[0.00708647]
[0.00708675]
[0.00708684]
[0.00709139]
[0.00709196]
[0.00708577]
[0.00709067]
[0.00708512]
[0.00708978]
[0.00708434]
[0.00708533]
[0.00708751]
[0.00708524]
[0.00708528]
[0.007088]
[0.00708965]
[0.00708835]
[0.00709138]
[0.00708446]
[0.00710359]
[0.00708963]
[0.00708758]
[0.0070888]
[0.0070866]
[0.00708424]
[0.00708888]
[0.00708648]
[0.00708873]
[0.00709211]
[0.00708946]
[0.00708552]
[0.00708531]
[0.00708957]
[0.00709155]
[0.00708891]
[0.00709295]
[0.00708753]
[0.00709091]
[0.007087]
[0.00708484]
[0.00709127]
[0.00709056]
[0.00708593]
[0.00708522]
[0.00709576]
[0.00707873]
[0.00708808]
[0.00708366]
[0.00708807]
[0.00708704]
[0.00710316]
[0.00708784]
[0.0070846]
[0.00708282]
[0.00708611]
[0.00708507]
[0.00708512]
[0.00708699]
[0.00708994]
[0.00709333]
[0.00708518]
[0.00709053]
[0.00708388]
[0.007083]
[0.007089]
[0.00708649]
[0.00709406]
[0.00708957]
[0.00709025]
[0.00708913]
[0.0070865]
[0.00708895]
[0.00709308]
[0.00709203]
[0.00708494]
[0.00708682]
[0.00708371]
[0.00708975]
[0.00708499]
[0.00708419]
[0.00708612]
[0.00709129]
[0.00708748]
[0.00708952]
[0.00710401]
[0.00708965]
[0.00708549]
[0.00708928]
[0.00708719]
[0.00708892]
[0.00708562]
[0.00708711]
[0.00709624]
[0.00709213]
[0.00708723]
[0.00708578]
[0.00710336]
[0.00709369]
[0.00709248]
[0.00708623]
[0.00708534]
[0.00709341]
[0.00708778]
[0.00708916]
[0.00708212]
[0.0070895]
[0.00708728]
[0.00709094]
[0.00709052]
[0.00709121]
[0.00708825]
[0.00708909]
[0.00709327]
[0.00708692]
[0.00708914]
[0.00709097]
[0.00709096]
[0.007086]
[0.00709226]
[0.00709016]
[0.00708533]
[0.00710167]
[0.0070882]
[0.0070926]
[0.00708734]
[0.00709002]
[0.00708938]
[0.00708446]
[0.00708615]
[0.00709092]
[0.00708602]
[0.00708524]
[0.00709123]
[0.00708804]
[0.00708945]
[0.00708473]
[0.00708709]
[0.00708994]
[0.00708669]
[0.0070833]
[0.00708935]
[0.00708682]
[0.0070868]
[0.00708689]
[0.00709323]
[0.00709225]
[0.00708816]
[0.00708365]
[0.00708832]
[0.00710482]
[0.00708624]
[0.00709026]
[0.00708961]
[0.00708767]
[0.00708728]
[0.00709139]
[0.00708769]
[0.00708974]
[0.00709025]
[0.00709099]
[0.00708875]
[0.00709165]
[0.00708834]
[0.00708998]
[0.00708787]
[0.00708234]
[0.00707473]
[0.00708354]
[0.00709007]
[0.00708857]
[0.00709022]
[0.0070902]
[0.00710395]
[0.00708342]
[0.00708726]
[0.00708547]
[0.0070883]
[0.00710525]
[0.00709004]
[0.00708566]
[0.00708563]
[0.00708414]
[0.00708532]
[0.00709184]
[0.00708738]
[0.00708867]
[0.0070853]
[0.00708833]
[0.00708451]
[0.00708135]
[0.00708661]
[0.00708348]
[0.00708618]
[0.00708999]
[0.00708506]
[0.00708913]
[0.00708896]
[0.00708536]
[0.00708831]
[0.00709184]
[0.00709036]
[0.00708302]
[0.00708365]
