[0.01345745]
[0.01344937]
[0.01344652]
[0.01345425]
[0.01345277]
[0.01346499]
[0.01345896]
[0.01344662]
[0.01345504]
[0.01345445]
[0.01347522]
[0.01345087]
[0.01345707]
[0.01345228]
[0.013453]
[0.01346571]
[0.01345868]
[0.01344821]
[0.01345509]
[0.01345231]
[0.01345121]
[0.01345629]
[0.01344975]
[0.01345212]
[0.01344905]
[0.01345308]
[0.01345819]
[0.01345632]
[0.01345341]
[0.01346059]
[0.01344235]
[0.013456]
[0.01345497]
[0.01344782]
[0.01346774]
[0.01345165]
[0.01346259]
[0.01344873]
[0.01345412]
[0.01344615]
[0.01345198]
[0.01344886]
[0.01345839]
[0.01345442]
[0.01345196]
[0.01345479]
[0.01345879]
[0.01345244]
[0.01345543]
[0.01345055]
[0.01344346]
[0.01344632]
[0.01344328]
[0.01346509]
[0.01345419]
[0.01345498]
[0.01346167]
[0.01345257]
[0.01346595]
[0.01346693]
[0.01343753]
[0.01344579]
[0.01345665]
[0.01346184]
[0.01346199]
[0.01345945]
[0.01344914]
[0.01344673]
[0.01345478]
[0.01345913]
[0.01345558]
[0.01345026]
[0.01344366]
[0.01345235]
[0.01344755]
[0.01344865]
[0.01345878]
[0.01345801]
[0.01343709]
[0.01345676]
[0.01345565]
[0.01346413]
[0.01344526]
[0.01346416]
[0.01344763]
[0.01345483]
[0.01345988]
[0.01345999]
[0.01346974]
[0.0134589]
[0.01345107]
[0.01344288]
[0.01344994]
[0.01345836]
[0.0134491]
[0.01345537]
[0.01344925]
[0.01345399]
[0.01345985]
[0.01345522]
[0.01344981]
[0.013463]
[0.01344889]
[0.01345846]
[0.01345036]
[0.01345183]
[0.01345021]
[0.01345325]
[0.0134482]
[0.0134522]
[0.01345802]
[0.01347101]
[0.01344838]
[0.01345145]
[0.01345333]
[0.01345436]
[0.0134471]
[0.01345678]
[0.01345627]
[0.01345579]
[0.01345519]
[0.01345901]
[0.01346181]
[0.01344417]
[0.01345858]
[0.01346085]
[0.01345731]
[0.0134608]
[0.01345603]
[0.01344524]
[0.01345677]
[0.01345905]
[0.01344399]
[0.01345279]
[0.01345378]
[0.01344952]
[0.01343758]
[0.01345006]
[0.01344889]
[0.01343516]
[0.01346033]
[0.0134538]
[0.01345275]
[0.01344943]
[0.01345369]
[0.01345575]
[0.01344979]
[0.0134602]
[0.01345653]
[0.01345565]
[0.01346556]
[0.01345709]
[0.01345706]
[0.01346744]
[0.01344133]
[0.01345883]
[0.01347037]
[0.01346021]
[0.01345305]
[0.01344907]
[0.01345444]
[0.01344738]
[0.01346158]
[0.01346107]
[0.01345089]
[0.01345283]
[0.01345415]
[0.01345846]
[0.01344867]
[0.01345143]
[0.01345115]
[0.01346363]
[0.0134569]
[0.01346268]
[0.01345905]
[0.01346254]
[0.01347083]
[0.01345174]
[0.01345541]
[0.0134574]
[0.01345776]
[0.01345094]
[0.01346064]
[0.01345551]
[0.01345916]
[0.0134558]
[0.01345217]
[0.01345313]
[0.01345616]
[0.01345822]
[0.01345563]
[0.01345535]
[0.01344175]
[0.0134568]
[0.01346515]
[0.0134544]
[0.01345436]
[0.01345934]
[0.0134566]
[0.01344823]
[0.01345635]
[0.01343512]
[0.01345047]
[0.01345733]
[0.01346519]
[0.01345571]
[0.01346102]
[0.01345736]
[0.01346315]
[0.01346143]
[0.01345952]
[0.01345171]
[0.01344922]
[0.01346178]
[0.01343148]
[0.01345076]
[0.01345723]
[0.01344129]
[0.01344249]
[0.0134494]
[0.0134534]
[0.01345785]
[0.01344641]
[0.01346215]
[0.0134469]
[0.01345849]
[0.01346111]
[0.01345564]
[0.01345873]
[0.01345574]
[0.01344698]
[0.01345328]
[0.01344773]
[0.01344839]
[0.01346115]
[0.01345452]
[0.01345565]
[0.01345019]
[0.01344578]
[0.01345085]
[0.01344929]
[0.01345952]
[0.01345734]
[0.01345957]
[0.01345213]
[0.01345734]
[0.01344881]
[0.01345447]
[0.01345664]
[0.01345239]
[0.01345615]
[0.01345928]
[0.01345844]
[0.013464]
[0.0134556]
[0.01345773]
[0.01345169]
[0.01345053]
[0.01345947]
[0.01345938]
[0.01346593]
[0.01345348]
[0.01346169]
[0.01345219]
[0.0134489]
[0.01344186]
[0.01344869]
[0.01345769]
[0.01345596]
[0.01344085]
[0.01346098]
[0.01345594]
[0.01345308]
[0.0134633]
[0.01345634]
[0.01345207]
[0.01345046]
[0.01345976]
[0.01346226]
[0.01345622]
[0.01345494]
[0.01345544]
[0.01346127]
[0.01344627]
[0.01345271]
[0.0134613]
[0.01345448]
[0.01345001]
[0.01345797]
[0.01346442]
[0.01345678]
[0.01345664]
[0.01345548]
[0.01344594]
[0.01345233]
[0.01344907]
[0.0134467]
[0.01344999]
[0.01344827]
[0.01345856]
[0.01345389]
[0.01346806]
[0.01345253]
[0.01345143]
[0.01345511]
[0.01346152]
[0.01345573]
[0.01344374]
[0.01346077]
[0.01344891]
[0.01345108]
[0.01344879]
[0.01345527]
[0.0134563]
[0.01345623]
[0.01345717]
[0.0134532]
[0.01347639]
[0.01344771]
[0.01346093]
[0.01345437]
[0.01345843]
[0.01345701]
[0.01346438]
[0.01346522]
[0.0134449]
[0.01346014]
[0.0134684]
[0.01345481]
[0.01345146]
[0.01345923]
[0.01345531]
[0.01344225]
[0.01346066]
[0.01344055]
[0.01345157]
[0.0134539]
[0.0134501]
[0.01345799]
[0.01345901]
[0.01345834]
[0.01345461]
[0.01346369]
[0.01344903]
[0.01344795]
[0.01345534]
[0.01346104]
[0.01345909]
[0.01345723]
[0.01344777]
[0.01345321]
[0.01345214]
[0.01344406]
[0.01347522]
[0.01343992]
[0.01345797]
[0.01345675]
[0.01346199]
[0.01345443]
[0.01344872]
[0.01345496]
[0.01345656]
[0.01345667]
[0.0134584]
[0.01346341]
[0.01345018]
[0.01345217]
[0.01344669]
[0.01346367]
[0.01345854]
[0.01345778]
[0.01345135]
[0.01344363]
[0.01345995]
[0.01343865]
[0.01345868]
[0.01345068]
[0.01344916]
[0.01344798]
[0.01345923]
[0.01345596]
[0.01345]
[0.01345726]
[0.01345541]
[0.01345442]
[0.0134568]
[0.01345604]
[0.01345408]
[0.01345854]
[0.01344721]
[0.01344654]
[0.01345702]
[0.0134517]
[0.01344619]
[0.01345286]
[0.01345316]
[0.01346368]
[0.01345298]
[0.01346448]
[0.01344832]
[0.01346407]
[0.01346714]
[0.01345303]
[0.01345706]
[0.01344784]
[0.01346267]
[0.01345781]
[0.01345517]
[0.01345401]
[0.01345363]
[0.01346414]
[0.01344726]
[0.01345829]
[0.01345134]
[0.01344996]
[0.01345202]
[0.01346109]
[0.01346032]
[0.01344579]
[0.01346119]
[0.01345071]
[0.01345563]
[0.01344971]
[0.01344928]
[0.01344682]
[0.01344029]
[0.01344986]
[0.01345159]
[0.01345568]
[0.01345647]
[0.01345605]
[0.01346205]
[0.01345262]
[0.01345882]
[0.01345293]
[0.01344838]
[0.01346534]
[0.01344859]
[0.01344883]
[0.01344983]
[0.01345535]
[0.01345165]
[0.01344499]
[0.01345855]
[0.01345052]
[0.01346376]
[0.01345197]
[0.01345496]
[0.01346018]
[0.01345526]
[0.01345693]
[0.0134558]
[0.01345302]
[0.01346135]
[0.01345867]
[0.01344671]
[0.01345447]
[0.01345811]
[0.01345497]
[0.01343546]
[0.01345982]
[0.01346701]
[0.01346227]
[0.01345745]
[0.01345942]
[0.01346326]
[0.01345016]
[0.01345036]
[0.01344657]
[0.01345146]
[0.0134536]
[0.01345464]
[0.01344833]
[0.01343863]
[0.01345408]
[0.01345077]
[0.0134464]
[0.01345235]
[0.01344763]
[0.01345663]
[0.0134567]
[0.01344875]
[0.01345051]
[0.01345554]
[0.0134558]
[0.01345298]
[0.01345051]
[0.01346192]
[0.01345337]
[0.01346696]
[0.01344961]
[0.01344967]
[0.01345409]
[0.01345743]
[0.01345614]
[0.01345576]
[0.01345268]
[0.01345621]
[0.01345539]
[0.01345288]
[0.01345054]
[0.0134485]
[0.01345341]
[0.01345335]
[0.01345443]
[0.01345874]
[0.01345381]
[0.01345488]
[0.01344265]
[0.01345005]
[0.01345369]
[0.01345345]
[0.01344715]
[0.01346203]
[0.01345726]
[0.01346433]
[0.01345232]
[0.01344962]
[0.01346002]
[0.01345781]
[0.01346498]
[0.01345131]
[0.01345909]
[0.01345342]
[0.01345475]
[0.01345315]
[0.0134517]
[0.01345837]
[0.01344151]
[0.0134562]
[0.01345578]
[0.01345334]
[0.01345083]
[0.01344815]
[0.013441]
[0.01345652]
[0.01346022]
[0.0134563]
[0.01345313]
[0.01345977]
[0.01345332]
[0.01345131]
[0.01344993]
[0.0134615]
[0.01345235]
[0.01345272]
[0.01344867]
[0.01345511]
[0.0134539]
[0.0134468]
[0.01345053]
[0.0134465]
[0.01345209]
[0.013449]
[0.01345703]
[0.01346572]
[0.01344949]
[0.01343984]
[0.01343626]
[0.01346049]
[0.0134629]
[0.01345708]
[0.01345367]
[0.01344877]
[0.01345169]
[0.0134645]
[0.01345221]
[0.01345802]
[0.01345383]
[0.01344748]
[0.01345263]
[0.0134586]
[0.01345397]
[0.01345395]
[0.01345155]
[0.01344992]
[0.01345504]
[0.01345773]
[0.01345642]
[0.01345543]
[0.0134419]
[0.01345706]
[0.01346845]
[0.01345543]
[0.01345032]
[0.01345831]
[0.01345305]
[0.01345308]
[0.01345442]
[0.0134512]
[0.01344622]
[0.01344875]
[0.01345549]
[0.01345012]
[0.0134592]
[0.0134705]
[0.01345484]
[0.01345251]
[0.01345878]
[0.01346825]
[0.01344795]
[0.01345113]
[0.01345694]
[0.01345614]
[0.01346058]
[0.01345543]
[0.01346102]
[0.01346689]
[0.01345095]
[0.01344318]
[0.01345358]
[0.01344894]
[0.01345786]
[0.01345846]
[0.01346245]
[0.01345925]
[0.0134594]
[0.01345014]
[0.01345329]
[0.01345075]
[0.01346433]
[0.01344931]
[0.01345654]
[0.01344783]
[0.01345928]
[0.0134597]
[0.0134605]
[0.01345322]
[0.0134595]
[0.01344792]
[0.01345197]
[0.01345824]
[0.01346856]
[0.01346962]
[0.01345073]
[0.01345405]
[0.0134541]
[0.01347307]
[0.01344709]
[0.01344804]
[0.01344054]
[0.01345726]
[0.01344821]
[0.01345099]
[0.01345821]
[0.01345263]
[0.01345764]
[0.01344883]
[0.01344958]
[0.01347103]
[0.01347475]
[0.01344708]
[0.01346153]
[0.0134594]
[0.01345009]
[0.01345684]
[0.01345041]
[0.01346278]
[0.01344791]
[0.01346003]
[0.0134494]
[0.01345417]
[0.01345358]
[0.01346129]
[0.0134424]
[0.01345324]
[0.01345609]
[0.01345586]
[0.01344346]
[0.01346278]
[0.01345161]
[0.01346615]
[0.01345364]
[0.01345476]
[0.01345658]
[0.01345958]
[0.01345279]
[0.01345401]
[0.01344693]
[0.01345292]
[0.01345629]
[0.01345216]
[0.0134437]
[0.01345594]
[0.01344798]
[0.01346755]
[0.01344131]
[0.01344461]
[0.01346058]
[0.01346412]
[0.01344576]
[0.01343472]
[0.01346243]
[0.01345379]
[0.01345435]
[0.01345497]
[0.01345269]
[0.0134472]
[0.01345066]
[0.01346438]
[0.01345029]
[0.01345471]
[0.01344944]
[0.01346815]
[0.01346353]
[0.01345095]
[0.01345268]
[0.01346094]
[0.01344664]
[0.01344533]
[0.01345104]
[0.0134543]
[0.01345962]
[0.01345653]
[0.01345703]
[0.01345499]
[0.01345076]
[0.01345083]
[0.01345183]
[0.0134614]
[0.01345218]
[0.01344894]
[0.01344953]
[0.01345668]
[0.01346771]
[0.01344907]
[0.01344364]
[0.01344855]
[0.01345591]
[0.01345304]
[0.01345733]
[0.01345878]
[0.01345312]
[0.01345249]
[0.01345054]
[0.01345861]
[0.01344689]
[0.01346064]
[0.01344839]
[0.01345388]
[0.01344887]
[0.01345817]
[0.01344602]
[0.01345204]
[0.01344807]
[0.01345125]
[0.01344796]
[0.01346192]
[0.01347364]
[0.01345658]
[0.01345607]
[0.01345714]
[0.01344613]
[0.0134504]
[0.01345158]
[0.01345088]
[0.01345531]
[0.0134761]
[0.01345489]
[0.0134513]
[0.01344819]
[0.01346596]
[0.01345372]
[0.01344618]
[0.01344744]
[0.01345706]
[0.01344808]
[0.01344665]
[0.01345762]
[0.01345773]
[0.01345111]
[0.01344611]
[0.01345667]
[0.013457]
[0.01345358]
[0.01346277]
[0.01345047]
[0.01345725]
[0.01346291]
[0.01345133]
[0.0134558]
[0.01346348]
[0.01346683]
[0.01347062]
[0.01344859]
[0.01345737]
[0.01345826]
[0.01345344]
[0.01345132]
[0.0134547]
[0.01344231]
[0.01344257]
[0.01344633]
[0.01345961]
[0.01345229]
[0.01345901]
[0.01343927]
[0.01345721]
[0.01345179]
[0.01345956]
[0.01344886]
[0.01345247]
[0.01344523]
[0.01345658]
[0.01345361]
[0.01344707]
[0.01345875]
[0.0134474]
[0.01344908]
[0.0134597]
[0.0134596]
[0.01345653]
[0.01345863]
[0.01345331]
[0.0134555]
[0.0134606]
[0.01345051]
[0.01346095]
[0.0134529]
[0.01346348]
[0.01346174]
[0.01345892]
[0.01345102]
[0.01345011]
[0.01344993]
[0.01345587]
[0.01346149]
[0.01345621]
[0.01345096]
[0.01345546]
[0.01344678]
[0.01344604]
[0.01344106]
[0.01345345]
[0.01345326]
[0.0134498]
[0.01345022]
[0.01345298]
[0.01345464]
[0.01346818]
[0.01345427]
[0.01344688]
[0.01345512]
[0.01345241]
[0.01347483]
[0.01346148]
[0.01345297]
[0.01344796]
[0.01346206]
[0.01345903]
[0.01345372]
[0.01345801]
[0.01345297]
[0.01345263]
[0.01345468]
[0.01346223]
[0.01344324]
[0.01345826]
[0.01346624]
[0.01346716]
[0.01345447]
[0.01347021]
[0.01344949]
[0.01345067]
[0.01345297]
[0.0134613]
[0.01345733]
[0.01345549]
[0.01344266]
[0.01344339]
[0.0134614]
[0.01345871]
[0.01345401]
[0.01343503]
[0.01345355]
[0.0134488]
[0.01346106]
[0.01345672]
[0.01345587]
[0.01344714]
[0.01346397]
[0.01345448]
[0.01342164]
[0.01344958]
[0.01345432]
[0.01345014]
[0.01345825]
[0.0134509]
[0.01345634]
[0.01347092]
[0.01345894]
[0.01345573]
[0.01345871]
[0.01345806]
[0.01345989]
[0.01345323]
[0.01345381]
[0.01345772]
[0.01346091]
[0.01344824]
[0.01345037]
[0.01345889]
[0.01344286]
[0.01344785]
[0.0134543]
[0.01344859]
[0.01344905]
[0.01344642]
[0.01344564]
[0.01345039]
[0.01344635]
[0.01345618]
[0.01345495]
[0.01345196]
[0.01344518]
[0.01345285]
[0.01345844]
[0.01344803]
[0.01345475]
[0.01345712]
[0.01344831]
[0.01345906]
[0.01345252]
[0.01345767]
[0.01345171]
[0.01345619]
[0.01345933]
[0.01345595]
[0.01345286]
[0.01345162]
[0.01344573]
[0.01346639]
[0.01345348]
[0.01344888]
[0.013456]
[0.01345016]
[0.01345558]
[0.01344382]
[0.0134547]
[0.01345173]
[0.01345907]
[0.01345811]
[0.01346026]
[0.01345421]
[0.01346232]
[0.01345391]
[0.01345141]
[0.01344684]
[0.01344791]
[0.01346293]
[0.01344308]
[0.01347264]
[0.01344906]
[0.01346725]
[0.01345391]
[0.01344765]
[0.01345381]
[0.0134546]
[0.01345352]
[0.01346049]
[0.0134573]
[0.01345321]
[0.01345036]
[0.01345275]
[0.01345759]
[0.01345652]
[0.01346714]
[0.01344838]
[0.01345119]
[0.01345603]
[0.01345405]
[0.01344995]
[0.01346801]
[0.01345738]
[0.01345081]
[0.0134619]
[0.01345666]
[0.01345558]
[0.01345021]
[0.01345876]
[0.0134443]
[0.01345364]
[0.01346479]
[0.01345549]
[0.01345154]
[0.01345936]
[0.0134526]
[0.01345857]
[0.01344446]
[0.01345449]
[0.01345796]
[0.01344247]
[0.0134588]
[0.01345898]
[0.01345336]
[0.01346182]
[0.01346872]
[0.01345709]
[0.0134512]
[0.01344966]
[0.01345799]
[0.01344975]
[0.01345929]
[0.01346707]
[0.01345141]
[0.01345308]
[0.0134529]
[0.01344533]
[0.01345439]
[0.01344041]
[0.01345667]
[0.01344136]
[0.01345495]
[0.01345222]
[0.01345528]
[0.01345616]
[0.01345783]
[0.0134568]
[0.01344747]
[0.01345823]
[0.01344917]
[0.01345606]
[0.01345656]
[0.0134542]
[0.01344938]
[0.01345088]
[0.01344266]
[0.01346206]
[0.01344499]
[0.01346147]
[0.01345779]
[0.01344221]
[0.01345689]
[0.01345596]
[0.01345727]
[0.01345099]
[0.01346725]
[0.013454]
[0.01344462]
[0.01345392]
[0.01344881]
[0.01345469]
[0.01345035]
[0.01345076]
[0.01345429]
[0.01345923]
[0.01345999]
[0.01345993]
[0.01344846]
[0.01345734]
[0.01343849]
[0.01344312]
[0.01346456]
[0.01345213]
[0.01345677]
[0.01346139]
[0.01345266]
[0.01344638]
[0.01345352]
[0.01344723]
[0.01345196]
[0.01345664]
[0.01345198]
[0.0134553]
[0.01345859]
[0.01346486]
[0.01345526]
[0.01344799]
[0.01346141]
[0.01345694]
[0.01346261]
[0.01345645]
[0.01345245]
[0.01345597]
[0.0134455]
[0.01347329]
[0.01346451]
[0.01345155]
[0.01344995]
[0.01347682]
[0.01345148]
[0.013455]
[0.01345541]
[0.01344829]
[0.01345596]
[0.01345612]
[0.01345271]
[0.01345673]
[0.01344926]
[0.0134589]
[0.01346235]
[0.01345134]
[0.01345849]
[0.01345262]
[0.01344245]
[0.01346288]
[0.01344909]
[0.01345793]
[0.01344419]
[0.01345392]
[0.01344511]
[0.01345969]
[0.01344529]
[0.01344293]
[0.01345075]
[0.01345599]
[0.01346711]
[0.01346213]
[0.01345817]
[0.01346242]
[0.01345855]
[0.01345241]
[0.01344849]
[0.01346526]
[0.013465]
[0.01346386]
[0.01345447]
[0.01345863]
[0.01346425]
[0.01345675]
[0.01344987]
[0.01345653]
[0.01344811]
[0.01344645]
[0.01344714]
[0.01346735]
[0.01344549]
[0.01346028]
[0.01345834]
[0.01346638]
[0.01345123]
[0.01345792]
[0.01345319]
[0.01346755]
[0.0134415]
[0.01345819]
[0.01345665]
[0.01344231]
[0.01344966]
[0.01345827]
[0.01344773]
[0.01345249]
[0.01344406]
[0.01345856]
[0.01344982]
[0.01346097]
[0.01345482]
[0.01345637]
[0.01345448]
[0.01344697]
[0.01345639]
[0.01345666]
[0.01345132]
[0.01345212]
[0.01345518]
[0.01345676]
[0.0134522]
[0.01344856]
[0.01345239]
[0.0134483]
[0.01347454]
[0.01345247]
[0.0134664]
[0.01344773]
[0.01344654]
[0.01344535]
[0.01343486]
[0.01345308]
[0.01346613]
[0.01344308]
[0.01345716]
[0.0134484]
[0.01346101]
[0.01346775]
[0.01345536]
[0.01345235]
[0.01346827]
[0.0134516]
[0.01345544]
[0.0134521]
[0.01345423]
[0.01346237]
[0.01345456]
[0.0134552]
[0.0134561]
[0.01345021]
[0.01346108]
[0.01344865]
[0.01345589]
[0.01345552]
[0.01345682]
[0.01345198]
[0.01345572]
[0.01344072]
[0.01344735]
[0.01344909]
[0.01345222]
[0.01345595]
[0.01344315]
[0.01344962]
[0.01345256]
[0.013453]
[0.01345317]
[0.01344943]
[0.01346168]
[0.0134514]
[0.01346125]
[0.01345235]
[0.01345322]
[0.01344393]
[0.01345934]
[0.01344534]
[0.0134393]
[0.01344969]
[0.01344455]
[0.01344984]
[0.01345249]
[0.01345232]
[0.01345703]
[0.01345698]
[0.0134473]
[0.01345136]
[0.01346154]
[0.01345666]
[0.0134517]
[0.01344721]
[0.01345431]
[0.01346059]
[0.01345726]
[0.01345639]
[0.01345638]
[0.01345666]
[0.01344914]
[0.01345026]
[0.01345364]
[0.01344922]
[0.01345186]
[0.01345002]
[0.01345274]
[0.01345752]
[0.01346044]
[0.01344822]
[0.01344353]
[0.01346293]
[0.01345307]
[0.01346404]
[0.01345018]
[0.01345548]
[0.01345605]
[0.01345203]
[0.01345072]
[0.01346655]
[0.01345302]
[0.01346779]
[0.01345504]
[0.01347143]
[0.01343808]
[0.01345487]
[0.01345429]
[0.0134629]
[0.01345104]
[0.01345597]
[0.0134737]
[0.01345232]
[0.01344667]
[0.01344645]
[0.01346063]
[0.01345126]
[0.01346469]
[0.01344673]
[0.01345754]
[0.01344159]
[0.01345211]
[0.01344371]
[0.01346033]
[0.01344853]
[0.01345234]
[0.01345386]
[0.01345923]
[0.0134506]
[0.01344633]
[0.01345489]
[0.01345592]
[0.01345463]
[0.01346323]
[0.01346261]
[0.01345923]
[0.01344721]
[0.01346135]
[0.01345655]
[0.01345538]
[0.01344495]
[0.01345205]
[0.0134553]
[0.01345002]
[0.01345532]
[0.01345853]
[0.01345221]
[0.01345166]
[0.01345643]
[0.01345207]
[0.0134508]
[0.01345734]
[0.01345443]
[0.0134519]
[0.01345575]
[0.01346055]
[0.01346808]
[0.01346032]
[0.01345337]
[0.01346595]
[0.01346151]
[0.0134519]
[0.01345227]
[0.01344874]
[0.01345927]
[0.01345216]
[0.01344798]
[0.01344839]
[0.01345124]
[0.0134463]
[0.01345646]
[0.01344616]
[0.01346003]
[0.01346163]
[0.01347155]
[0.01344047]
[0.01346012]
[0.01345036]
[0.01345285]
[0.01345428]
[0.01344203]
[0.01344779]
[0.01345285]
[0.01345231]
[0.01345981]
[0.01345505]
[0.01344812]
[0.0134632]
[0.01346335]
[0.01345379]
[0.01345306]
[0.01346618]
[0.01345246]
[0.01345117]
[0.01345765]
[0.01345187]
[0.01344627]
[0.01344931]
[0.01344004]
[0.01345284]
[0.0134544]
[0.01345783]
[0.01346519]
[0.0134574]
[0.0134484]
[0.01346053]
[0.01346647]
[0.01343891]
[0.01345402]
[0.01345543]
[0.01345778]
[0.01345327]
[0.01344582]
[0.01345388]
[0.01345125]
[0.01347076]
[0.01346287]
[0.01345742]
[0.0134551]
[0.0134516]
[0.01345116]
[0.01345954]
[0.01345257]
[0.01346191]
[0.0134688]
[0.01345988]
[0.01344051]
[0.01344797]
[0.01345537]
[0.01346155]
[0.01345434]
[0.01344908]
[0.01345367]
[0.01345747]
[0.01345468]
[0.01345724]
[0.01345672]
[0.01345353]
[0.01345342]
[0.01345343]
[0.01345768]
[0.01346809]
[0.01346309]
[0.01344747]
[0.01344979]
[0.01345161]
[0.01345927]
[0.01345416]
[0.01345223]
[0.01346219]
[0.01344295]
[0.0134534]
[0.01344361]
[0.0134524]
[0.01344641]
[0.01345643]
[0.01344734]
[0.01345015]
[0.01343981]
[0.01345526]
[0.01344989]
[0.01347212]
[0.01346467]
[0.01345447]
[0.01345981]
[0.01343994]
[0.01345814]
[0.01345009]
[0.01345758]
[0.01345593]
[0.01345443]
[0.01346115]
[0.01346083]
[0.01346583]
[0.01342926]
[0.01346016]
[0.01345492]
[0.0134561]
[0.01345601]
[0.01345738]
[0.01345922]
[0.01345263]
[0.01345387]
[0.01344965]
[0.0134555]
[0.01344993]
[0.01344936]
[0.01345697]
[0.01345477]
[0.01345675]
[0.01346344]
[0.01345716]
[0.01344758]
[0.0134432]
[0.0134645]
[0.013455]
[0.01345858]
[0.01345327]
[0.01345076]
[0.01343876]
[0.01345733]
[0.01345805]
[0.01345592]
[0.01345952]
[0.01344236]
[0.01343948]
[0.01345573]
[0.01345292]
[0.01345058]
[0.01345225]
[0.01345761]
[0.01345794]
[0.01346045]
[0.01344629]
[0.01344904]
[0.01344522]
[0.01346471]
[0.01346132]
[0.01345379]
[0.01345772]
[0.01345477]
[0.01344925]
[0.01345289]
[0.01344441]
[0.01345378]
[0.01345332]
[0.01345284]
[0.01345819]
[0.01344193]
[0.01344511]
[0.01345532]
[0.01345447]
[0.01345389]
[0.01345964]
[0.01344826]
[0.01345654]
[0.01346017]
[0.01345115]
[0.01345815]
[0.01344977]
[0.01345363]
[0.01345241]
[0.01343908]
[0.01345394]
[0.01345935]
[0.01344489]
[0.01345275]
[0.01345265]
[0.01344394]
[0.0134609]
[0.01346351]
[0.01346551]
[0.01345399]
[0.01345086]
[0.01346682]
[0.01345029]
[0.01344833]
[0.01344589]
[0.01345705]
[0.01346414]
[0.01344555]
[0.01345088]
[0.01345219]
[0.01345327]
[0.01346907]
[0.01345298]
[0.01346383]
[0.01345117]
[0.01345801]
[0.01345349]
[0.01344909]
[0.01345388]
[0.01345902]
[0.01345113]
[0.01344713]
[0.01345157]
[0.01345708]
[0.01346367]
[0.01344766]
[0.01345893]
[0.01345154]
[0.01344754]
[0.01344665]
[0.01344993]
[0.01345865]
[0.01345287]
[0.01345087]
[0.01344462]
[0.01346004]
[0.01345171]
[0.01345662]
[0.01345299]
[0.01345257]
[0.01345322]
[0.01345901]
[0.0134601]
[0.01344381]
[0.01346176]
[0.01346269]
[0.01345096]
[0.01344371]
[0.01345241]
[0.01346098]
[0.01344396]
[0.01346154]
[0.01345954]
[0.01345409]
[0.01346338]
[0.01346214]
[0.01346003]
[0.01345047]
[0.01345037]
[0.01345511]
[0.01346109]
[0.01346046]
[0.01345362]
[0.01345428]
[0.01344511]
[0.01346391]
[0.01346052]
[0.01345432]
[0.01345332]
[0.01345339]
[0.01344881]
[0.01344949]
[0.01345287]
[0.01345236]
[0.01345812]
[0.01345556]
[0.01345047]
[0.01346726]
[0.01344977]
[0.01344965]
[0.01346514]
[0.01347458]
[0.01345523]
[0.01345575]
[0.01345093]
[0.01346063]
[0.01345454]
[0.01345607]
[0.01345417]
[0.01345534]
[0.01345328]
[0.01346384]
[0.01346202]
[0.01344597]
[0.01345856]
[0.01345194]
[0.01345422]
[0.01344696]
[0.0134524]
[0.01345956]
[0.01345275]
[0.01344445]
[0.01345424]
[0.01346385]
[0.01344827]
[0.0134508]
[0.01345496]
[0.01346304]
[0.01344421]
[0.01345064]
[0.01345028]
[0.01345298]
[0.01345559]
[0.01346252]
[0.01345039]
[0.01344701]
[0.01345082]
[0.01345394]
[0.01345573]
[0.01345233]
[0.01345398]
[0.01344799]
[0.01346112]
[0.01345285]
[0.01345068]
[0.01345254]
[0.01345534]
[0.01345529]
[0.01344583]
[0.01345498]
[0.01344762]
[0.01345421]
[0.01344406]
[0.01346362]
[0.01344633]
[0.01344627]
[0.01344757]
[0.01345419]
[0.01345291]
[0.01344974]
[0.01344578]
[0.01345147]
[0.01345303]
[0.01344943]
[0.01345303]
[0.01345624]
[0.01345324]
[0.01345753]
[0.01345225]
[0.01345899]
[0.01346247]
[0.01345615]
[0.01345672]
[0.01344828]
[0.0134599]
[0.01345385]
[0.0134562]
[0.0134579]
[0.01345031]
[0.01345354]
[0.01345954]
[0.01344352]
[0.01346264]
[0.01345065]
[0.0134579]
[0.01345749]
[0.01345203]
[0.0134471]
[0.01345303]
[0.01345463]
[0.0134459]
[0.01346316]
[0.01344385]
[0.01345263]
[0.01346722]
[0.01345012]
[0.0134533]
[0.01344884]
[0.01345696]
[0.01345851]
[0.01345729]
[0.01346568]
[0.01346623]
[0.01344464]
[0.01345855]
[0.01345562]
[0.01345643]
[0.01345798]
[0.01345285]
[0.0134515]
[0.01345547]
[0.01344509]
[0.0134632]
[0.01345089]
[0.01345577]
[0.01346288]
[0.01345303]
[0.01345649]
[0.01345067]
[0.01345493]
[0.0134542]
[0.01345791]
[0.01346082]
[0.01345269]
[0.01345507]
[0.01345184]
[0.01345422]
[0.01345268]
[0.0134582]
[0.01346251]
[0.01347434]
[0.01345456]
[0.01345421]
[0.0134521]
[0.01344673]
[0.01345979]
[0.01345609]
[0.01344933]
[0.01346379]
[0.01344779]
[0.01345273]
[0.01344907]
[0.01344826]
[0.01344532]
[0.01343687]
[0.01345825]
[0.01345425]
[0.01344961]
[0.01344477]
[0.01346387]
[0.01345701]
[0.01345842]
[0.01345813]
[0.01346482]
[0.01345199]
[0.01344233]
[0.01345359]
[0.01346974]
[0.01345652]
[0.01346088]
[0.01345981]
[0.0134487]
[0.01345592]
[0.01344396]
[0.01345378]
[0.01345196]
[0.01346696]
[0.01345174]
[0.01344368]
[0.01345354]
[0.01344325]
[0.01345825]
[0.01345139]
[0.01345185]
[0.01344618]
[0.01345688]
[0.01345782]
[0.01345193]
[0.01345678]
[0.01344715]
[0.01345307]
[0.01347167]
[0.01345049]
[0.01345393]
[0.01346046]
[0.01345165]
[0.01345519]
[0.01345522]
[0.01345318]
[0.01344694]
[0.01345209]
[0.01344995]
[0.01345571]
[0.0134491]
[0.01344778]
[0.01345114]
[0.01345718]
[0.01345802]
[0.01345327]
[0.0134517]
[0.01345511]
[0.01346187]
[0.01345755]
[0.01345036]
[0.01345985]
[0.01344996]
[0.01345389]
[0.01344628]
[0.01345484]
[0.01346304]
[0.01345383]
[0.01345612]
[0.01344385]
[0.01344913]
[0.01344131]
[0.01346163]
[0.01344994]
[0.01344639]
[0.01346482]
[0.0134526]
[0.01344025]
[0.01344786]
[0.01345497]
[0.01345111]
[0.01346695]
[0.01345463]
[0.0134446]
[0.01346341]
[0.01346608]
[0.01345976]
[0.01344854]
[0.01345501]
[0.01345304]
[0.01345894]
[0.01346044]
[0.01345484]
[0.0134469]
[0.01346086]
[0.01344872]
[0.01345798]
[0.01345204]
[0.0134592]
[0.01345899]
[0.0134476]
[0.0134453]
[0.0134519]
[0.01344398]
[0.01345874]
[0.01346058]
[0.01346153]
[0.01346606]
[0.01345767]
[0.01346213]
[0.01345588]
[0.01346188]
[0.01344757]
[0.01345378]
[0.01345007]
[0.01345412]
[0.01346091]
[0.01345749]
[0.01344529]
[0.01345836]
[0.01345313]
[0.01345387]
[0.01345524]
[0.01345488]
[0.01345219]
[0.01345153]
[0.0134487]
[0.01345019]
[0.01345536]
[0.01347122]
[0.01345561]
[0.01345752]
[0.01345262]
[0.01345215]
[0.01344512]
[0.01346006]
[0.01344687]
[0.01344235]
[0.01345681]
[0.01345253]
[0.01345498]
[0.01345371]
[0.01345744]
[0.01346224]
[0.01345012]
[0.01345704]
[0.01345184]
[0.01346189]
[0.01345226]
[0.0134485]
[0.01345837]
[0.01345345]
[0.01346343]
[0.01345232]
[0.01345364]
[0.01344892]
[0.01345198]
[0.01345778]
[0.01346359]
[0.0134464]
[0.01345127]
[0.01345063]
[0.01344737]
[0.01344969]
[0.01345338]
[0.01345445]
[0.01345115]
[0.01345446]
[0.01344263]
[0.01344538]
[0.01344639]
[0.0134496]
[0.0134704]
[0.01346083]
[0.01344871]
[0.01345089]
[0.01344705]
[0.01345241]
[0.01345228]
[0.01345142]
[0.01345216]
[0.01345151]
[0.01345762]
[0.01345409]
[0.01345654]
[0.01345424]
[0.0134515]
[0.01344986]
[0.01345126]
[0.01345318]
[0.01345392]
[0.01345095]
[0.01345188]
[0.01345832]
[0.01347287]
[0.01345934]
[0.01345478]
[0.01345183]
[0.01345097]
[0.01345011]
[0.01345348]
[0.01346146]
[0.01345213]
[0.0134534]
[0.01344708]
[0.01346026]
[0.01347498]
[0.0134486]
[0.01345368]
[0.01345809]
[0.01345585]
[0.01345518]
[0.01344306]
[0.01345457]
[0.0134528]
[0.01345888]
[0.01345584]
[0.01345049]
[0.01343692]
[0.01345661]
[0.01345858]
[0.01346393]
[0.01344953]
[0.01344989]
[0.01345755]
[0.01345583]
[0.01345561]
[0.01345043]
[0.01346124]
[0.01345976]
[0.01345158]
[0.01346094]
[0.01345439]
[0.01346215]
[0.01346061]
[0.01345856]
[0.01345709]
[0.01346232]
[0.01343854]
[0.01345179]
[0.01344776]
[0.01345897]
[0.01345336]
[0.01345905]
[0.01345641]
[0.0134491]
[0.01344982]
[0.01344574]
[0.01346525]
[0.01345779]
[0.01344554]
[0.01345229]
[0.01344951]
[0.0134499]
[0.01344287]
[0.01345023]
[0.01345693]
[0.01345735]
[0.0134625]
[0.01345272]
[0.01345007]
[0.01345528]
[0.01345203]
[0.01345707]
[0.0134631]
[0.01345029]
[0.01345828]
[0.01345207]
[0.01345003]
[0.01345669]
[0.01345337]
[0.01345659]
[0.01344663]
[0.01345482]
[0.01346574]
[0.01345007]
[0.0134528]
[0.01345926]
[0.01345643]
[0.01345289]
[0.01345528]
[0.01344896]
[0.01344822]
[0.01345143]
[0.01345589]
[0.01345854]
[0.01345303]
[0.01346963]
[0.01345976]
[0.01345714]
[0.01345633]
[0.0134543]
[0.0134553]
[0.01345209]
[0.01345747]
[0.01345523]
[0.01345073]
[0.01345553]
[0.01346241]
[0.01344923]
[0.01345968]
[0.01344762]
[0.01346031]
[0.01346713]
[0.01345777]
[0.0134497]
[0.01345458]
[0.01345867]
[0.01345587]
[0.01346031]
[0.01345729]
[0.01345911]
[0.01344804]
[0.01345416]
[0.01345607]
[0.01345469]
[0.01344947]
[0.01345167]
[0.01345566]
[0.01345275]
[0.01346019]
[0.01344211]
[0.01345761]
[0.01347172]
[0.01344895]
[0.01345377]
[0.01343843]
[0.01344987]
[0.01344945]
[0.01345887]
[0.01346108]
[0.01345157]
[0.01345102]
[0.01344951]
[0.01346503]
[0.01345861]
[0.01346143]
[0.01345632]
[0.0134575]
[0.01345034]
[0.01345078]
[0.0134558]
[0.01345833]
[0.01345848]
[0.0134535]
[0.01346009]
[0.01344886]
[0.01345715]
[0.01345987]
[0.01345688]
[0.01346727]
[0.01345904]
[0.01344794]
[0.01345357]
[0.01345664]
[0.01345691]
[0.01344769]
[0.01346114]
[0.01346496]
[0.01344518]
[0.01344407]
[0.01345877]
[0.01345321]
[0.01343111]
[0.01345516]
[0.01345526]
[0.013452]
[0.01345979]
[0.01345866]
[0.0134539]
[0.01344969]
[0.01345591]
[0.01345038]
[0.01345622]
[0.01345605]
[0.01345137]
[0.01345992]
[0.01346144]
[0.013458]
[0.01346325]
[0.01345169]
[0.01345283]
[0.01345496]
[0.01345296]
[0.01345435]
[0.01345655]
[0.01345645]
[0.01344763]
[0.0134497]
[0.01345083]
[0.01346349]
[0.01346363]
[0.01346244]
[0.01345209]
[0.01344586]
[0.01345107]
[0.01346397]
[0.01345755]
[0.01344597]
[0.01346049]
[0.01345159]
[0.01345482]
[0.01344831]
[0.0134388]
[0.01344839]
[0.01345479]
[0.01344853]
[0.01345155]
[0.01344962]
[0.01344558]
[0.01345295]
[0.01345356]
[0.01346087]
[0.01346139]
[0.01344736]
[0.01343861]
[0.01344983]
[0.01345393]
[0.01345241]
[0.01345336]
[0.01345403]
[0.01345625]
[0.01345995]
[0.01345611]
[0.01344709]
[0.01345449]
[0.01345397]
[0.01344874]
[0.01345097]
[0.01345291]
[0.01345695]
[0.01345826]
[0.0134515]
[0.01345384]
[0.01345538]
[0.01345367]
[0.01345768]
[0.01346383]
[0.01344351]
[0.01345334]
[0.0134566]
[0.01345139]
[0.01345478]
[0.01345566]
[0.0134553]
[0.01344691]
[0.01345929]
[0.01345199]
[0.01346084]
[0.01345709]
[0.01344975]
[0.01346037]
[0.01344839]
[0.01344544]
[0.01344906]
[0.01345391]
[0.01346162]
[0.01345201]
[0.01345426]
[0.01345386]
[0.01345677]
[0.01345184]
[0.01345748]
[0.01345711]
[0.01345666]
[0.01343892]
[0.01346105]
[0.01343692]
[0.01344786]
[0.01344298]
[0.01345623]
[0.01345441]
[0.01345413]
[0.01345923]
[0.013457]
[0.01345462]
[0.01346136]
[0.01346025]
[0.01346222]
[0.01346341]
[0.01345321]
[0.0134633]
[0.01345165]
[0.01347441]
[0.01345443]
[0.01345157]
[0.01345637]
[0.01345032]
[0.0134473]
[0.01346678]
[0.01345587]
[0.01345274]
[0.01345159]
[0.01345788]
[0.01345315]
[0.01344703]
[0.01345148]
[0.01347002]
[0.01344712]
[0.01344983]
[0.01345392]
[0.01345051]
[0.01345699]
[0.01344449]
[0.01345258]
[0.01345715]
[0.01344877]
[0.01345887]
[0.01345298]
[0.01345481]
[0.01343929]
[0.0134402]
[0.01345279]
[0.01344937]
[0.01345086]
[0.01345639]
[0.01346277]
[0.01345823]
[0.01346877]
[0.01345867]
[0.01346736]
[0.01345575]
[0.01345459]
[0.01343951]
[0.01346404]
[0.01345753]
[0.01346088]
[0.01345298]
[0.01345131]
[0.01345458]
[0.01345774]
[0.01347385]
[0.01345573]
[0.01346135]
[0.01345954]
[0.01346364]
[0.01345485]
[0.0134605]
[0.01345146]
[0.01345188]
[0.01345163]
[0.01345173]
[0.01345266]
[0.01345785]
[0.01345762]
[0.01345357]
[0.01345184]
[0.01346289]
[0.01345586]
[0.01346199]
[0.01345412]
[0.01346401]
[0.01344837]
[0.01344302]
[0.01345496]
[0.01344875]
[0.01345623]
[0.01346267]
[0.01345302]
[0.01345094]
[0.01345991]
[0.01344928]
[0.01345489]
[0.01345425]
[0.01345516]
[0.0134592]
[0.0134632]
[0.01344789]
[0.01345457]
[0.01345291]
[0.01345187]
[0.01345357]
[0.01345486]
[0.01345053]
[0.01345355]
[0.01344995]
[0.01344993]
[0.01346313]
[0.0134553]
[0.01346186]
[0.01344857]
[0.01345615]
[0.0134491]
[0.01346221]
[0.01345721]
[0.01345371]
[0.013445]
[0.01345528]
[0.01345472]
[0.0134562]
[0.01345249]
[0.0134598]
[0.01345136]
[0.01347262]
[0.01346474]
[0.01344126]
[0.01347322]
[0.01345686]
[0.01345894]
[0.01345517]
[0.01343184]
[0.01345511]
[0.0134541]
[0.01344832]
[0.01344154]
[0.0134571]
[0.0134423]
[0.01346047]
[0.01344636]
[0.01345259]
[0.01345809]
[0.01346224]
[0.01345159]
[0.01346085]
[0.01345642]
[0.01345052]
[0.01345438]
[0.01345976]
[0.01345471]
[0.01346374]
[0.01345936]
[0.01346489]
[0.01344424]
[0.01345232]
[0.01345589]
[0.01345627]
[0.01344785]
[0.01345642]
[0.01346106]
[0.01345269]
[0.01344275]
[0.01346983]
[0.01345768]
[0.01344971]
[0.01344894]
[0.01345351]
[0.01345499]
[0.01345087]
[0.01345176]
[0.0134637]
[0.01345072]
[0.01345155]
[0.01345955]
[0.01345594]
[0.0134462]
[0.01346005]
[0.01345543]
[0.01345202]
[0.01344952]
[0.01346297]
[0.0134549]
[0.0134563]
[0.01345571]
[0.01345263]
[0.01344833]
[0.01345085]
[0.01344797]
[0.01345585]
[0.01345751]
[0.01344961]
[0.01345922]
[0.0134668]
[0.01345243]
[0.01345732]
[0.01345124]
[0.01346622]
[0.01344702]
[0.0134504]
[0.01345947]
[0.01345153]
[0.01344834]
[0.0134508]
[0.01346134]
[0.01346445]
[0.01345332]
[0.01347202]
[0.01346117]
[0.01344882]
[0.01344719]
[0.01345305]
[0.01343176]
[0.01345935]
[0.01346085]
[0.01345458]
[0.01344427]
[0.01345445]
[0.01345273]
[0.01345374]
[0.01346672]
[0.01344938]
[0.01345937]
[0.01344584]
[0.01346138]
[0.01345075]
[0.01345813]
[0.01345182]
[0.01344567]
[0.0134528]
[0.01345037]
[0.01345448]
[0.01345891]
[0.01346099]
[0.01345205]
[0.01345027]
[0.01345019]
[0.01345191]
[0.01345121]
[0.01345556]
[0.01345545]
[0.01344424]
[0.01346441]
[0.01345056]
[0.01345416]
[0.01345548]
[0.01344643]
[0.01343846]
[0.01344924]
[0.01345494]
[0.01345704]
[0.01345085]
[0.0134505]
[0.01346582]
[0.0134521]
[0.01345049]
[0.01344956]
[0.01346156]
[0.01345612]
[0.01344536]
[0.01346083]
[0.01346168]
[0.01345234]
[0.01345418]
[0.01346139]
[0.01345285]
[0.01345687]
[0.01345322]
[0.01345981]
[0.01345668]
[0.01345974]
[0.01346138]
[0.01343865]
[0.01345715]
[0.01345151]
[0.01344905]
[0.01345967]
[0.01345874]
[0.01345221]
[0.01345611]
[0.01345135]
[0.01345232]
[0.01344895]
[0.01345857]
[0.01345494]
[0.01346771]
[0.0134638]
[0.01344981]
[0.01345316]
[0.01345717]
[0.01346158]
[0.0134545]
[0.01345241]
[0.01345069]
[0.01344928]
[0.01345843]
[0.01345122]
[0.01344565]
[0.01345263]
[0.01346022]
[0.01346281]
[0.01344992]
[0.01345137]
[0.01345776]
[0.01345986]
[0.0134562]
[0.01344761]
[0.01345607]
[0.01345707]
[0.0134559]
[0.01346613]
[0.01345676]
[0.01345367]
[0.01346474]
[0.01345859]
[0.01345243]
[0.01345097]
[0.01345906]
[0.01345287]
[0.01345782]
[0.01344882]
[0.01345593]
[0.01346344]
[0.01345647]
[0.01344857]
[0.01347106]
[0.01345643]
[0.01345676]
[0.01344534]
[0.01345639]
[0.01344713]
[0.01345333]
[0.01345282]
[0.01345849]
[0.01345896]
[0.01345787]
[0.01345481]
[0.01347717]
[0.01345847]
[0.01345171]
[0.0134481]
[0.0134584]
[0.01345142]
[0.01346032]
[0.01344108]
[0.01344826]
[0.01345618]
[0.01345612]
[0.01345236]
[0.01346043]
[0.01344707]
[0.01344713]
[0.01345722]
[0.01345886]
[0.01346604]
[0.01345161]
[0.013452]
[0.01344724]
[0.01345434]
[0.013451]
[0.01346049]
[0.01344521]
[0.01345196]
[0.01344519]
[0.01345999]
[0.01345574]
[0.0134592]
[0.0134459]
[0.0134621]
[0.0134537]
[0.01345012]
[0.01345041]
[0.01345732]
[0.01346145]
[0.01344433]
[0.01345197]
[0.01347266]
[0.01344565]
[0.01346391]
[0.01345934]
[0.01344929]
[0.0134398]
[0.01346236]
[0.01345617]
[0.0134553]
[0.01345903]
[0.01345282]
[0.01344765]
[0.01345408]
[0.01345332]
[0.01346582]
[0.01346073]
[0.01344975]
[0.01345443]
[0.01345812]
[0.01344927]
[0.01344781]
[0.01346245]
[0.01345986]
[0.0134519]
[0.01344584]
[0.01345879]
[0.01345372]
[0.01345448]
[0.0134412]
[0.0134432]
[0.01346666]
[0.01345685]
[0.01345746]
[0.01344955]
[0.0134579]
[0.01344197]
[0.01346431]
[0.01344229]
[0.01345005]
[0.01345489]
[0.01345608]
[0.01345487]
[0.0134576]
[0.01345373]
[0.01344835]
[0.01344179]
[0.01344799]
[0.01343351]
[0.01345399]
[0.01345637]
[0.01344695]
[0.0134485]
[0.01344776]
[0.0134558]
[0.01344969]
[0.01345585]
[0.01346229]
[0.01345447]
[0.01345805]
[0.0134623]
[0.013474]
[0.01344]
[0.01344418]
[0.013448]
[0.01345311]
[0.0134578]
[0.01345902]
[0.0134603]
[0.01345342]
[0.01346493]
[0.01345547]
[0.01345311]
[0.0134595]
[0.01345569]
[0.01344865]
[0.01345616]
[0.01344881]
[0.01345497]
[0.01345445]
[0.01345474]
[0.01345295]
