[-0.00099264]
[-0.00099648]
[-0.00100294]
[-0.00099775]
[-0.00099723]
[-0.00099229]
[-0.00099558]
[-0.00099889]
[-0.00099711]
[-0.0009963]
[-0.0009899]
[-0.00099876]
[-0.00099831]
[-0.0009985]
[-0.0009951]
[-0.00099451]
[-0.00099501]
[-0.00099732]
[-0.00099405]
[-0.00099561]
[-0.00099908]
[-0.0009956]
[-0.00099671]
[-0.00099781]
[-0.00099722]
[-0.00100135]
[-0.00099748]
[-0.00099583]
[-0.00099514]
[-0.00099491]
[-0.00100296]
[-0.00099714]
[-0.00099788]
[-0.00099954]
[-0.00099097]
[-0.00099882]
[-0.00099273]
[-0.00100051]
[-0.00099653]
[-0.00100447]
[-0.00100412]
[-0.00099947]
[-0.00099728]
[-0.00099458]
[-0.00099425]
[-0.00099618]
[-0.00099907]
[-0.00099867]
[-0.00099593]
[-0.00099684]
[-0.00099955]
[-0.00100251]
[-0.00100337]
[-0.00099306]
[-0.00099778]
[-0.00099429]
[-0.00099357]
[-0.00099945]
[-0.00099268]
[-0.00099263]
[-0.00100877]
[-0.00100009]
[-0.0009961]
[-0.00099482]
[-0.00099491]
[-0.00099352]
[-0.00099577]
[-0.00099899]
[-0.00099507]
[-0.00099527]
[-0.00099535]
[-0.00099723]
[-0.00100127]
[-0.0009983]
[-0.00100008]
[-0.00099851]
[-0.00099575]
[-0.00099842]
[-0.001009]
[-0.00099516]
[-0.00099507]
[-0.00099129]
[-0.00100063]
[-0.00099256]
[-0.0010005]
[-0.0009952]
[-0.00099516]
[-0.00099489]
[-0.00099249]
[-0.00099443]
[-0.00099623]
[-0.00100296]
[-0.0010022]
[-0.00100057]
[-0.00099627]
[-0.00099805]
[-0.00099841]
[-0.00099367]
[-0.00099211]
[-0.00099385]
[-0.00099865]
[-0.00099374]
[-0.00099668]
[-0.00099679]
[-0.00099745]
[-0.00099697]
[-0.00099789]
[-0.00099619]
[-0.00099789]
[-0.00099775]
[-0.00099504]
[-0.00099092]
[-0.00100013]
[-0.00099826]
[-0.00099956]
[-0.0009948]
[-0.00099747]
[-0.00099327]
[-0.00099679]
[-0.00099528]
[-0.00099695]
[-0.00099401]
[-0.00099523]
[-0.00100576]
[-0.00099602]
[-0.00099391]
[-0.00099642]
[-0.00099251]
[-0.00099766]
[-0.00099816]
[-0.00099395]
[-0.00099675]
[-0.00100105]
[-0.00099759]
[-0.00099497]
[-0.00100207]
[-0.00100053]
[-0.00099916]
[-0.00099819]
[-0.00100672]
[-0.00099399]
[-0.00099554]
[-0.00099634]
[-0.00099694]
[-0.00099595]
[-0.00099559]
[-0.00099809]
[-0.00099379]
[-0.00099411]
[-0.00099526]
[-0.00099404]
[-0.00099462]
[-0.00099545]
[-0.00099099]
[-0.00100421]
[-0.00099616]
[-0.00099321]
[-0.0009937]
[-0.00099499]
[-0.00099827]
[-0.0009947]
[-0.00099951]
[-0.00099432]
[-0.00099199]
[-0.00099785]
[-0.00099568]
[-0.00099825]
[-0.00099405]
[-0.00100071]
[-0.00099657]
[-0.00099919]
[-0.00099254]
[-0.00099379]
[-0.00099573]
[-0.00099667]
[-0.00099531]
[-0.00099132]
[-0.00099857]
[-0.00099452]
[-0.00099498]
[-0.00099541]
[-0.00099321]
[-0.00099343]
[-0.00099474]
[-0.00099452]
[-0.0009966]
[-0.00099772]
[-0.00099588]
[-0.00099656]
[-0.00099611]
[-0.00099761]
[-0.00099626]
[-0.00100298]
[-0.00099365]
[-0.00099421]
[-0.00099813]
[-0.00099792]
[-0.00099537]
[-0.00099739]
[-0.0009992]
[-0.00099541]
[-0.00101268]
[-0.00099579]
[-0.00099973]
[-0.00099351]
[-0.00099581]
[-0.00099402]
[-0.00099318]
[-0.00099087]
[-0.00099551]
[-0.00099377]
[-0.00099757]
[-0.00099965]
[-0.00099853]
[-0.00102071]
[-0.00099765]
[-0.00099542]
[-0.00100132]
[-0.00100236]
[-0.00099621]
[-0.00099733]
[-0.00099257]
[-0.00099903]
[-0.00099502]
[-0.00099589]
[-0.00099564]
[-0.00099339]
[-0.00099723]
[-0.00099415]
[-0.00099457]
[-0.00100115]
[-0.00099628]
[-0.00099793]
[-0.00100059]
[-0.00099315]
[-0.00099471]
[-0.00099562]
[-0.00100177]
[-0.00100361]
[-0.00099855]
[-0.00099526]
[-0.00099523]
[-0.00099761]
[-0.00099597]
[-0.00099693]
[-0.00099394]
[-0.00099919]
[-0.00099561]
[-0.00099586]
[-0.00099537]
[-0.00099357]
[-0.00099509]
[-0.00099433]
[-0.00099311]
[-0.00099561]
[-0.00099324]
[-0.0009961]
[-0.0009985]
[-0.00099254]
[-0.00099262]
[-0.00099515]
[-0.00099813]
[-0.00099288]
[-0.00099668]
[-0.00099771]
[-0.00100142]
[-0.00099913]
[-0.00099676]
[-0.00099465]
[-0.00100557]
[-0.00099491]
[-0.00099545]
[-0.00099683]
[-0.00099291]
[-0.00099521]
[-0.00099659]
[-0.0009992]
[-0.00099518]
[-0.00099493]
[-0.00099825]
[-0.00099616]
[-0.0009984]
[-0.00099389]
[-0.00099913]
[-0.00099647]
[-0.0009923]
[-0.00099417]
[-0.00099874]
[-0.00099419]
[-0.00099316]
[-0.00099423]
[-0.0009971]
[-0.00099749]
[-0.00100024]
[-0.00099555]
[-0.00099647]
[-0.00100074]
[-0.00099788]
[-0.00099962]
[-0.00099563]
[-0.00099525]
[-0.00099104]
[-0.00099689]
[-0.00099598]
[-0.00099538]
[-0.0009933]
[-0.00099919]
[-0.00100881]
[-0.00099541]
[-0.00099907]
[-0.00099837]
[-0.00099896]
[-0.00099559]
[-0.00099782]
[-0.00099531]
[-0.00099281]
[-0.00099535]
[-0.00098938]
[-0.00099948]
[-0.0009933]
[-0.00099352]
[-0.00099398]
[-0.00099436]
[-0.00099317]
[-0.00099162]
[-0.00100084]
[-0.00099474]
[-0.00099242]
[-0.00099506]
[-0.00099805]
[-0.00099542]
[-0.00099397]
[-0.00101013]
[-0.00099498]
[-0.00100864]
[-0.00099804]
[-0.00099659]
[-0.0009976]
[-0.00099511]
[-0.00099565]
[-0.00099477]
[-0.00099604]
[-0.00099259]
[-0.00099968]
[-0.00100004]
[-0.00099669]
[-0.00099195]
[-0.00099484]
[-0.00099523]
[-0.00100003]
[-0.00099944]
[-0.00099614]
[-0.00099874]
[-0.00099072]
[-0.00100473]
[-0.00099437]
[-0.0009929]
[-0.00099327]
[-0.00099554]
[-0.00099937]
[-0.00099626]
[-0.00099468]
[-0.0009954]
[-0.00099343]
[-0.00099263]
[-0.00099927]
[-0.00099942]
[-0.00100426]
[-0.00099646]
[-0.00099651]
[-0.00099396]
[-0.00099621]
[-0.00100046]
[-0.00099525]
[-0.00100196]
[-0.00099654]
[-0.00099919]
[-0.0009972]
[-0.00099724]
[-0.00099491]
[-0.0009961]
[-0.00099692]
[-0.00099759]
[-0.00099427]
[-0.00099413]
[-0.00099615]
[-0.00099808]
[-0.0009966]
[-0.00099832]
[-0.00099713]
[-0.00100307]
[-0.00099386]
[-0.00099772]
[-0.00099614]
[-0.00099509]
[-0.00099705]
[-0.00099285]
[-0.00099621]
[-0.00099371]
[-0.00099636]
[-0.0009926]
[-0.00099167]
[-0.00099615]
[-0.00099363]
[-0.0009996]
[-0.00099138]
[-0.00099304]
[-0.00099622]
[-0.00099684]
[-0.00099735]
[-0.00099321]
[-0.00100176]
[-0.0009948]
[-0.00099756]
[-0.00099923]
[-0.00099478]
[-0.00099575]
[-0.00099412]
[-0.0009987]
[-0.00099301]
[-0.00099794]
[-0.00099409]
[-0.00099811]
[-0.0009967]
[-0.00099871]
[-0.00100182]
[-0.00099808]
[-0.00099533]
[-0.00099605]
[-0.00099506]
[-0.0009973]
[-0.00099402]
[-0.00099929]
[-0.00099569]
[-0.00099668]
[-0.00099698]
[-0.00099333]
[-0.00099852]
[-0.0010055]
[-0.00099836]
[-0.00099541]
[-0.0009975]
[-0.00100177]
[-0.0009948]
[-0.00099988]
[-0.00099353]
[-0.00099718]
[-0.00099674]
[-0.00099341]
[-0.00099582]
[-0.00099686]
[-0.0009972]
[-0.00099761]
[-0.00099373]
[-0.00099327]
[-0.0009995]
[-0.00099577]
[-0.00099682]
[-0.0009972]
[-0.00100485]
[-0.00099403]
[-0.00099243]
[-0.00099462]
[-0.00099655]
[-0.00099605]
[-0.00099412]
[-0.0009985]
[-0.00099726]
[-0.00099779]
[-0.00099779]
[-0.00099628]
[-0.00099687]
[-0.00099783]
[-0.00099846]
[-0.00099756]
[-0.00099683]
[-0.00100031]
[-0.00099776]
[-0.00099843]
[-0.0009942]
[-0.00099722]
[-0.00099573]
[-0.00099777]
[-0.00099717]
[-0.00099589]
[-0.00099554]
[-0.0009936]
[-0.00099394]
[-0.00099738]
[-0.0009909]
[-0.00099993]
[-0.00099775]
[-0.0009968]
[-0.00099488]
[-0.00100028]
[-0.00099825]
[-0.00099999]
[-0.00099397]
[-0.00099495]
[-0.00099632]
[-0.00099766]
[-0.00099683]
[-0.00099889]
[-0.00099472]
[-0.00099712]
[-0.00099608]
[-0.00099757]
[-0.00099666]
[-0.0010007]
[-0.00099744]
[-0.00099856]
[-0.00099599]
[-0.00099662]
[-0.00099405]
[-0.00099661]
[-0.00099377]
[-0.00099883]
[-0.00099641]
[-0.00099344]
[-0.00099793]
[-0.00099413]
[-0.00099711]
[-0.00099483]
[-0.0009953]
[-0.00099811]
[-0.00099621]
[-0.0009966]
[-0.000994]
[-0.00100341]
[-0.00099429]
[-0.00099696]
[-0.00099824]
[-0.00099746]
[-0.00099701]
[-0.00100389]
[-0.00099449]
[-0.00099329]
[-0.00099579]
[-0.00099536]
[-0.0009944]
[-0.00099683]
[-0.00099852]
[-0.0010006]
[-0.00099144]
[-0.00099709]
[-0.00099623]
[-0.00099865]
[-0.00099823]
[-0.00099563]
[-0.00099841]
[-0.00099712]
[-0.00100024]
[-0.00099731]
[-0.00099811]
[-0.00099558]
[-0.00099228]
[-0.00100112]
[-0.00100591]
[-0.0010137]
[-0.00099471]
[-0.00099462]
[-0.00099505]
[-0.00099974]
[-0.00099927]
[-0.00099923]
[-0.00099402]
[-0.00099694]
[-0.00099569]
[-0.00099593]
[-0.00099858]
[-0.00099806]
[-0.00099524]
[-0.00099525]
[-0.00099773]
[-0.00099781]
[-0.00099697]
[-0.00099794]
[-0.00099612]
[-0.00099861]
[-0.00099522]
[-0.00100489]
[-0.00100058]
[-0.00099208]
[-0.00099635]
[-0.00099754]
[-0.00099247]
[-0.00099777]
[-0.00099727]
[-0.00099564]
[-0.00099491]
[-0.00100132]
[-0.00099845]
[-0.00099522]
[-0.00100191]
[-0.00099654]
[-0.00099103]
[-0.00099619]
[-0.00099663]
[-0.00099277]
[-0.0009925]
[-0.00099926]
[-0.0009967]
[-0.00099441]
[-0.0009953]
[-0.00099382]
[-0.00099721]
[-0.00099363]
[-0.0009917]
[-0.00099784]
[-0.00100207]
[-0.00099656]
[-0.00099693]
[-0.00099697]
[-0.00099312]
[-0.00099276]
[-0.00099345]
[-0.00099531]
[-0.00099859]
[-0.00099659]
[-0.00099877]
[-0.00099356]
[-0.0009997]
[-0.00099447]
[-0.00099746]
[-0.0009959]
[-0.00099392]
[-0.0009946]
[-0.00099593]
[-0.00099505]
[-0.00099916]
[-0.00099996]
[-0.00099672]
[-0.00099198]
[-0.00099141]
[-0.00099808]
[-0.00099726]
[-0.00099835]
[-0.00099707]
[-0.00100002]
[-0.00100084]
[-0.00100204]
[-0.00099626]
[-0.00099518]
[-0.00099675]
[-0.0009966]
[-0.00099903]
[-0.00099409]
[-0.00100127]
[-0.00099961]
[-0.0009918]
[-0.00099187]
[-0.00099905]
[-0.00099373]
[-0.00099448]
[-0.00099731]
[-0.00099688]
[-0.00099871]
[-0.00099577]
[-0.00100108]
[-0.00099578]
[-0.00099912]
[-0.00099826]
[-0.00099459]
[-0.00099248]
[-0.00099871]
[-0.00099587]
[-0.00099565]
[-0.00099373]
[-0.00100817]
[-0.00099315]
[-0.0009982]
[-0.00099209]
[-0.00099558]
[-0.00099797]
[-0.00099523]
[-0.00099616]
[-0.00099718]
[-0.00099956]
[-0.0009994]
[-0.00099837]
[-0.0009945]
[-0.00100062]
[-0.00099924]
[-0.00099408]
[-0.00100029]
[-0.00099385]
[-0.00100691]
[-0.00100418]
[-0.00099538]
[-0.00099071]
[-0.00099462]
[-0.00100956]
[-0.00099479]
[-0.00099616]
[-0.00099712]
[-0.00099531]
[-0.00100125]
[-0.00100052]
[-0.00099765]
[-0.00099648]
[-0.00099844]
[-0.00099674]
[-0.00100002]
[-0.00099167]
[-0.00099362]
[-0.00099885]
[-0.00099823]
[-0.00099602]
[-0.00100196]
[-0.0010028]
[-0.00099888]
[-0.00099512]
[-0.00099324]
[-0.0009941]
[-0.00099504]
[-0.00099522]
[-0.00099843]
[-0.00099625]
[-0.00099733]
[-0.00099296]
[-0.00099569]
[-0.00099664]
[-0.00099875]
[-0.00099584]
[-0.00099234]
[-0.00100621]
[-0.00100166]
[-0.00100014]
[-0.00099603]
[-0.0009942]
[-0.00099641]
[-0.00099585]
[-0.0009963]
[-0.00099877]
[-0.00100486]
[-0.00099575]
[-0.0009979]
[-0.00099343]
[-0.00100248]
[-0.0009957]
[-0.00100088]
[-0.00099337]
[-0.00100178]
[-0.00099758]
[-0.00099837]
[-0.00099975]
[-0.00100051]
[-0.00099527]
[-0.00099014]
[-0.00100425]
[-0.00099405]
[-0.00099857]
[-0.00099907]
[-0.00099703]
[-0.00099615]
[-0.00100122]
[-0.00099543]
[-0.00099092]
[-0.00099565]
[-0.000997]
[-0.0009971]
[-0.00099244]
[-0.00099966]
[-0.00100386]
[-0.00100368]
[-0.00099406]
[-0.00099869]
[-0.00100234]
[-0.00099181]
[-0.00099553]
[-0.00099622]
[-0.00099877]
[-0.00099396]
[-0.00099446]
[-0.00099661]
[-0.00099272]
[-0.00099577]
[-0.00099441]
[-0.00099346]
[-0.0009985]
[-0.00099568]
[-0.00099353]
[-0.00099177]
[-0.000992]
[-0.00099784]
[-0.00099618]
[-0.0009958]
[-0.00099532]
[-0.00099676]
[-0.00099621]
[-0.00100016]
[-0.00100345]
[-0.00100264]
[-0.00099366]
[-0.00099797]
[-0.00099345]
[-0.00100291]
[-0.00099332]
[-0.00099812]
[-0.00099707]
[-0.00099738]
[-0.00099662]
[-0.00099961]
[-0.00099422]
[-0.00099535]
[-0.00100022]
[-0.00099554]
[-0.00099796]
[-0.00100148]
[-0.00099367]
[-0.00099435]
[-0.00099488]
[-0.00099306]
[-0.00099762]
[-0.00099578]
[-0.00099178]
[-0.00099617]
[-0.00099234]
[-0.00099665]
[-0.00099476]
[-0.00099464]
[-0.00099299]
[-0.00099881]
[-0.00099874]
[-0.00099773]
[-0.00099768]
[-0.00099219]
[-0.00099408]
[-0.00100225]
[-0.00099427]
[-0.00099828]
[-0.00099894]
[-0.00100597]
[-0.00099855]
[-0.00099611]
[-0.00100061]
[-0.00099666]
[-0.00099955]
[-0.0009986]
[-0.00099046]
[-0.00099422]
[-0.00099848]
[-0.00099473]
[-0.00099755]
[-0.00099217]
[-0.00099339]
[-0.00099867]
[-0.0010002]
[-0.00099405]
[-0.00099576]
[-0.00099735]
[-0.00099504]
[-0.00099816]
[-0.0009961]
[-0.0009948]
[-0.00099466]
[-0.00100252]
[-0.0009958]
[-0.00099081]
[-0.00099194]
[-0.00099508]
[-0.00099094]
[-0.00100042]
[-0.00099969]
[-0.00099614]
[-0.00099552]
[-0.00099319]
[-0.0009961]
[-0.00100592]
[-0.00099966]
[-0.00099341]
[-0.00099708]
[-0.0009968]
[-0.00100786]
[-0.00100165]
[-0.00099646]
[-0.00099177]
[-0.00099628]
[-0.00099419]
[-0.00100137]
[-0.00099243]
[-0.00099645]
[-0.00100765]
[-0.00099944]
[-0.00099904]
[-0.00099902]
[-0.00099628]
[-0.00099732]
[-0.00099546]
[-0.00099066]
[-0.00099483]
[-0.00099788]
[-0.00099567]
[-0.00099396]
[-0.00099238]
[-0.00099684]
[-0.00099586]
[-0.0009929]
[-0.00099652]
[-0.00099865]
[-0.00099916]
[-0.00099388]
[-0.00100077]
[-0.00099792]
[-0.00099444]
[-0.00099769]
[-0.001001]
[-0.00100157]
[-0.00100262]
[-0.00099655]
[-0.00099781]
[-0.0009958]
[-0.000995]
[-0.00099758]
[-0.00100084]
[-0.00099579]
[-0.00099253]
[-0.00099828]
[-0.00099692]
[-0.00099605]
[-0.00099798]
[-0.00099934]
[-0.00099776]
[-0.00099456]
[-0.00099687]
[-0.00099482]
[-0.00099525]
[-0.00099434]
[-0.00099529]
[-0.00099762]
[-0.00100091]
[-0.00099293]
[-0.00099517]
[-0.00099787]
[-0.00099658]
[-0.00100049]
[-0.00099443]
[-0.00100283]
[-0.0009956]
[-0.00099413]
[-0.00099205]
[-0.00099553]
[-0.00099446]
[-0.00099468]
[-0.00099163]
[-0.00100115]
[-0.0009971]
[-0.00100213]
[-0.00099905]
[-0.0009913]
[-0.0010027]
[-0.00099093]
[-0.00099663]
[-0.00099227]
[-0.00099732]
[-0.00099944]
[-0.00099568]
[-0.00099653]
[-0.00099763]
[-0.00099336]
[-0.00099824]
[-0.00099474]
[-0.00099735]
[-0.00099746]
[-0.00099463]
[-0.00099762]
[-0.00099144]
[-0.00099809]
[-0.00099667]
[-0.00099536]
[-0.00099702]
[-0.00099969]
[-0.00099238]
[-0.00099387]
[-0.00099699]
[-0.00099407]
[-0.00099492]
[-0.00099687]
[-0.00099972]
[-0.00099657]
[-0.0009992]
[-0.00099514]
[-0.00099171]
[-0.00099785]
[-0.0009961]
[-0.00099273]
[-0.00099882]
[-0.00099358]
[-0.00100374]
[-0.00099648]
[-0.00100055]
[-0.00101296]
[-0.00099585]
[-0.00099606]
[-0.00099732]
[-0.00099317]
[-0.00099344]
[-0.00099501]
[-0.00099716]
[-0.00099723]
[-0.00099524]
[-0.0009991]
[-0.00099601]
[-0.00099279]
[-0.00099497]
[-0.00099504]
[-0.00099662]
[-0.00100088]
[-0.00099331]
[-0.00100635]
[-0.00099744]
[-0.00100378]
[-0.00099634]
[-0.00099593]
[-0.00099635]
[-0.00099474]
[-0.0009953]
[-0.00099662]
[-0.00099861]
[-0.00099452]
[-0.00099911]
[-0.00099452]
[-0.00099668]
[-0.00099553]
[-0.00099883]
[-0.00099867]
[-0.00100219]
[-0.00099309]
[-0.0010002]
[-0.00099359]
[-0.00099468]
[-0.00100317]
[-0.00099475]
[-0.00099538]
[-0.00099411]
[-0.00099712]
[-0.00099226]
[-0.00099561]
[-0.00099944]
[-0.0009964]
[-0.00099673]
[-0.00099711]
[-0.00099781]
[-0.00099668]
[-0.00099554]
[-0.00099459]
[-0.0009951]
[-0.0009964]
[-0.00099807]
[-0.0009944]
[-0.00100294]
[-0.00100141]
[-0.00099396]
[-0.00099622]
[-0.00099795]
[-0.00099417]
[-0.00099706]
[-0.00099946]
[-0.0009958]
[-0.00099772]
[-0.0010009]
[-0.00099656]
[-0.00099638]
[-0.00099609]
[-0.00099414]
[-0.00099416]
[-0.00099482]
[-0.00100467]
[-0.00099209]
[-0.00099491]
[-0.00099519]
[-0.00099553]
[-0.00100038]
[-0.00099389]
[-0.00099874]
[-0.00098963]
[-0.00099179]
[-0.00099567]
[-0.00099677]
[-0.00099407]
[-0.00099657]
[-0.00099604]
[-0.00099492]
[-0.00099634]
[-0.00099555]
[-0.00099511]
[-0.00099571]
[-0.00099357]
[-0.00099708]
[-0.00099474]
[-0.00099549]
[-0.00099744]
[-0.00100308]
[-0.00099701]
[-0.00100301]
[-0.00099198]
[-0.00100015]
[-0.00099418]
[-0.00100277]
[-0.00099583]
[-0.00099951]
[-0.00099481]
[-0.00099999]
[-0.00100665]
[-0.00100027]
[-0.00099548]
[-0.00099108]
[-0.00099345]
[-0.00099643]
[-0.00099551]
[-0.00099503]
[-0.00099661]
[-0.00100526]
[-0.00099086]
[-0.00099522]
[-0.000995]
[-0.00099749]
[-0.00099602]
[-0.00099287]
[-0.00099605]
[-0.00099743]
[-0.0009962]
[-0.00099893]
[-0.0009996]
[-0.00100365]
[-0.00099206]
[-0.00099825]
[-0.00099324]
[-0.00099621]
[-0.00099243]
[-0.000999]
[-0.00099631]
[-0.00099674]
[-0.00099265]
[-0.00100461]
[-0.00099559]
[-0.00099723]
[-0.00099814]
[-0.00100077]
[-0.00099684]
[-0.00099752]
[-0.00099748]
[-0.00100496]
[-0.00099645]
[-0.00099699]
[-0.00099405]
[-0.00099635]
[-0.00099441]
[-0.00099639]
[-0.0009982]
[-0.00099574]
[-0.00099498]
[-0.00099884]
[-0.00099695]
[-0.00099661]
[-0.00099554]
[-0.00099672]
[-0.00100176]
[-0.00099672]
[-0.00099859]
[-0.00098929]
[-0.00099554]
[-0.00099566]
[-0.0009973]
[-0.00099835]
[-0.00100282]
[-0.00102155]
[-0.00099788]
[-0.00099396]
[-0.00100766]
[-0.0009986]
[-0.00099927]
[-0.00099482]
[-0.00099242]
[-0.0010016]
[-0.00099705]
[-0.00099055]
[-0.00099778]
[-0.00099622]
[-0.00099801]
[-0.00099767]
[-0.00099224]
[-0.00099516]
[-0.00099577]
[-0.00099649]
[-0.00099749]
[-0.00099239]
[-0.00100048]
[-0.00099568]
[-0.00099626]
[-0.00099704]
[-0.00099658]
[-0.00099769]
[-0.00100221]
[-0.00099704]
[-0.00099703]
[-0.00099552]
[-0.00099526]
[-0.00100397]
[-0.00099681]
[-0.000997]
[-0.00099607]
[-0.00099683]
[-0.00099785]
[-0.00099118]
[-0.00099718]
[-0.00099383]
[-0.0009986]
[-0.00099764]
[-0.00100012]
[-0.0009958]
[-0.00100271]
[-0.00100415]
[-0.00100005]
[-0.00100168]
[-0.00099835]
[-0.00099879]
[-0.000997]
[-0.00099677]
[-0.0009967]
[-0.00099985]
[-0.00100066]
[-0.00099416]
[-0.00099593]
[-0.00099695]
[-0.00099829]
[-0.00099674]
[-0.0009929]
[-0.00099638]
[-0.00099795]
[-0.00099409]
[-0.00099774]
[-0.00100212]
[-0.00099616]
[-0.00099455]
[-0.00100447]
[-0.00099494]
[-0.00099834]
[-0.00099803]
[-0.00099649]
[-0.00099533]
[-0.0010006]
[-0.00100617]
[-0.00099417]
[-0.00099478]
[-0.00099233]
[-0.00100053]
[-0.00099704]
[-0.00099736]
[-0.00099513]
[-0.00099803]
[-0.00099169]
[-0.00099605]
[-0.00099367]
[-0.00099687]
[-0.00099372]
[-0.00101302]
[-0.00099579]
[-0.00099598]
[-0.00099449]
[-0.0009987]
[-0.00099375]
[-0.00099146]
[-0.00099786]
[-0.00100059]
[-0.00099969]
[-0.00099492]
[-0.00099531]
[-0.00099243]
[-0.00099716]
[-0.00099538]
[-0.00099993]
[-0.00099691]
[-0.00100082]
[-0.00099717]
[-0.00100103]
[-0.0009972]
[-0.00099827]
[-0.00099325]
[-0.00099895]
[-0.00100027]
[-0.00099618]
[-0.00099283]
[-0.00099775]
[-0.00099394]
[-0.00099279]
[-0.00099388]
[-0.00100021]
[-0.0009944]
[-0.00099673]
[-0.00099601]
[-0.00100105]
[-0.00099768]
[-0.00099643]
[-0.00100015]
[-0.00099563]
[-0.00099474]
[-0.00099757]
[-0.00099728]
[-0.00099457]
[-0.00099885]
[-0.00099842]
[-0.00099787]
[-0.00099841]
[-0.00099771]
[-0.00099671]
[-0.00099634]
[-0.000995]
[-0.00099297]
[-0.00099857]
[-0.00099277]
[-0.00099413]
[-0.00099806]
[-0.00099624]
[-0.00099741]
[-0.00099412]
[-0.00099835]
[-0.00099643]
[-0.00099755]
[-0.00099641]
[-0.00099993]
[-0.00099485]
[-0.00100192]
[-0.00099466]
[-0.00099341]
[-0.00099132]
[-0.0010064]
[-0.00099421]
[-0.00099965]
[-0.00099626]
[-0.00099888]
[-0.00100508]
[-0.00099924]
[-0.00099763]
[-0.00100007]
[-0.00099373]
[-0.00099665]
[-0.00099652]
[-0.00099422]
[-0.00099409]
[-0.00099707]
[-0.00099588]
[-0.00099166]
[-0.00099782]
[-0.00099713]
[-0.00099496]
[-0.00099538]
[-0.00099968]
[-0.00099931]
[-0.00099801]
[-0.00099839]
[-0.00099549]
[-0.00099452]
[-0.00100185]
[-0.00099382]
[-0.00100079]
[-0.00099453]
[-0.00099242]
[-0.00100255]
[-0.00099536]
[-0.00099687]
[-0.00099663]
[-0.00099612]
[-0.00100028]
[-0.00099661]
[-0.00099827]
[-0.00099088]
[-0.00099274]
[-0.00099524]
[-0.00099512]
[-0.00099737]
[-0.00099927]
[-0.0009956]
[-0.00099697]
[-0.00099514]
[-0.00099265]
[-0.00099289]
[-0.00100322]
[-0.00100112]
[-0.00099759]
[-0.00099653]
[-0.00099389]
[-0.00099618]
[-0.00099588]
[-0.00099513]
[-0.00099671]
[-0.00099485]
[-0.00099407]
[-0.00099536]
[-0.00099547]
[-0.000998]
[-0.0009949]
[-0.00099103]
[-0.00099579]
[-0.00099869]
[-0.00099977]
[-0.00099431]
[-0.00099456]
[-0.00099496]
[-0.00099688]
[-0.00099295]
[-0.00099954]
[-0.00099743]
[-0.00099981]
[-0.00099585]
[-0.00100054]
[-0.00099532]
[-0.0009986]
[-0.00099884]
[-0.00100378]
[-0.00099431]
[-0.00099835]
[-0.00099079]
[-0.00099203]
[-0.00099459]
[-0.00099552]
[-0.00100055]
[-0.00099589]
[-0.00099755]
[-0.0009951]
[-0.00099696]
[-0.00099536]
[-0.00099631]
[-0.00099269]
[-0.00099224]
[-0.00100243]
[-0.00099832]
[-0.00099347]
[-0.0009941]
[-0.00099722]
[-0.00099716]
[-0.00099395]
[-0.00099573]
[-0.00099517]
[-0.00099676]
[-0.00099397]
[-0.00099312]
[-0.00099761]
[-0.00099653]
[-0.00099548]
[-0.00099595]
[-0.00099354]
[-0.00099444]
[-0.00099927]
[-0.00099872]
[-0.0009925]
[-0.00099602]
[-0.00099305]
[-0.00099801]
[-0.00099722]
[-0.00101113]
[-0.00099502]
[-0.00099378]
[-0.00099636]
[-0.00099943]
[-0.00100338]
[-0.001006]
[-0.0009961]
[-0.00099666]
[-0.00099666]
[-0.00099836]
[-0.00099565]
[-0.00099525]
[-0.00099548]
[-0.00099975]
[-0.00100101]
[-0.00100111]
[-0.00099392]
[-0.00099483]
[-0.00099835]
[-0.00099775]
[-0.00099634]
[-0.00099857]
[-0.00099537]
[-0.00100456]
[-0.00099665]
[-0.00099663]
[-0.00099699]
[-0.0009961]
[-0.00100329]
[-0.00100113]
[-0.00099637]
[-0.00099661]
[-0.0009956]
[-0.0009977]
[-0.00099896]
[-0.00099434]
[-0.00099334]
[-0.00099723]
[-0.000996]
[-0.00099846]
[-0.00099878]
[-0.00099608]
[-0.00102382]
[-0.00099566]
[-0.00099488]
[-0.00100347]
[-0.00099517]
[-0.00099959]
[-0.00100078]
[-0.00099388]
[-0.00099398]
[-0.00099505]
[-0.00099608]
[-0.00099853]
[-0.00099101]
[-0.00100192]
[-0.00100068]
[-0.00100153]
[-0.00099781]
[-0.0009919]
[-0.00100044]
[-0.00099996]
[-0.00099699]
[-0.00099538]
[-0.00099318]
[-0.00099746]
[-0.00099265]
[-0.00099699]
[-0.00099795]
[-0.00099604]
[-0.00099774]
[-0.00099733]
[-0.00099261]
[-0.00099711]
[-0.00100323]
[-0.00099938]
[-0.00099645]
[-0.00099351]
[-0.00100429]
[-0.00099467]
[-0.00099688]
[-0.00099953]
[-0.00099912]
[-0.00099641]
[-0.00099598]
[-0.00099672]
[-0.00099698]
[-0.00099699]
[-0.00099359]
[-0.00099591]
[-0.00099656]
[-0.00099587]
[-0.00099657]
[-0.00099997]
[-0.00099614]
[-0.00099486]
[-0.0009991]
[-0.00099505]
[-0.00099358]
[-0.00099829]
[-0.00100199]
[-0.00099448]
[-0.00099397]
[-0.00100638]
[-0.0009949]
[-0.0009953]
[-0.00099607]
[-0.00099412]
[-0.00099678]
[-0.00099449]
[-0.00099858]
[-0.00100116]
[-0.00099489]
[-0.0009959]
[-0.00099598]
[-0.00099409]
[-0.00099836]
[-0.00101845]
[-0.00099393]
[-0.00099612]
[-0.00099678]
[-0.00099752]
[-0.00099737]
[-0.00100094]
[-0.00099601]
[-0.00100165]
[-0.00099748]
[-0.00099343]
[-0.00099282]
[-0.0009982]
[-0.00099059]
[-0.00099781]
[-0.00099893]
[-0.00099413]
[-0.00099217]
[-0.00099624]
[-0.00099562]
[-0.00099781]
[-0.00099614]
[-0.00099552]
[-0.00099496]
[-0.00099403]
[-0.00099482]
[-0.00099555]
[-0.00099467]
[-0.00099197]
[-0.00099803]
[-0.00099416]
[-0.00099552]
[-0.00099573]
[-0.00099875]
[-0.00099775]
[-0.00099419]
[-0.00099775]
[-0.00100469]
[-0.00099954]
[-0.00099312]
[-0.00099906]
[-0.00099861]
[-0.00099457]
[-0.00099293]
[-0.00099991]
[-0.00099768]
[-0.00099598]
[-0.00099713]
[-0.00099627]
[-0.00099246]
[-0.00099897]
[-0.00100017]
[-0.00099781]
[-0.00099589]
[-0.00099636]
[-0.00099671]
[-0.00099775]
[-0.00100045]
[-0.00099387]
[-0.00099815]
[-0.001001]
[-0.00099699]
[-0.00099729]
[-0.00099802]
[-0.00099865]
[-0.00099763]
[-0.00100331]
[-0.00099625]
[-0.00100112]
[-0.00099199]
[-0.00100129]
[-0.00099941]
[-0.00100034]
[-0.00099551]
[-0.00099833]
[-0.00100115]
[-0.00100135]
[-0.00099738]
[-0.00099698]
[-0.00099852]
[-0.00099646]
[-0.00099515]
[-0.00099899]
[-0.00099299]
[-0.00099886]
[-0.00099679]
[-0.00099465]
[-0.00099504]
[-0.00099781]
[-0.00099996]
[-0.00099489]
[-0.00099988]
[-0.00099541]
[-0.00099492]
[-0.00099577]
[-0.00099418]
[-0.00099442]
[-0.00100391]
[-0.00099189]
[-0.00099851]
[-0.00099511]
[-0.00099405]
[-0.00099916]
[-0.00100236]
[-0.00099542]
[-0.00099455]
[-0.00100487]
[-0.00099359]
[-0.00100351]
[-0.00099513]
[-0.00099487]
[-0.00099907]
[-0.00099839]
[-0.00099633]
[-0.00099564]
[-0.0009936]
[-0.00099581]
[-0.00099203]
[-0.00099312]
[-0.00099857]
[-0.00099447]
[-0.00099637]
[-0.00099628]
[-0.00099322]
[-0.00100187]
[-0.00099746]
[-0.0009948]
[-0.00099941]
[-0.00099447]
[-0.00099772]
[-0.00099934]
[-0.00099264]
[-0.00099725]
[-0.0009963]
[-0.00099904]
[-0.00099535]
[-0.00099414]
[-0.00099413]
[-0.00099296]
[-0.00099842]
[-0.00099766]
[-0.00099618]
[-0.00099595]
[-0.00099802]
[-0.00099283]
[-0.00099573]
[-0.00099197]
[-0.00099523]
[-0.00099628]
[-0.00099691]
[-0.00100119]
[-0.00099355]
[-0.00099804]
[-0.00099862]
[-0.00099206]
[-0.00099922]
[-0.00099621]
[-0.00099821]
[-0.00099813]
[-0.00099908]
[-0.00100671]
[-0.0009975]
[-0.00100008]
[-0.00099949]
[-0.00099793]
[-0.00099528]
[-0.00099516]
[-0.00099384]
[-0.00099711]
[-0.00099259]
[-0.00100025]
[-0.00100204]
[-0.00099742]
[-0.00099391]
[-0.00099565]
[-0.00099382]
[-0.00099403]
[-0.00100009]
[-0.00099647]
[-0.00100281]
[-0.00099624]
[-0.00099865]
[-0.00099303]
[-0.00099632]
[-0.00100018]
[-0.00099816]
[-0.00099929]
[-0.00099314]
[-0.00099864]
[-0.00099863]
[-0.00099644]
[-0.00099462]
[-0.00099585]
[-0.0009971]
[-0.0009943]
[-0.00100315]
[-0.00099811]
[-0.00099146]
[-0.00099571]
[-0.00099824]
[-0.00099349]
[-0.00099653]
[-0.00099911]
[-0.00099691]
[-0.00099793]
[-0.00100462]
[-0.00099873]
[-0.00100127]
[-0.00099834]
[-0.00099753]
[-0.00099795]
[-0.00099488]
[-0.00099788]
[-0.00099478]
[-0.00099566]
[-0.00099778]
[-0.00099835]
[-0.00099227]
[-0.00099543]
[-0.00099984]
[-0.00099379]
[-0.00099869]
[-0.00099507]
[-0.00100073]
[-0.00099502]
[-0.00099332]
[-0.00099573]
[-0.00099519]
[-0.00100178]
[-0.00099901]
[-0.00100511]
[-0.00099248]
[-0.00099769]
[-0.0010045]
[-0.00099393]
[-0.00099598]
[-0.00099964]
[-0.00099763]
[-0.00099733]
[-0.00099728]
[-0.00099013]
[-0.00099567]
[-0.00099929]
[-0.0009942]
[-0.0009925]
[-0.000994]
[-0.00099713]
[-0.00099676]
[-0.00099785]
[-0.00099327]
[-0.00099901]
[-0.00099572]
[-0.00099759]
[-0.00099498]
[-0.00099797]
[-0.00099295]
[-0.00099615]
[-0.00099426]
[-0.00099416]
[-0.00100011]
[-0.00100253]
[-0.00099787]
[-0.00099978]
[-0.00099565]
[-0.00099354]
[-0.00099531]
[-0.00099131]
[-0.00099437]
[-0.00099396]
[-0.0009942]
[-0.00099587]
[-0.0010013]
[-0.00099519]
[-0.00099628]
[-0.00099749]
[-0.00099295]
[-0.00099502]
[-0.0010006]
[-0.0009939]
[-0.00099717]
[-0.00099489]
[-0.00099747]
[-0.00099493]
[-0.00100052]
[-0.0009973]
[-0.00099767]
[-0.00100262]
[-0.00099498]
[-0.00099176]
[-0.00099706]
[-0.00099454]
[-0.00099707]
[-0.00099746]
[-0.00099881]
[-0.00099654]
[-0.00100015]
[-0.00100138]
[-0.00099728]
[-0.00099666]
[-0.00099488]
[-0.00099655]
[-0.00099404]
[-0.00099344]
[-0.0009973]
[-0.00099565]
[-0.00099718]
[-0.00099565]
[-0.00100882]
[-0.00099496]
[-0.00099485]
[-0.00099731]
[-0.00099222]
[-0.00099628]
[-0.00099621]
[-0.0009979]
[-0.00099696]
[-0.00099683]
[-0.00099439]
[-0.00100174]
[-0.00099744]
[-0.00100038]
[-0.00099864]
[-0.00099956]
[-0.00099612]
[-0.00099443]
[-0.0010016]
[-0.00099473]
[-0.00099906]
[-0.00100476]
[-0.00100166]
[-0.00099862]
[-0.00099309]
[-0.00099551]
[-0.00099908]
[-0.00099494]
[-0.00100225]
[-0.00099423]
[-0.00099735]
[-0.00099874]
[-0.00099561]
[-0.00100643]
[-0.00099595]
[-0.00099697]
[-0.00099605]
[-0.00099612]
[-0.00100116]
[-0.00099559]
[-0.00099776]
[-0.00099694]
[-0.00099469]
[-0.00099758]
[-0.00100018]
[-0.00099458]
[-0.00098908]
[-0.00099573]
[-0.00099711]
[-0.00099684]
[-0.00099916]
[-0.00099932]
[-0.00099927]
[-0.0009949]
[-0.00099671]
[-0.00099725]
[-0.00100024]
[-0.00099561]
[-0.00098952]
[-0.00099841]
[-0.00099589]
[-0.00099493]
[-0.00099595]
[-0.00099723]
[-0.00100502]
[-0.00099914]
[-0.00099709]
[-0.00099425]
[-0.0010018]
[-0.00099762]
[-0.00100635]
[-0.0009961]
[-0.00099458]
[-0.00099406]
[-0.00099825]
[-0.00099722]
[-0.00099394]
[-0.00099533]
[-0.00099582]
[-0.0009983]
[-0.00099166]
[-0.00099532]
[-0.00099538]
[-0.00099369]
[-0.00099693]
[-0.00099397]
[-0.0009958]
[-0.00099514]
[-0.00099459]
[-0.00099351]
[-0.00100054]
[-0.00099791]
[-0.00099681]
[-0.00099533]
[-0.0009962]
[-0.00099429]
[-0.00099663]
[-0.00099874]
[-0.0009986]
[-0.00100062]
[-0.00099451]
[-0.00099619]
[-0.00100385]
[-0.00099803]
[-0.00099788]
[-0.00099963]
[-0.00099917]
[-0.00099808]
[-0.000996]
[-0.00099665]
[-0.00099366]
[-0.00099715]
[-0.00099522]
[-0.00099757]
[-0.00100159]
[-0.00099481]
[-0.00099576]
[-0.0009986]
[-0.00099774]
[-0.00099875]
[-0.00099667]
[-0.0009949]
[-0.00099727]
[-0.00099508]
[-0.0009995]
[-0.00099598]
[-0.00099291]
[-0.00099819]
[-0.00099905]
[-0.00099283]
[-0.00099566]
[-0.00099914]
[-0.00099678]
[-0.0010026]
[-0.00099485]
[-0.00099623]
[-0.00099675]
[-0.00100107]
[-0.0009992]
[-0.00099287]
[-0.00099494]
[-0.0009946]
[-0.00099731]
[-0.00099448]
[-0.00099509]
[-0.000998]
[-0.00099585]
[-0.00099541]
[-0.00099707]
[-0.00099492]
[-0.00099417]
[-0.00099974]
[-0.00099387]
[-0.00099951]
[-0.00099479]
[-0.00099226]
[-0.00099463]
[-0.00099549]
[-0.00099697]
[-0.00099641]
[-0.00099497]
[-0.00099427]
[-0.00099521]
[-0.00099595]
[-0.00099796]
[-0.00100102]
[-0.00099944]
[-0.00099554]
[-0.00099871]
[-0.00099423]
[-0.00099464]
[-0.0009979]
[-0.00099393]
[-0.0010045]
[-0.00099832]
[-0.00099098]
[-0.0010048]
[-0.00099857]
[-0.00100681]
[-0.00099847]
[-0.00099611]
[-0.00099692]
[-0.00099276]
[-0.00099794]
[-0.00099791]
[-0.00100186]
[-0.00099222]
[-0.00099519]
[-0.00099365]
[-0.00099657]
[-0.00099523]
[-0.00099804]
[-0.00099715]
[-0.00099616]
[-0.00099429]
[-0.00099409]
[-0.00099601]
[-0.00099417]
[-0.00099961]
[-0.0009933]
[-0.00099469]
[-0.00099432]
[-0.00099207]
[-0.00100184]
[-0.00099909]
[-0.00099922]
[-0.00099677]
[-0.00099438]
[-0.0009983]
[-0.00099618]
[-0.00099335]
[-0.00100225]
[-0.00099938]
[-0.00099431]
[-0.00099672]
[-0.00101176]
[-0.00099633]
[-0.00099822]
[-0.00099746]
[-0.00099282]
[-0.00099576]
[-0.00099836]
[-0.00099798]
[-0.00099568]
[-0.00099689]
[-0.00099541]
[-0.00099494]
[-0.0010003]
[-0.00099307]
[-0.00099483]
[-0.00099389]
[-0.00099491]
[-0.00099866]
[-0.00099614]
[-0.00099804]
[-0.00100103]
[-0.00099691]
[-0.00099607]
[-0.0009934]
[-0.00099756]
[-0.00099661]
[-0.00099947]
[-0.00099552]
[-0.00099243]
[-0.00099424]
[-0.00099679]
[-0.00099873]
[-0.00099831]
[-0.00099454]
[-0.00099535]
[-0.00099858]
[-0.00099287]
[-0.0009993]
[-0.00099501]
[-0.00099815]
[-0.00100696]
[-0.00099896]
[-0.00099637]
[-0.00099861]
[-0.00099476]
[-0.00099867]
[-0.00099792]
[-0.00099735]
[-0.00099895]
[-0.00099403]
[-0.00099222]
[-0.00099999]
[-0.00101653]
[-0.00099643]
[-0.00099703]
[-0.00099807]
[-0.00099751]
[-0.00099642]
[-0.00099511]
[-0.00099371]
[-0.00099531]
[-0.00100675]
[-0.00099636]
[-0.00099975]
[-0.00100112]
[-0.00099809]
[-0.00099839]
[-0.00099488]
[-0.00099418]
[-0.00099592]
[-0.0009957]
[-0.00099691]
[-0.00099722]
[-0.00099527]
[-0.00099551]
[-0.00100647]
[-0.00099747]
[-0.00099548]
[-0.00099587]
[-0.00099511]
[-0.00099437]
[-0.00099582]
[-0.00100018]
[-0.00099487]
[-0.00099772]
[-0.00099234]
[-0.00099519]
[-0.00099638]
[-0.00099467]
[-0.00099772]
[-0.00100168]
[-0.00099572]
[-0.00099741]
[-0.00099727]
[-0.0009951]
[-0.00099719]
[-0.00099513]
[-0.00099522]
[-0.00099732]
[-0.00099326]
[-0.00099556]
[-0.00099508]
[-0.00100407]
[-0.00099302]
[-0.00100376]
[-0.00099913]
[-0.00100254]
[-0.00099414]
[-0.00099821]
[-0.00099432]
[-0.00099399]
[-0.00099666]
[-0.00099538]
[-0.00099404]
[-0.00099277]
[-0.00099283]
[-0.00099608]
[-0.00099669]
[-0.00099085]
[-0.00099951]
[-0.00099517]
[-0.00099606]
[-0.00099817]
[-0.00099836]
[-0.0009988]
[-0.00099953]
[-0.00099228]
[-0.00099608]
[-0.00099646]
[-0.00099826]
[-0.00099577]
[-0.00099794]
[-0.00099719]
[-0.00099591]
[-0.00099021]
[-0.00099835]
[-0.00099845]
[-0.00099658]
[-0.00099674]
[-0.00099593]
[-0.00100153]
[-0.00099822]
[-0.00099679]
[-0.00099946]
[-0.00099435]
[-0.00099923]
[-0.00099486]
[-0.00100399]
[-0.00100286]
[-0.00099772]
[-0.00099773]
[-0.00099566]
[-0.00099513]
[-0.00099303]
[-0.00099367]
[-0.00099365]
[-0.0009963]
[-0.00099061]
[-0.00099811]
[-0.00099522]
[-0.00100404]
[-0.00099271]
[-0.00100005]
[-0.00099677]
[-0.00099607]
[-0.00099643]
[-0.00099717]
[-0.00099383]
[-0.00098969]
[-0.00099645]
[-0.00099488]
[-0.00099397]
[-0.00099148]
[-0.00099614]
[-0.00099432]
[-0.00099618]
[-0.00099986]
[-0.00099648]
[-0.00099612]
[-0.00099525]
[-0.00099675]
[-0.00099921]
[-0.00099749]
[-0.00099786]
[-0.0009923]
[-0.00099848]
[-0.00099497]
[-0.00099496]
[-0.00099393]
[-0.00100278]
[-0.00100059]
[-0.00099686]
[-0.00099725]
[-0.00099843]
[-0.00099287]
[-0.00099604]
[-0.00100121]
[-0.00099377]
[-0.00099887]
[-0.00099581]
[-0.00099593]
[-0.0009953]
[-0.00099504]
[-0.00099126]
[-0.00099801]
[-0.00099545]
[-0.00099939]
[-0.00099829]
[-0.0009963]
[-0.00099811]
[-0.00099965]
[-0.00099636]
[-0.00099894]
[-0.00099855]
[-0.00099328]
[-0.00099746]
[-0.00099279]
[-0.00100021]
[-0.000995]
[-0.00099821]
[-0.00099447]
[-0.00099699]
[-0.00099746]
[-0.00100397]
[-0.00099418]
[-0.00099931]
[-0.00099788]
[-0.00099753]
[-0.00099308]
[-0.0009952]
[-0.00099311]
[-0.00099518]
[-0.00100399]
[-0.000991]
[-0.00099461]
[-0.00099455]
[-0.00099589]
[-0.00100902]
[-0.0009954]
[-0.00099489]
[-0.00100126]
[-0.00100717]
[-0.00099586]
[-0.00100329]
[-0.00099606]
[-0.00100428]
[-0.00099854]
[-0.00099558]
[-0.00099496]
[-0.00099636]
[-0.0009936]
[-0.00099618]
[-0.00099804]
[-0.00099638]
[-0.00099504]
[-0.00099523]
[-0.00099192]
[-0.00099379]
[-0.0009938]
[-0.0009993]
[-0.00099642]
[-0.00099472]
[-0.00099509]
[-0.00099989]
[-0.00099489]
[-0.00099401]
[-0.0009944]
[-0.00099951]
[-0.00099131]
[-0.00099577]
[-0.0009975]
[-0.00099693]
[-0.0009967]
[-0.00099655]
[-0.00100214]
[-0.00099695]
[-0.0009913]
[-0.00099775]
[-0.00099606]
[-0.00099617]
[-0.00099642]
[-0.00100051]
[-0.00099243]
[-0.00099603]
[-0.00099926]
[-0.00099667]
[-0.00099321]
[-0.00099613]
[-0.00099733]
[-0.00099325]
[-0.00099447]
[-0.00099878]
[-0.0009982]
[-0.00100107]
[-0.00099576]
[-0.00099894]
[-0.00100167]
[-0.00099305]
[-0.00099256]
[-0.00099612]
[-0.00099427]
[-0.0009983]
[-0.00099075]
[-0.00099998]
[-0.00099715]
[-0.00099314]
[-0.00099591]
[-0.00100057]
[-0.00099802]
[-0.00099473]
[-0.0009953]
[-0.00099526]
[-0.00099242]
[-0.00099378]
[-0.0009978]
[-0.00100024]
[-0.00099744]
[-0.00102284]
[-0.0009949]
[-0.0009959]
[-0.00099812]
[-0.00100187]
[-0.0009974]
[-0.00099583]
[-0.00099652]
[-0.00099334]
[-0.00100217]
[-0.00099471]
[-0.00099933]
[-0.00099326]
[-0.00099676]
[-0.00099466]
[-0.00099724]
[-0.0010016]
[-0.0009991]
[-0.00099805]
[-0.00099791]
[-0.00099537]
[-0.00099264]
[-0.00100004]
[-0.00099826]
[-0.00099763]
[-0.0009973]
[-0.00099895]
[-0.00099763]
[-0.00099882]
[-0.00100086]
[-0.00099405]
[-0.00099807]
[-0.00099495]
[-0.00099448]
[-0.00100257]
[-0.00100182]
[-0.0010004]
[-0.00099495]
[-0.00099509]
[-0.00099899]
[-0.000996]
[-0.00099374]
[-0.00099695]
[-0.00099734]
[-0.00099971]
[-0.00099519]
[-0.00099843]
[-0.00099869]
[-0.00099469]
[-0.00099567]
[-0.00099914]
[-0.00099683]
[-0.00099377]
[-0.00099613]
[-0.0009937]
[-0.00099607]
[-0.00099539]
[-0.00099609]
[-0.00099442]
[-0.00099902]
[-0.00100652]
[-0.0009944]
[-0.000995]
[-0.00099868]
[-0.00099221]
[-0.00099975]
[-0.00099638]
[-0.00099697]
[-0.00100098]
[-0.00099715]
[-0.00100008]
[-0.00099567]
[-0.00099842]
[-0.00099339]
[-0.00099372]
[-0.00099939]
[-0.00099545]
[-0.0009964]
[-0.0009948]
[-0.00099646]
[-0.00099593]
[-0.00099839]
[-0.00099933]
[-0.00099562]
[-0.0010009]
[-0.00099992]
[-0.00099659]
[-0.00099411]
[-0.00099114]
[-0.00099643]
[-0.00099954]
[-0.00099583]
[-0.00099499]
[-0.00099419]
[-0.00099875]
[-0.00099577]
[-0.00099771]
[-0.00099694]
[-0.00099233]
[-0.00099612]
[-0.00099897]
[-0.00099561]
[-0.00099507]
[-0.00099508]
[-0.00100279]
[-0.00099615]
[-0.00099762]
[-0.00099462]
[-0.00100727]
[-0.0009956]
[-0.00099573]
[-0.00099545]
[-0.00100074]
[-0.00099242]
[-0.00099463]
[-0.00099841]
[-0.00100312]
[-0.00099369]
[-0.00099944]
[-0.00099582]
[-0.00099988]
[-0.00099396]
[-0.00099592]
[-0.00099553]
[-0.00099618]
[-0.00099018]
[-0.00099409]
[-0.0009966]
[-0.00099858]
[-0.00099651]
[-0.0010005]
[-0.00099641]
[-0.00100441]
[-0.00100163]
[-0.0009931]
[-0.00099966]
[-0.00099592]
[-0.00099157]
[-0.00100182]
[-0.00099877]
[-0.00099571]
[-0.00099447]
[-0.00099265]
[-0.00099504]
[-0.00099702]
[-0.00100411]
[-0.00099662]
[-0.00099732]
[-0.00099543]
[-0.00100337]
[-0.00099768]
[-0.00100224]
[-0.00099414]
[-0.00099571]
[-0.00099422]
[-0.00100451]
[-0.0009934]
[-0.00099832]
[-0.00099757]
[-0.00099907]
[-0.00099589]
[-0.00099328]
[-0.00100023]
[-0.00099599]
[-0.00099225]
[-0.00099979]
[-0.00099135]
[-0.00099582]
[-0.00100036]
[-0.00100487]
[-0.00099269]
[-0.00099681]
[-0.00099487]
[-0.00099391]
[-0.00099774]
[-0.00099886]
[-0.00099544]
[-0.00099737]
[-0.00099587]
[-0.00099414]
[-0.00099661]
[-0.00099769]
[-0.00099494]
[-0.0009975]
[-0.00100114]
[-0.00099364]
[-0.00099298]
[-0.00099581]
[-0.00100143]
[-0.00099252]
[-0.00099851]
[-0.00099586]
[-0.00100144]
[-0.00099986]
[-0.00099237]
[-0.00099639]
[-0.00099429]
[-0.00099953]
[-0.00099712]
[-0.00100767]
[-0.00099302]
[-0.00100079]
[-0.00099767]
[-0.0009957]
[-0.00099566]
[-0.00099503]
[-0.00099657]
[-0.00099561]
[-0.00100191]
[-0.00100757]
[-0.00100315]
[-0.00102312]
[-0.00099715]
[-0.00099361]
[-0.00099945]
[-0.00099882]
[-0.00100034]
[-0.00099563]
[-0.00099735]
[-0.00099611]
[-0.00099344]
[-0.00099631]
[-0.00099528]
[-0.00099696]
[-0.00098991]
[-0.00100605]
[-0.00100113]
[-0.00100044]
[-0.00099652]
[-0.00099525]
[-0.00099507]
[-0.00099402]
[-0.0009959]
[-0.00099042]
[-0.00099876]
[-0.00099714]
[-0.00099546]
[-0.00099667]
[-0.00100176]
[-0.0009952]
[-0.00099806]
[-0.00099709]
[-0.00099607]
[-0.0009965]
[-0.0009946]
