[6.406207]
[6.399994]
[5.0153975]
[6.3984184]
[6.399613]
[6.3810534]
[6.3925]
[6.383135]
[6.3953147]
[6.392032]
[6.3962574]
[6.4053164]
[6.377606]
[6.395437]
[5.011813]
[6.3974266]
[6.377079]
[6.3896036]
[6.3996496]
[6.385787]
[6.3854876]
[6.3985586]
[6.391656]
[6.3789887]
[6.34998]
[6.3817406]
[6.354643]
[6.3822155]
[6.397771]
[6.382418]
[6.368828]
[6.384326]
[6.4012775]
[6.3734694]
[6.382026]
[6.3600774]
[6.4007006]
[6.3838415]
[6.3902893]
[6.349327]
[6.383446]
[6.393277]
[6.371792]
[6.396397]
[6.3903]
[6.3657246]
[6.397676]
[6.3936014]
[6.3962646]
[6.3692102]
[5.026987]
[6.383198]
[6.3901186]
[6.394548]
[6.3795176]
[6.3665895]
[6.3938513]
[6.385288]
[6.3640814]
[6.3701043]
[6.384079]
[6.3758125]
[6.3860745]
[6.397527]
[6.390047]
[6.395651]
[6.3894405]
[6.3878765]
[5.0137954]
[5.019234]
[6.3455095]
[6.3946524]
[6.380231]
[6.3971043]
[5.010556]
[6.4001217]
[6.3926587]
[6.3921037]
[6.380005]
[6.397766]
[6.2738533]
[6.3686447]
[6.375764]
[6.396428]
[6.372774]
[6.390328]
[6.4017477]
[6.3962684]
[6.3846817]
[6.3840213]
[6.3932924]
[6.4093986]
[6.3785353]
[6.3518534]
[6.3882113]
[6.385338]
[6.3450356]
[6.387002]
[6.3600473]
[6.39587]
[6.391188]
[6.3851905]
[6.3517056]
[6.393632]
[6.3863764]
[6.354801]
[6.350115]
[6.3425293]
[6.3871546]
[6.3800936]
[6.3820686]
[6.380739]
[6.386853]
[6.388167]
[6.388052]
[6.3800893]
[6.3786373]
[6.37825]
[6.3938694]
[6.3963084]
[6.3705797]
[6.3886914]
[6.415077]
[6.3840322]
[6.378729]
[6.392107]
[6.3434315]
[6.3933797]
[6.40193]
[6.3960752]
[6.394619]
[6.383732]
[6.3897724]
[6.351691]
[5.0006104]
[6.3881745]
[6.3854303]
[6.376833]
[6.361814]
[5.0031023]
[6.3911657]
[6.383341]
[6.379397]
[4.9984975]
[6.404514]
[6.369787]
[6.391044]
[6.377463]
[6.392312]
[6.3879004]
[5.006666]
[6.3689547]
[6.367591]
[6.3656483]
[6.39927]
[6.3876038]
[6.3922625]
[6.374774]
[6.389771]
[6.3853555]
[6.4033875]
[6.388813]
[6.385834]
[6.394106]
[6.358769]
[6.381274]
[6.3712454]
[6.401266]
[6.4002233]
[6.4137087]
[6.384308]
[6.372561]
[6.373569]
[6.398024]
[6.4006853]
[6.3892674]
[6.3856955]
[6.3815675]
[5.0098505]
[6.361537]
[6.385602]
[6.3970814]
[6.3854733]
[6.390788]
[4.9926314]
[6.376893]
[5.0243316]
[6.3742924]
[5.023287]
[6.369185]
[6.389484]
[6.396943]
[6.395975]
[6.3735905]
[6.400605]
[6.398618]
[6.38632]
[6.3674726]
[6.390855]
[6.37567]
[6.3663697]
[6.392285]
[6.3896394]
[6.3867335]
[5.0223064]
[6.3804684]
[6.3820086]
[6.3903503]
[6.392561]
[6.3712687]
[6.388449]
[6.3764987]
[6.4059477]
[6.3969393]
[6.374815]
[6.3305964]
[6.389065]
[5.016362]
[6.385433]
[6.380569]
[6.3791065]
[6.3805947]
[6.3683314]
[6.3254833]
[6.3897038]
[6.362606]
[6.388274]
[6.3888564]
[6.385955]
[6.3409777]
[6.4026184]
[6.379238]
[6.389705]
[6.3737965]
[6.3739204]
[6.4047832]
[6.364891]
[6.3934994]
[5.0127172]
[6.384823]
[6.379014]
[6.394798]
[6.3960886]
[6.3731437]
[6.4005203]
[6.3969116]
[6.397622]
[6.3776946]
[6.388179]
[6.382331]
[6.382179]
[6.3878365]
[6.379305]
[6.3907123]
[6.413603]
[6.3866634]
[6.380644]
[6.381817]
[6.3906703]
[6.388443]
[5.0157957]
[6.3813934]
[6.3613915]
[6.3874445]
[6.3925467]
[6.3751593]
[6.3756785]
[6.3899956]
[6.3897743]
[6.378103]
[6.39429]
[6.3871155]
[6.392423]
[6.327997]
[6.3874164]
[6.3778524]
[6.3919983]
[6.3788958]
[6.3879967]
[6.362485]
[6.3773527]
[6.388183]
[6.383872]
[6.39958]
[6.386754]
[6.3998137]
[6.395914]
[6.3863544]
[6.4003]
[6.3967843]
[6.395097]
[6.395234]
[6.3885903]
[6.362309]
[6.391281]
[6.3635874]
[6.4117656]
[6.388052]
[6.3849177]
[6.4034348]
[6.3883076]
[5.011647]
[5.003166]
[6.4069896]
[6.3724794]
[6.372469]
[6.394902]
[6.3666477]
[6.402198]
[6.3619986]
[6.3813562]
[6.3766837]
[6.377668]
[6.3840837]
[6.3884068]
[4.9937167]
[6.397236]
[6.392139]
[6.392199]
[4.9926295]
[6.418919]
[6.3771563]
[5.003334]
[6.383052]
[6.400462]
[6.3674016]
[6.4053993]
[6.384179]
[6.36967]
[6.381599]
[6.3835797]
[6.385703]
[6.346796]
[6.3901014]
[6.3622117]
[5.0115104]
[6.3974447]
[6.390993]
[6.3900895]
[6.408471]
[6.3772087]
[6.3954315]
[6.3965893]
[6.3896375]
[6.4003468]
[5.029767]
[6.3977947]
[6.3946385]
[6.3982296]
[6.363321]
[6.352706]
[6.393391]
[6.3718157]
[6.3923736]
[6.388452]
[6.3750687]
[6.3740473]
[6.357413]
[6.389144]
[6.381218]
[6.3487597]
[6.4105377]
[6.400728]
[6.3946285]
[6.3852015]
[6.4260817]
[6.36828]
[6.366498]
[6.395894]
[6.380422]
[6.402041]
[6.3810043]
[6.388261]
[6.389041]
[6.38286]
[6.379455]
[6.34774]
[4.9975395]
[6.398184]
[6.39482]
[6.379797]
[6.3900533]
[6.3816395]
[6.3819942]
[5.0061827]
[6.382772]
[6.388743]
[6.3774915]
[6.392753]
[6.377795]
[5.012402]
[6.374342]
[5.011908]
[6.3982744]
[6.3870006]
[6.403294]
[6.3951063]
[5.0106244]
[6.3727493]
[6.35541]
[6.38717]
[5.027117]
[6.3806]
[6.3872232]
[6.3935394]
[6.3975735]
[6.368445]
[6.3859835]
[6.395946]
[6.3839808]
[6.4004946]
[6.3862844]
[6.3861756]
[6.39369]
[6.38585]
[6.395035]
[6.375757]
[6.393357]
[6.385143]
[6.3879247]
[6.387918]
[6.3817463]
[6.3760777]
[6.372822]
[6.3939214]
[6.388334]
[6.3821244]
[6.386672]
[6.394079]
[6.3746386]
[6.3574715]
[6.386076]
[6.3596272]
[6.399665]
[6.3790913]
[6.3551702]
[6.410421]
[6.3857403]
[6.377399]
[6.400224]
[5.0277944]
[6.3766828]
[6.36138]
[6.389041]
[6.3911014]
[6.377063]
[6.357208]
[6.393694]
[6.386039]
[6.366021]
[6.3648767]
[6.384026]
[6.37829]
[5.0098553]
[6.4041758]
[6.383484]
[6.409337]
[6.3540792]
[6.350358]
[6.3903]
[6.3749604]
[6.388069]
[5.022938]
[5.0202165]
[6.384709]
[6.3964996]
[5.0065207]
[6.3802176]
[6.375807]
[6.396503]
[6.390855]
[6.3914423]
[5.017658]
[6.4088736]
[6.402384]
[6.360634]
[6.4002333]
[6.389549]
[6.4008408]
[6.3898387]
[6.4044685]
[6.363884]
[5.01226]
[6.365943]
[6.36491]
[6.3908443]
[6.391653]
[6.393418]
[6.3980618]
[6.395497]
[6.383533]
[6.3892813]
[5.015686]
[6.3844957]
[6.4024734]
[6.365494]
[6.3837867]
[6.3939705]
[6.3882313]
[6.371419]
[6.3841047]
[6.352905]
[6.371621]
[6.383088]
[6.390518]
[6.352954]
[6.3921366]
[6.382456]
[6.394231]
[6.3766527]
[6.3901224]
[6.3875713]
[6.393466]
[6.387789]
[6.3907175]
[6.3909817]
[6.3909893]
[6.383726]
[6.3608823]
[6.3812838]
[6.3886313]
[6.3943763]
[6.3968806]
[6.3863487]
[6.387888]
[6.376301]
[6.361662]
[6.362445]
[6.3949146]
[6.3880796]
[5.021087]
[6.335359]
[6.375042]
[6.4015827]
[6.4258223]
[6.372162]
[6.3885975]
[6.3736095]
[6.370186]
[5.007352]
[6.3773384]
[6.3968744]
[6.3675222]
[6.3896832]
[5.018744]
[6.3388753]
[6.400002]
[6.392056]
[6.3806753]
[6.3832555]
[6.397567]
[6.3568244]
[6.38619]
[6.3853426]
[6.3866715]
[6.403035]
[6.402075]
[6.375252]
[6.3994217]
[6.3858194]
[6.386177]
[6.3812585]
[6.3825893]
[6.299165]
[6.386197]
[6.398014]
[6.3813376]
[6.3534937]
[6.401425]
[6.3917]
[6.406883]
[6.3375835]
[6.3814545]
[6.390344]
[6.38569]
[6.39229]
[6.3921375]
[6.4173856]
[6.3919187]
[6.3506308]
[6.3837447]
[6.402359]
[6.3758893]
[6.3745294]
[5.0220327]
[6.3827987]
[6.372325]
[6.39746]
[6.3767195]
[6.354265]
[6.389061]
[6.374551]
[6.3766527]
[6.388233]
[6.345379]
[6.373453]
[6.396506]
[6.37043]
[6.3965654]
[6.3911486]
[6.3989043]
[5.010595]
[6.3993998]
[6.3882017]
[6.3784347]
[6.3693185]
[6.398694]
[5.0205646]
[6.371474]
[6.3866987]
[6.3868976]
[6.401395]
[6.356929]
[6.397839]
[6.387472]
[5.021835]
[6.3760433]
[6.4036274]
[5.0313063]
[6.395242]
[6.3729634]
[5.024328]
[6.390121]
[6.379385]
[6.403865]
[6.401725]
[6.384121]
[6.394058]
[5.010478]
[5.018572]
[6.383684]
[6.3824883]
[6.3760505]
[6.3776937]
[6.3887672]
[5.009446]
[4.9979258]
[6.3912287]
[6.3614273]
[6.3900414]
[6.39576]
[6.375987]
[6.393737]
[5.026633]
[6.376172]
[6.3897686]
[6.3796797]
[6.3819027]
[6.403715]
[6.3995056]
[6.40274]
[6.3748837]
[6.3302064]
[6.400462]
[6.410997]
[6.357231]
[6.3987007]
[5.0208097]
[6.372411]
[6.39914]
[6.395325]
[6.3894105]
[6.375102]
[6.394357]
[6.3970037]
[6.320905]
[6.3973107]
[6.360552]
[6.379449]
[6.3652124]
[6.3855386]
[5.0019526]
[6.40601]
[6.3574743]
[6.375075]
[6.39758]
[6.396094]
[6.3809586]
[6.3606443]
[6.34925]
[6.3995543]
[6.3954763]
[6.403434]
[6.3765717]
[6.389874]
[6.3822722]
[6.3950815]
[6.3831058]
[6.3892236]
[6.345561]
[6.4017525]
[5.004121]
[5.0072746]
[6.3886747]
[6.394557]
[6.38321]
[6.3854027]
[6.386487]
[6.3982058]
[6.396453]
[6.389959]
[6.3873134]
[6.3805447]
[6.3619065]
[6.384547]
[6.381936]
[6.368923]
[6.3903685]
[6.3909235]
[6.387812]
[6.3907647]
[6.3759704]
[6.381298]
[6.3634167]
[6.378124]
[6.3811846]
[6.39388]
[6.3776717]
[6.365632]
[6.352393]
[6.398074]
[6.377394]
[6.3859434]
[6.3493643]
[6.3592815]
[6.347075]
[5.015065]
[6.3968706]
[6.3727016]
[6.3909063]
[6.370102]
[6.390182]
[6.362162]
[6.38529]
[6.3942404]
[5.0144587]
[5.0154734]
[6.378513]
[6.406351]
[6.3947463]
[6.3793335]
[6.376953]
[6.387439]
[6.3715096]
[6.3980446]
[6.383373]
[6.3900204]
[6.381192]
[6.391292]
[5.002574]
[6.4033294]
[6.366]
[6.3399816]
[6.396584]
[6.378583]
[6.3620205]
[6.3969398]
[6.396905]
[6.3806586]
[6.3996325]
[6.39522]
[6.3784513]
[6.3996973]
[6.359995]
[6.388412]
[5.0102167]
[4.987296]
[6.3778734]
[5.0141826]
[6.3812404]
[5.0268173]
[6.3907623]
[6.3865347]
[6.369364]
[6.394253]
[6.3727193]
[5.010054]
[6.3930697]
[6.3751945]
[6.376948]
[6.357711]
[6.384204]
[5.0251923]
[6.3862095]
[5.0010133]
[6.391841]
[6.3863955]
[6.3877745]
[6.389821]
[6.3766193]
[6.3795886]
[6.393992]
[6.410406]
[6.4037075]
[6.363371]
[6.391301]
[6.3932414]
[6.397662]
[6.3920274]
[6.39093]
[6.3963165]
[6.392112]
[6.3884087]
[6.3936405]
[6.3968687]
[6.3748455]
[6.396147]
[6.3832893]
[6.3779354]
[5.00743]
[6.3944216]
[6.3479056]
[6.3918977]
[6.37237]
[6.3718386]
[6.3743906]
[6.395563]
[6.3751698]
[6.4026356]
[6.369936]
[6.36407]
[6.3356543]
[6.3893833]
[6.3908973]
[6.386746]
[5.0254345]
[6.3823705]
[6.385793]
[6.389216]
[6.3993134]
[6.381822]
[5.001513]
[6.4021316]
[6.4060507]
[6.389418]
[6.378736]
[6.3902397]
[6.3864055]
[6.3933744]
[6.3903246]
[6.3571606]
[6.409563]
[5.0139437]
[6.3879333]
[6.346511]
[6.411681]
[6.39675]
[6.396696]
[6.367916]
[6.386732]
[6.340224]
[6.3845825]
[6.383286]
[4.995688]
[5.0071454]
[6.329347]
[6.3698654]
[6.3974447]
[6.398477]
[6.409275]
[6.3779497]
[6.3978324]
[6.4113626]
[6.383541]
[5.0045075]
[6.3845253]
[6.3552246]
[6.365581]
[5.0279984]
[6.361927]
[6.373124]
[6.3929725]
[6.3879886]
[6.3793764]
[6.3957624]
[6.385684]
[6.374058]
[6.3998737]
[6.3754315]
[6.399923]
[6.3910728]
[6.348738]
[6.3884516]
[6.3759346]
[6.402706]
[5.024153]
[6.387334]
[6.3879395]
[6.3437]
[6.374152]
[6.344709]
[5.0046577]
[6.3782454]
[5.027058]
[6.3805327]
[6.401374]
[6.3900247]
[6.3902774]
[6.380762]
[6.3803663]
[6.365057]
[6.3890457]
[6.387578]
[6.393153]
[6.415688]
[6.389003]
[5.012535]
[6.3973403]
[6.3842287]
[6.38393]
[5.0171843]
[6.3493304]
[6.3983455]
[6.389802]
[6.385479]
[5.0100427]
[6.3941107]
[6.3918877]
[6.3998003]
[6.365573]
[6.389834]
[6.3852806]
[6.3914394]
[6.3719473]
[6.367552]
[6.394911]
[6.398372]
[6.389516]
[6.392043]
[6.3786592]
[6.3923054]
[6.3839474]
[6.397954]
[6.3964524]
[6.3926287]
[6.344731]
[6.370283]
[6.402506]
[6.3754425]
[6.3830266]
[6.3588424]
[5.0167847]
[6.408236]
[6.384339]
[6.3986235]
[6.3639545]
[6.3892]
[6.3294563]
[6.380265]
[6.372204]
[5.011944]
[6.392258]
[6.3841314]
[6.3900604]
[6.3594313]
[6.3945274]
[6.3876295]
[6.3893466]
[6.384743]
[6.3914266]
[6.380215]
[4.9992375]
[6.3896756]
[6.3992853]
[6.377629]
[6.3865786]
[6.3525696]
[6.3707333]
[5.0151367]
[5.029309]
[6.384655]
[6.3832293]
[6.3956265]
[5.01886]
[6.386411]
[6.357148]
[6.3893294]
[6.3929915]
[6.386926]
[6.3713255]
[6.3839808]
[5.018573]
[6.374672]
[6.3919606]
[6.378048]
[6.3941584]
[6.3880305]
[6.381617]
[5.0103655]
[6.3797526]
[6.3775873]
[6.390668]
[6.406537]
[6.3817315]
[6.3739343]
[6.402649]
[6.3866196]
[6.3858156]
[6.36206]
[6.3999424]
[5.0188155]
[6.378522]
[6.35048]
[5.0050893]
[6.3748794]
[6.3972745]
[6.373672]
[5.0265236]
